0 0.8234375 0.23703703703703705 0.084375 0.15925925925925927
0 0.146875 0.26296296296296295 0.08541666666666667 0.15925925925925927
0 0.5036458333333333 0.275 0.06770833333333333 0.20925925925925926
0 0.07708333333333334 0.37407407407407406 0.075 0.16296296296296298
0 0.65 0.39814814814814814 0.09375 0.17777777777777778
0 0.915625 0.4185185185185185 0.11041666666666666 0.1925925925925926
0 0.12239583333333333 0.4777777777777778 0.07395833333333333 0.12222222222222222
0 0.6614583333333334 0.49722222222222223 0.08125 0.13148148148148148
0 0.14895833333333333 0.5824074074074074 0.12291666666666666 0.1648148148148148
0 0.66875 0.6101851851851852 0.1125 0.14629629629629629
0 0.321875 0.6287037037037037 0.05 0.12037037037037036
0 0.30416666666666664 0.6990740740740741 0.07083333333333333 0.13148148148148148
0 0.29322916666666665 0.07407407407407407 0.08854166666666667 0.14814814814814814
0 0.48125 0.7509259259259259 0.09166666666666666 0.16111111111111112
0 0.196875 0.7796296296296297 0.08958333333333333 0.17407407407407408
0 0.6848958333333334 0.8592592592592593 0.071875 0.11481481481481481
0 0.4354166666666667 0.924074074074074 0.08333333333333333 0.14814814814814814
0 0.6005208333333333 0.9425925925925925 0.11354166666666667 0.1111111111111111
0 0.22916666666666666 0.1388888888888889 0.09583333333333334 0.1962962962962963
0 0.7848958333333333 0.14537037037037037 0.071875 0.19074074074074074
