0 0.696875 0.2518518518518518 0.07083333333333333 0.18888888888888888
0 0.34375 0.2916666666666667 0.09583333333333334 0.1685185185185185
0 0.5036458333333333 0.3537037037037037 0.065625 0.15925925925925927
0 0.7765625 0.4009259259259259 0.084375 0.1685185185185185
0 0.48385416666666664 0.4861111111111111 0.071875 0.1574074074074074
0 0.08333333333333333 0.4861111111111111 0.1 0.1537037037037037
0 0.2765625 0.5574074074074075 0.08645833333333333 0.16666666666666666
0 0.5322916666666667 0.5638888888888889 0.06666666666666667 0.12777777777777777
0 0.49375 0.6907407407407408 0.08125 0.17407407407407408
0 0.7015625 0.7407407407407407 0.078125 0.15925925925925927
0 0.37604166666666666 0.7564814814814815 0.06666666666666667 0.17222222222222222
0 0.4552083333333333 0.07962962962962963 0.06666666666666667 0.15925925925925927
0 0.05 0.8407407407407408 0.1 0.17037037037037037
0 0.49322916666666666 0.8870370370370371 0.09270833333333334 0.15185185185185185
0 0.2578125 0.9166666666666666 0.09270833333333334 0.15925925925925927
0 0.4354166666666667 0.9537037037037037 0.10416666666666667 0.08888888888888889
0 0.36614583333333334 0.1 0.071875 0.18888888888888888
0 0.6546875 0.17222222222222222 0.078125 0.2037037037037037
