0 0.3020833333333333 0.19537037037037036 0.06041666666666667 0.22407407407407406
0 0.32916666666666666 0.2916666666666667 0.07083333333333333 0.17592592592592593
0 0.06770833333333333 0.3416666666666667 0.09583333333333334 0.18333333333333332
0 0.06354166666666666 0.4648148148148148 0.08958333333333333 0.15925925925925927
0 0.3390625 0.475 0.09479166666666666 0.22777777777777777
0 0.078125 0.5425925925925926 0.10833333333333334 0.17777777777777778
0 0.6333333333333333 0.5898148148148148 0.058333333333333334 0.1648148148148148
0 0.7458333333333333 0.6518518518518519 0.06458333333333334 0.14074074074074075
0 0.4708333333333333 0.7064814814814815 0.07083333333333333 0.1685185185185185
0 0.94375 0.08148148148148149 0.11041666666666666 0.16296296296296298
0 0.9369791666666667 0.8407407407407408 0.096875 0.16666666666666666
0 0.3885416666666667 0.9166666666666666 0.125 0.16296296296296298