0 0.8203125 0.27037037037037037 0.053125 0.08518518518518518
0 0.9520833333333333 0.2722222222222222 0.075 0.11481481481481481
0 0.7755208333333333 0.30185185185185187 0.057291666666666664 0.12222222222222222
0 0.8854166666666666 0.3055555555555556 0.07708333333333334 0.14074074074074075
0 0.23333333333333334 0.3472222222222222 0.0625 0.12777777777777777
0 0.7973958333333333 0.3509259259259259 0.06354166666666666 0.11666666666666667
0 0.09322916666666667 0.3611111111111111 0.08229166666666667 0.16666666666666666
0 0.6255208333333333 0.36944444444444446 0.065625 0.10925925925925926
0 0.8317708333333333 0.3907407407407407 0.06979166666666667 0.10740740740740741
0 0.7609375 0.42407407407407405 0.08229166666666667 0.11851851851851852
0 0.3927083333333333 0.42962962962962964 0.05 0.1
0 0.6401041666666667 0.45555555555555555 0.053125 0.11481481481481481
0 0.4432291666666667 0.5175925925925926 0.05520833333333333 0.09814814814814815
0 0.8979166666666667 0.5277777777777778 0.07916666666666666 0.12222222222222222
0 0.23125 0.5472222222222223 0.075 0.10185185185185185
0 0.3203125 0.549074074074074 0.065625 0.10555555555555556
0 0.5114583333333333 0.6018518518518519 0.041666666666666664 0.1037037037037037
0 0.22291666666666668 0.6175925925925926 0.075 0.07962962962962963
0 0.036458333333333336 0.07592592592592592 0.07291666666666667 0.14444444444444443