0 0.6197916666666666 0.19074074074074074 0.041666666666666664 0.11851851851851852
0 0.5260416666666666 0.24537037037037038 0.0375 0.10555555555555556
0 0.721875 0.25462962962962965 0.041666666666666664 0.11296296296296296
0 0.43645833333333334 0.27037037037037037 0.035416666666666666 0.11851851851851852
0 0.384375 0.275 0.035416666666666666 0.11296296296296296
0 0.8604166666666667 0.2814814814814815 0.075 0.1111111111111111
0 0.765625 0.3296296296296296 0.07291666666666667 0.1
0 0.38958333333333334 0.33611111111111114 0.03958333333333333 0.10925925925925926
0 0.27708333333333335 0.36944444444444446 0.06041666666666667 0.1388888888888889
0 0.41822916666666665 0.37037037037037035 0.03229166666666667 0.08148148148148149
0 0.6276041666666666 0.37407407407407406 0.051041666666666666 0.1037037037037037
0 0.8869791666666667 0.4046296296296296 0.090625 0.10185185185185185
0 0.18802083333333333 0.4101851851851852 0.06770833333333333 0.09814814814814815
0 0.4635416666666667 0.41759259259259257 0.03333333333333333 0.10555555555555556
0 0.34322916666666664 0.425 0.042708333333333334 0.10185185185185185
0 0.74375 0.48333333333333334 0.04583333333333333 0.08518518518518518
0 0.35833333333333334 0.49166666666666664 0.04583333333333333 0.09444444444444444
0 0.2125 0.5203703703703704 0.09166666666666666 0.1111111111111111
0 0.4036458333333333 0.562037037037037 0.053125 0.09814814814814815
0 0.6416666666666667 0.637962962962963 0.06041666666666667 0.09814814814814815
0 0.3375 0.6407407407407407 0.06458333333333334 0.1037037037037037
0 0.41458333333333336 0.6462962962962963 0.05625 0.1111111111111111
0 0.071875 0.6851851851851852 0.10833333333333334 0.1
0 0.2786458333333333 0.6953703703703704 0.08020833333333334 0.09444444444444444
0 0.6442708333333333 0.7074074074074074 0.053125 0.07407407407407407
0 0.28802083333333334 0.7842592592592592 0.06770833333333333 0.09814814814814815
0 0.5921875 0.09259259259259259 0.04895833333333333 0.12222222222222222
0 0.45625 0.12037037037037036 0.025 0.14074074074074075