0 0.8744791666666667 0.18518518518518517 0.036458333333333336 0.05555555555555555
0 0.28541666666666665 0.18611111111111112 0.041666666666666664 0.06851851851851852
0 0.8729166666666667 0.23148148148148148 0.03958333333333333 0.04814814814814815
0 0.8484375 0.25555555555555554 0.036458333333333336 0.05555555555555555
0 0.8229166666666666 0.30833333333333335 0.04583333333333333 0.05740740740740741
0 0.9802083333333333 0.03333333333333333 0.0375 0.06666666666666667
0 0.9588541666666667 0.33611111111111114 0.05520833333333333 0.05
0 0.9276041666666667 0.36203703703703705 0.046875 0.05
0 0.9697916666666667 0.37962962962962965 0.05 0.07407407407407407
0 0.05625 0.3972222222222222 0.020833333333333332 0.03518518518518519
0 0.06145833333333333 0.4425925925925926 0.035416666666666666 0.040740740740740744
0 0.07604166666666666 0.487962962962963 0.0375 0.03518518518518519
0 0.8645833333333334 0.4962962962962963 0.04791666666666667 0.05555555555555555
0 0.058333333333333334 0.5092592592592593 0.03333333333333333 0.037037037037037035
0 0.3421875 0.5287037037037037 0.026041666666666668 0.03888888888888889
0 0.7791666666666667 0.5944444444444444 0.041666666666666664 0.05555555555555555
0 0.8104166666666667 0.5962962962962963 0.029166666666666667 0.06296296296296296
0 0.9588541666666667 0.6046296296296296 0.06145833333333333 0.04259259259259259
0 0.9197916666666667 0.6398148148148148 0.0625 0.04259259259259259
0 0.5458333333333333 0.06481481481481481 0.025 0.05925925925925926
0 0.8661458333333333 0.6564814814814814 0.051041666666666666 0.046296296296296294
0 0.8921875 0.6842592592592592 0.034375 0.03148148148148148
0 0.9083333333333333 0.7083333333333334 0.04375 0.04259259259259259
0 0.3489583333333333 0.7342592592592593 0.027083333333333334 0.05
0 0.6661458333333333 0.7407407407407407 0.028125 0.03333333333333333
0 0.5020833333333333 0.7444444444444445 0.0375 0.09259259259259259
0 0.2921875 0.762962962962963 0.021875 0.040740740740740744
0 0.5484375 0.7638888888888888 0.036458333333333336 0.053703703703703705
0 0.1453125 0.7777777777777778 0.04479166666666667 0.04814814814814815
0 0.6604166666666667 0.7805555555555556 0.029166666666666667 0.03518518518518519
0 0.2484375 0.7888888888888889 0.03854166666666667 0.05555555555555555
0 0.36875 0.7925925925925926 0.029166666666666667 0.04814814814814815
0 0.0671875 0.8046296296296296 0.04479166666666667 0.03888888888888889
0 0.6098958333333333 0.8379629629629629 0.03229166666666667 0.04259259259259259
0 0.06510416666666667 0.8379629629629629 0.04895833333333333 0.03888888888888889
0 0.6692708333333334 0.8583333333333333 0.03229166666666667 0.05740740740740741
0 0.11614583333333334 0.8768518518518519 0.053125 0.05
0 0.06770833333333333 0.09537037037037037 0.03125 0.07222222222222222
0 0.8651041666666667 0.9490740740740741 0.057291666666666664 0.05740740740740741
0 0.4046875 0.9685185185185186 0.021875 0.04814814814814815
0 0.27760416666666665 0.975925925925926 0.028125 0.040740740740740744
0 0.25 0.9861111111111112 0.0375 0.024074074074074074
0 0.18854166666666666 0.10092592592592593 0.03125 0.07222222222222222
