0 0.86875 0.1962962962962963 0.03958333333333333 0.05185185185185185
0 0.8708333333333333 0.2351851851851852 0.0375 0.044444444444444446
0 0.8510416666666667 0.2638888888888889 0.03333333333333333 0.046296296296296294
0 0.828125 0.32592592592592595 0.03958333333333333 0.06666666666666667
0 0.959375 0.3398148148148148 0.03958333333333333 0.04259259259259259
0 0.9364583333333333 0.36203703703703705 0.04791666666666667 0.053703703703703705
0 0.9703125 0.3861111111111111 0.046875 0.07222222222222222
0 0.0640625 0.3962962962962963 0.023958333333333335 0.037037037037037035
0 0.07604166666666666 0.4351851851851852 0.041666666666666664 0.04814814814814815
0 0.9760416666666667 0.04537037037037037 0.04583333333333333 0.09074074074074075
0 0.0859375 0.47962962962962963 0.051041666666666666 0.025925925925925925
0 0.06927083333333334 0.49907407407407406 0.04479166666666667 0.04259259259259259
0 0.8734375 0.5046296296296297 0.03854166666666667 0.06111111111111111
0 0.34270833333333334 0.5416666666666666 0.020833333333333332 0.06111111111111111
0 0.7770833333333333 0.612037037037037 0.041666666666666664 0.03888888888888889
0 0.8057291666666667 0.6175925925925926 0.034375 0.046296296296296294
0 0.9708333333333333 0.6277777777777778 0.04791666666666667 0.05925925925925926
0 0.5453125 0.06481481481481481 0.019791666666666666 0.05925925925925926
0 0.9177083333333333 0.6574074074074074 0.04791666666666667 0.04814814814814815
0 0.8796875 0.6601851851851852 0.036458333333333336 0.03148148148148148
0 0.9067708333333333 0.7027777777777777 0.040625 0.03518518518518519
0 0.3572916666666667 0.7388888888888889 0.04375 0.04814814814814815
0 0.6677083333333333 0.7453703703703703 0.025 0.03518518518518519
0 0.496875 0.7537037037037037 0.022916666666666665 0.05925925925925926
0 0.2921875 0.7592592592592593 0.030208333333333334 0.04814814814814815
0 0.14895833333333333 0.7666666666666667 0.04791666666666667 0.07037037037037037
0 0.5442708333333334 0.7796296296296297 0.028125 0.05555555555555555
0 0.6640625 0.7851851851851852 0.023958333333333335 0.037037037037037035
0 0.36822916666666666 0.7861111111111111 0.042708333333333334 0.05
0 0.2552083333333333 0.7907407407407407 0.04583333333333333 0.06296296296296296
0 0.0671875 0.8037037037037037 0.04479166666666667 0.04814814814814815
0 0.0703125 0.837037037037037 0.04479166666666667 0.025925925925925925
0 0.6192708333333333 0.85 0.03229166666666667 0.040740740740740744
0 0.66875 0.8583333333333333 0.029166666666666667 0.04259259259259259
0 0.1171875 0.8712962962962963 0.04479166666666667 0.04259259259259259
0 0.07447916666666667 0.09444444444444444 0.042708333333333334 0.07037037037037037
0 0.8640625 0.9629629629629629 0.05520833333333333 0.06666666666666667
0 0.18802083333333333 0.10092592592592593 0.034375 0.06481481481481481
0 0.28020833333333334 0.1787037037037037 0.03333333333333333 0.06851851851851852
