0 0.8609375 0.21944444444444444 0.040625 0.05
0 0.8578125 0.2935185185185185 0.04479166666666667 0.046296296296296294
0 0.024479166666666666 0.02962962962962963 0.036458333333333336 0.05925925925925926
0 0.846875 0.3712962962962963 0.041666666666666664 0.06481481481481481
0 0.9375 0.38333333333333336 0.04375 0.05555555555555555
0 0.09270833333333334 0.38425925925925924 0.029166666666666667 0.03888888888888889
0 0.9619791666666667 0.3925925925925926 0.034375 0.05555555555555555
0 0.09583333333333334 0.41759259259259257 0.035416666666666666 0.046296296296296294
0 0.10052083333333334 0.46574074074074073 0.030208333333333334 0.03518518518518519
0 0.0875 0.4898148148148148 0.0375 0.04259259259259259
0 0.5473958333333333 0.053703703703703705 0.021875 0.06666666666666667
0 0.8828125 0.5518518518518518 0.046875 0.06666666666666667
0 0.34479166666666666 0.5675925925925925 0.035416666666666666 0.06851851851851852
0 0.9802083333333333 0.06481481481481481 0.0375 0.07777777777777778
0 0.7984375 0.6574074074074074 0.05520833333333333 0.05555555555555555
0 0.8807291666666667 0.6768518518518518 0.03229166666666667 0.03518518518518519
0 0.9666666666666667 0.6842592592592592 0.05 0.05
0 0.8921875 0.7027777777777777 0.046875 0.03518518518518519
0 0.1578125 0.7324074074074074 0.040625 0.046296296296296294
0 0.9057291666666667 0.7342592592592593 0.042708333333333334 0.04259259259259259
0 0.38125 0.7472222222222222 0.0375 0.05
0 0.31614583333333335 0.7574074074074074 0.028125 0.05555555555555555
0 0.18177083333333333 0.07592592592592592 0.03854166666666667 0.07407407407407407
0 0.6848958333333334 0.7777777777777778 0.028125 0.02962962962962963
0 0.09114583333333333 0.7898148148148149 0.051041666666666666 0.03518518518518519
0 0.49270833333333336 0.7925925925925926 0.029166666666666667 0.05925925925925926
0 0.2713541666666667 0.7953703703703704 0.03854166666666667 0.05740740740740741
0 0.39739583333333334 0.8092592592592592 0.036458333333333336 0.05555555555555555
0 0.5348958333333333 0.812962962962963 0.034375 0.07407407407407407
0 0.684375 0.8203703703703704 0.027083333333333334 0.04814814814814815
0 0.08958333333333333 0.8296296296296296 0.05416666666666667 0.03333333333333333
0 0.09270833333333334 0.08611111111111111 0.0375 0.053703703703703705
0 0.13229166666666667 0.8601851851851852 0.04791666666666667 0.046296296296296294
0 0.6416666666666667 0.8805555555555555 0.029166666666666667 0.05740740740740741
0 0.6901041666666666 0.9046296296296297 0.034375 0.06481481481481481
0 0.31666666666666665 0.9722222222222222 0.03125 0.05185185185185185
0 0.8828125 0.9731481481481481 0.03229166666666667 0.046296296296296294
0 0.24375 0.9731481481481481 0.03125 0.05
0 0.27239583333333334 0.1537037037037037 0.03229166666666667 0.05555555555555555
