0 0.22083333333333333 0.032407407407407406 0.029166666666666667 0.06481481481481481
0 0.9276041666666667 0.3731481481481482 0.03854166666666667 0.05
0 0.83125 0.37777777777777777 0.0375 0.037037037037037035
0 0.1953125 0.37962962962962965 0.030208333333333334 0.04814814814814815
0 0.2 0.42407407407407405 0.03333333333333333 0.05185185185185185
0 0.9635416666666666 0.43425925925925923 0.04375 0.053703703703703705
0 0.19479166666666667 0.47962962962962963 0.04791666666666667 0.04814814814814815
0 0.1796875 0.5 0.040625 0.040740740740740744
0 0.10885416666666667 0.05277777777777778 0.04479166666666667 0.06481481481481481
0 0.8770833333333333 0.5203703703703704 0.03333333333333333 0.05555555555555555
0 0.9619791666666667 0.5407407407407407 0.040625 0.040740740740740744
0 0.9083333333333333 0.5648148148148148 0.05416666666666667 0.04814814814814815
0 0.971875 0.5648148148148148 0.04583333333333333 0.037037037037037035
0 0.04635416666666667 0.6453703703703704 0.051041666666666666 0.03518518518518519
0 0.050520833333333334 0.6768518518518518 0.03854166666666667 0.04259259259259259
0 0.190625 0.6842592592592592 0.041666666666666664 0.05
0 0.34375 0.7074074074074074 0.027083333333333334 0.07037037037037037
0 0.8901041666666667 0.7490740740740741 0.023958333333333335 0.03518518518518519
0 0.9432291666666667 0.75 0.046875 0.06666666666666667
0 0.36770833333333336 0.7601851851851852 0.03333333333333333 0.046296296296296294
0 0.1625 0.7685185185185185 0.03333333333333333 0.037037037037037035
0 0.896875 0.7768518518518519 0.04375 0.024074074074074074
0 0.39895833333333336 0.8055555555555556 0.029166666666666667 0.03333333333333333
0 0.7046875 0.8083333333333333 0.03229166666666667 0.04259259259259259
0 0.89375 0.8157407407407408 0.04583333333333333 0.04259259259259259
0 0.15729166666666666 0.8240740740740741 0.0375 0.04814814814814815
0 0.4869791666666667 0.837037037037037 0.034375 0.05185185185185185
0 0.20989583333333334 0.8388888888888889 0.03854166666666667 0.05185185185185185
0 0.8046875 0.8490740740740741 0.040625 0.053703703703703705
0 0.3463541666666667 0.8851851851851852 0.030208333333333334 0.04814814814814815
0 0.4947916666666667 0.9027777777777778 0.03333333333333333 0.05740740740740741
0 0.9796875 0.9296296296296296 0.03854166666666667 0.06296296296296296
0 0.23385416666666667 0.9351851851851852 0.023958333333333335 0.04814814814814815
0 0.1828125 0.1111111111111111 0.040625 0.06666666666666667
0 0.9328125 0.12685185185185185 0.028125 0.03148148148148148
0 0.9119791666666667 0.175 0.036458333333333336 0.07222222222222222
