0 0.09322916666666667 0.19537037037037036 0.11145833333333334 0.21296296296296297
0 0.5572916666666666 0.19907407407407407 0.04791666666666667 0.19444444444444445
0 0.171875 0.2111111111111111 0.058333333333333334 0.24074074074074073
0 0.6192708333333333 0.21851851851851853 0.065625 0.1962962962962963
0 0.8666666666666667 0.22037037037037038 0.07083333333333333 0.14074074074074075
0 0.47239583333333335 0.25277777777777777 0.053125 0.22777777777777777
0 0.24739583333333334 0.2611111111111111 0.065625 0.16296296296296298
0 0.34322916666666664 0.27870370370370373 0.06145833333333333 0.21296296296296297
0 0.8817708333333333 0.2851851851851852 0.09270833333333334 0.23333333333333334
0 0.7239583333333334 0.2898148148148148 0.08333333333333333 0.1648148148148148
0 0.8317708333333333 0.3472222222222222 0.109375 0.20925925925925926
0 0.796875 0.3787037037037037 0.10625 0.17222222222222222
0 0.7151041666666667 0.38796296296296295 0.065625 0.19074074074074074
0 0.5994791666666667 0.4222222222222222 0.06145833333333333 0.17037037037037037
0 0.7234375 0.5259259259259259 0.084375 0.16666666666666666
0 0.6223958333333334 0.8101851851851852 0.065625 0.22037037037037038
0 0.884375 0.8111111111111111 0.10625 0.17037037037037037
0 0.47552083333333334 0.08518518518518518 0.057291666666666664 0.17037037037037037
0 0.3953125 0.0962962962962963 0.059375 0.1925925925925926
0 0.5760416666666667 0.10092592592592593 0.04791666666666667 0.1648148148148148
0 0.2869791666666667 0.12222222222222222 0.06770833333333333 0.17777777777777778
0 0.9255208333333333 0.1287037037037037 0.053125 0.18333333333333332
0 0.3494791666666667 0.13240740740740742 0.06145833333333333 0.23148148148148148
0 0.6270833333333333 0.14074074074074075 0.058333333333333334 0.17777777777777778
0 0.5229166666666667 0.17407407407407408 0.041666666666666664 0.2
0 0.22291666666666668 0.1787037037037037 0.0625 0.19814814814814816
