0 0.9015625 0.2 0.11145833333333334 0.21481481481481482
0 0.09427083333333333 0.20185185185185187 0.13229166666666667 0.1925925925925926
0 0.96875 0.24444444444444444 0.06041666666666667 0.2
0 0.3458333333333333 0.275 0.06875 0.19814814814814816
0 0.24427083333333333 0.28425925925925927 0.07395833333333333 0.18333333333333332
0 0.6015625 0.3111111111111111 0.059375 0.2074074074074074
0 0.7645833333333333 0.3435185185185185 0.06041666666666667 0.18333333333333332
0 0.7088541666666667 0.36944444444444446 0.07604166666666666 0.20185185185185187
0 0.5541666666666667 0.4287037037037037 0.09375 0.22037037037037038
0 0.8979166666666667 0.462037037037037 0.125 0.20185185185185187
0 0.7270833333333333 0.5222222222222223 0.09375 0.15925925925925927
0 0.8854166666666666 0.8083333333333333 0.10625 0.19074074074074074
0 0.47604166666666664 0.08703703703703704 0.07083333333333333 0.17407407407407408
0 0.85625 0.10092592592592593 0.08958333333333333 0.18703703703703703
0 0.35 0.10925925925925926 0.06041666666666667 0.21851851851851853
0 0.2890625 0.1259259259259259 0.078125 0.2074074074074074
0 0.8328125 0.16296296296296298 0.08854166666666667 0.2037037037037037
0 0.2171875 0.18425925925925926 0.103125 0.21296296296296297
