0 0.6557291666666667 0.18796296296296297 0.06145833333333333 0.20185185185185187
0 0.09427083333333333 0.20462962962962963 0.12604166666666666 0.19074074074074074
0 0.6067708333333334 0.2074074074074074 0.096875 0.1962962962962963
0 0.8182291666666667 0.22870370370370371 0.09270833333333334 0.19814814814814816
0 0.23958333333333334 0.27314814814814814 0.07083333333333333 0.17592592592592593
0 0.33229166666666665 0.29259259259259257 0.07708333333333334 0.2
0 0.728125 0.5342592592592592 0.08958333333333333 0.1425925925925926
0 0.6109375 0.6916666666666667 0.08229166666666667 0.09444444444444444
0 0.8802083333333334 0.8046296296296296 0.1125 0.17222222222222222
0 0.46770833333333334 0.08333333333333333 0.0625 0.16666666666666666
0 0.6276041666666666 0.8379629629629629 0.08229166666666667 0.2462962962962963
0 0.34427083333333336 0.10277777777777777 0.07395833333333333 0.20555555555555555
0 0.8307291666666666 0.11574074074074074 0.071875 0.21666666666666667
0 0.27708333333333335 0.13425925925925927 0.06875 0.17222222222222222
0 0.203125 0.16574074074074074 0.08125 0.17592592592592593
