0 0.6578125 0.1962962962962963 0.059375 0.21481481481481482
0 0.09010416666666667 0.20185185185185187 0.12395833333333334 0.18518518518518517
0 0.59375 0.20555555555555555 0.08125 0.21851851851851853
0 0.8223958333333333 0.23055555555555557 0.096875 0.20555555555555555
0 0.240625 0.2851851851851852 0.07916666666666666 0.1925925925925926
0 0.33229166666666665 0.2861111111111111 0.06875 0.18703703703703703
0 0.725 0.5398148148148149 0.09791666666666667 0.14629629629629629
0 0.615625 0.6611111111111111 0.07708333333333334 0.1
0 0.8869791666666667 0.8018518518518518 0.096875 0.14074074074074075
0 0.625 0.8083333333333333 0.07083333333333333 0.20555555555555555
0 0.46875 0.08425925925925926 0.06458333333333334 0.1685185185185185
0 0.346875 0.1 0.0625 0.2
0 0.8338541666666667 0.10555555555555556 0.06354166666666666 0.2
0 0.26979166666666665 0.12407407407407407 0.07083333333333333 0.17777777777777778
0 0.21458333333333332 0.1814814814814815 0.09791666666666667 0.2037037037037037
