0 0.11197916666666667 0.2361111111111111 0.046875 0.10555555555555556
0 0.0484375 0.2898148148148148 0.04895833333333333 0.11666666666666667
0 0.4786458333333333 0.30833333333333335 0.08229166666666667 0.2462962962962963
0 0.8708333333333333 0.31203703703703706 0.07708333333333334 0.19074074074074074
0 0.6572916666666667 0.5842592592592593 0.10208333333333333 0.26851851851851855
0 0.49583333333333335 0.06111111111111111 0.035416666666666666 0.12222222222222222
0 0.39375 0.062037037037037036 0.04583333333333333 0.12407407407407407
0 0.2625 0.7046296296296296 0.10416666666666667 0.17962962962962964
0 0.8078125 0.7555555555555555 0.084375 0.17777777777777778
0 0.5140625 0.8101851851851852 0.11145833333333334 0.1648148148148148
0 0.0859375 0.8777777777777778 0.08645833333333333 0.09259259259259259
