0 0.11510416666666666 0.2037037037037037 0.057291666666666664 0.16666666666666666
0 0.04895833333333333 0.30185185185185187 0.06041666666666667 0.17407407407407408
0 0.8817708333333333 0.33055555555555555 0.071875 0.17592592592592593
0 0.4609375 0.34444444444444444 0.059375 0.23703703703703705
0 0.6505208333333333 0.5861111111111111 0.09270833333333334 0.2537037037037037
0 0.5609375 0.06018518518518518 0.042708333333333334 0.12037037037037036
0 0.028125 0.6240740740740741 0.05625 0.1814814814814815
0 0.7807291666666667 0.06851851851851852 0.06354166666666666 0.13703703703703704
0 0.24479166666666666 0.7166666666666667 0.1 0.15925925925925927
0 0.5213541666666667 0.7407407407407407 0.057291666666666664 0.16666666666666666
0 0.79375 0.7666666666666667 0.08125 0.18518518518518517
0 0.925 0.10462962962962963 0.07291666666666667 0.18333333333333332