0 0.20052083333333334 0.21851851851851853 0.040625 0.1259259259259259
0 0.11354166666666667 0.24166666666666667 0.058333333333333334 0.1537037037037037
0 0.7125 0.37407407407407406 0.0625 0.15925925925925927
0 0.3177083333333333 0.3861111111111111 0.058333333333333334 0.09814814814814815
0 0.6989583333333333 0.45925925925925926 0.07291666666666667 0.16666666666666666
0 0.4703125 0.4685185185185185 0.04479166666666667 0.11481481481481481
0 0.309375 0.5333333333333333 0.05625 0.0962962962962963
0 0.8572916666666667 0.5435185185185185 0.09166666666666666 0.1648148148148148
0 0.4015625 0.1685185185185185 0.040625 0.14074074074074075
0 0.14895833333333333 0.18333333333333332 0.058333333333333334 0.13703703703703704
