0 0.49391406250000003 0.33666666666666667 0.0337578125 0.13095833333333334
0 0.9296796875 0.23238888888888887 0.034640625 0.12559722222222222
0 0.84184375 0.6026388888888888 0.0454375 0.1655
0 0.588671875 0.17495833333333333 0.02609375 0.098375
0 0.9407265625000001 0.3280138888888889 0.04209375 0.14518055555555556
0 0.8543125 0.7626666666666667 0.0512734375 0.17656944444444445
0 0.576 0.6569444444444444 0.0436953125 0.16422222222222221
0 0.553734375 0.8923194444444444 0.03675 0.15813888888888888
0 0.6231640625 0.777888888888889 0.044101562500000004 0.15216666666666667
0 0.116046875 0.7211666666666667 0.051140624999999995 0.18845833333333334
0 0.9113749999999999 0.5014861111111111 0.039554687500000005 0.16006944444444443
0 0.10589843750000001 0.9096944444444445 0.059476562499999996 0.17066666666666666
0 0.9020703125 0.1337361111111111 0.034640625 0.12536111111111112
0 0.38268749999999996 0.14790277777777777 0.025984374999999997 0.12170833333333332
0 0.6183671875 0.089875 0.03603125 0.10865277777777778
0 0.2174375 0.027444444444444445 0.030125000000000002 0.05490277777777778
0 0.985375 0.30775 0.0292578125 0.1300138888888889
0 0.7305937499999999 0.09763888888888889 0.0259296875 0.12109722222222222
0 0.5347500000000001 0.25545833333333334 0.035875000000000004 0.14555555555555555
0 0.6295078125 0.3681388888888889 0.0373359375 0.13416666666666666
0 0.40226562499999996 0.315375 0.031156250000000003 0.13419444444444445
0 0.37140625 0.436625 0.0390390625 0.16426388888888888
0 0.663546875 0.0626111111111111 0.0243828125 0.07711111111111112
0 0.139484375 0.029875000000000002 0.031757812499999996 0.05973611111111111
0 0.4843046875 0.0819861111111111 0.027078124999999998 0.11372222222222221
0 0.32065625 0.4341111111111111 0.0490390625 0.1641527777777778
0 0.4596796875 0.11045833333333334 0.0290390625 0.11702777777777779
0 0.1916953125 0.5158611111111111 0.0326484375 0.1426388888888889
0 0.9905703125 0.19741666666666666 0.018859375 0.11645833333333333
0 0.4291953125 0.10537500000000001 0.0237578125 0.11943055555555555
0 0.25500781250000004 0.01786111111111111 0.02253125 0.03572222222222222
0 0.9561718750000001 0.017388888888888888 0.028828125 0.03476388888888889
0 0.8785859374999999 0.09215277777777776 0.026023437500000003 0.11159722222222221
0 0.507140625 0.05423611111111111 0.0230390625 0.10044444444444443
0 0.3169375 0.31940277777777776 0.040234375 0.08895833333333333
0 0.71040625 0.05116666666666667 0.0258125 0.09952777777777777
0 0.675734375 0.04134722222222222 0.020828125 0.08101388888888889
0 0.05375 0.15593055555555554 0.039265625 0.15336111111111111
0 0.22509375 0.4654583333333333 0.02634375 0.059666666666666666
0 0.25179687500000003 0.5233472222222222 0.0401015625 0.13144444444444445
0 0.8585234375 0.09602777777777778 0.0184296875 0.09994444444444443
0 0.046859374999999995 0.1103611111111111 0.0236015625 0.09974999999999999
0 0.5425234375 0.017416666666666667 0.0295390625 0.034833333333333334
0 0.21989062499999998 0.5357222222222222 0.0433359375 0.15241666666666667
0 0.0073437500000000005 0.5656666666666667 0.014515624999999999 0.14543055555555554
0 0.9925390625 0.008722222222222223 0.01490625 0.017
0 0.6310781249999999 0.057791666666666665 0.027078124999999998 0.07440277777777778
0 0.6368515625 0.9901388888888889 0.046304687500000004 0.01972222222222222
