0 0.93403125 0.27425 0.03828125 0.14218055555555556
0 0.493703125 0.3724722222222222 0.035765625 0.13511111111111113
0 0.5891328125 0.2099861111111111 0.0288359375 0.10494444444444445
0 0.6400390625 0.9226249999999999 0.052468749999999995 0.15475
0 0.5695859375000001 0.5915694444444445 0.040859374999999996 0.16891666666666666
0 0.8763125 0.8510694444444444 0.05575 0.17504166666666668
0 0.8685234375 0.6824722222222223 0.0480625 0.1593611111111111
0 0.959921875 0.36995833333333333 0.0420390625 0.14098611111111112
0 0.5830078125 0.8439583333333333 0.0457890625 0.1639861111111111
0 0.38594531249999997 0.11631944444444445 0.026218750000000002 0.11230555555555556
0 0.8855078125 0.44784722222222223 0.0447734375 0.15759722222222222
0 0.094921875 0.7943055555555555 0.055757812500000004 0.18525
0 0.62446875 0.32225000000000004 0.031070312500000002 0.12429166666666666
0 0.368890625 0.947375 0.061453125 0.10525
0 0.39771875 0.2690138888888889 0.028218749999999997 0.1223611111111111
0 0.535578125 0.2892222222222222 0.0396875 0.15175
0 0.018453125 0.5566249999999999 0.03690625 0.1792638888888889
0 0.7310859375 0.09059722222222223 0.0244296875 0.12868055555555558
0 0.7009453125 0.04979166666666667 0.0281484375 0.09884722222222223
0 0.1165078125 0.9120694444444445 0.06741406250000001 0.17047222222222222
0 0.9896796875 0.2216388888888889 0.0206484375 0.10309722222222223
0 0.54240625 0.8150277777777778 0.036390624999999996 0.17513888888888887
0 0.60884375 0.06258333333333334 0.027945312500000003 0.11041666666666666
0 0.512984375 0.04416666666666667 0.02271875 0.08329166666666667
0 0.37503125000000004 0.37222222222222223 0.038953125 0.15472222222222223
0 0.58403125 0.015791666666666666 0.026359375 0.03159722222222222
0 0.05923437499999999 0.15801388888888887 0.02840625 0.11693055555555555
0 0.3181015625 0.46452777777777776 0.053703125 0.1627222222222222
0 0.0816328125 0.09561111111111112 0.0265390625 0.09627777777777777
0 0.6236640625 0.058875000000000004 0.0253515625 0.11487499999999999
0 0.9054296875000001 0.15554166666666666 0.032890625 0.12508333333333332
0 0.890296875 0.09609722222222222 0.0290859375 0.099125
0 0.42800781250000003 0.102 0.024648437500000002 0.118625
0 0.31453125000000004 0.35420833333333335 0.0378046875 0.11102777777777778
0 0.9092109374999999 0.1322361111111111 0.032703125 0.07223611111111111
0 0.486625 0.10423611111111111 0.027476562500000003 0.11759722222222223
0 0.1315546875 0.038 0.0390234375 0.07383333333333333
0 0.45949999999999996 0.10906944444444444 0.0270625 0.11738888888888889
0 0.9915859375 0.35108333333333336 0.016828125 0.10806944444444445
0 0.22624218749999997 0.4584583333333333 0.022875 0.05604166666666667
0 0.8741640625 0.10418055555555557 0.0244375 0.1095
0 0.191953125 0.5131249999999999 0.03375 0.14702777777777779
0 0.2180703125 0.5301388888888888 0.0453828125 0.15205555555555555
0 0.6608359375 0.05234722222222222 0.0258046875 0.093125
0 0.253640625 0.5328472222222221 0.049484375000000004 0.14379166666666668
0 0.65053125 0.04390277777777778 0.019 0.07523611111111111
0 0.6629453125 0.020541666666666666 0.021265625 0.041
