0 0.9349296875 0.2755833333333333 0.038101562500000005 0.137375
0 0.5703359375 0.5786666666666667 0.0391484375 0.15968055555555555
0 0.9626328125000001 0.37129166666666663 0.041578125 0.14330555555555557
0 0.492765625 0.37948611111111114 0.036375000000000005 0.13372222222222221
0 0.8797421875 0.87325 0.05591406249999999 0.1918888888888889
0 0.5901171875 0.2111388888888889 0.02759375 0.10302777777777779
0 0.6394375 0.9143055555555555 0.05375 0.1713888888888889
0 0.8725859375 0.6928194444444444 0.04825 0.1602777777777778
0 0.3849921875 0.111625 0.0256484375 0.11598611111111112
0 0.5786640625 0.8429444444444444 0.0398125 0.16018055555555555
0 0.5415546875 0.7999444444444445 0.036296875 0.17034722222222223
0 0.3657890625 0.9402222222222223 0.0696171875 0.11955555555555555
0 0.883328125 0.4408888888888889 0.0411640625 0.14934722222222221
0 0.08915625 0.09765277777777778 0.031015625 0.09830555555555556
0 0.6220703125 0.05527777777777777 0.0240703125 0.10861111111111112
0 0.0229140625 0.56775 0.045828125 0.19797222222222222
0 0.9055312499999999 0.15920833333333334 0.0346953125 0.12131944444444444
0 0.7004140624999999 0.04933333333333334 0.0273125 0.09865277777777778
0 0.731125 0.09083333333333334 0.024390625 0.12904166666666667
0 0.6065390625 0.060125 0.0261171875 0.11277777777777778
0 0.62428125 0.3206527777777778 0.030703124999999998 0.12616666666666668
0 0.9901015624999999 0.22234722222222222 0.0198046875 0.1056388888888889
0 0.0961796875 0.8006388888888889 0.0619921875 0.18486111111111111
0 0.3978203125 0.26140277777777776 0.028249999999999997 0.12391666666666666
0 0.3748359375 0.36545833333333333 0.0399453125 0.15686111111111112
0 0.3174375 0.4737222222222222 0.0471484375 0.1564861111111111
0 0.116390625 0.9280555555555556 0.0633515625 0.14390277777777777
0 0.5342578125 0.2935972222222222 0.0375546875 0.15113888888888888
0 0.0561171875 0.1602361111111111 0.02659375 0.12269444444444445
0 0.514640625 0.042888888888888886 0.02165625 0.08134722222222222
0 0.59103125 0.015236111111111112 0.032046875 0.030291666666666665
0 0.427859375 0.10254166666666667 0.0261953125 0.11897222222222222
0 0.48674999999999996 0.1055 0.026968750000000003 0.11708333333333333
0 0.4591640625 0.10915277777777778 0.027265624999999998 0.11688888888888889
0 0.3145390625 0.35856944444444444 0.036984375 0.10588888888888888
0 0.8773671875 0.1046111111111111 0.02325 0.10844444444444444
0 0.13325 0.036847222222222226 0.038359375 0.07368055555555555
0 0.9908046875000001 0.35855555555555557 0.0181484375 0.0995
0 0.224625 0.4587222222222222 0.0245390625 0.05915277777777778
0 0.1918046875 0.5130277777777777 0.0343828125 0.1470972222222222
0 0.2171796875 0.5290833333333333 0.04790625 0.1547638888888889
0 0.24940625 0.016666666666666666 0.021726562499999998 0.03333333333333333
0 0.950359375 0.014 0.0190703125 0.02801388888888889
0 0.8933359375000001 0.09522222222222222 0.026703125 0.09813888888888889
0 0.661671875 0.02188888888888889 0.019539062500000003 0.043694444444444445
0 0.2523515625 0.5229583333333333 0.044734375 0.13544444444444445
0 0.6604687499999999 0.05 0.0219140625 0.1
0 0.6447499999999999 0.041402777777777774 0.017359375 0.06654166666666667
0 0.97734375 0.005847222222222222 0.0159140625 0.011430555555555557
