0 0.49259375 0.39225000000000004 0.03703125 0.13947222222222222
0 0.8866640625000001 0.8895555555555555 0.057406250000000006 0.18963888888888888
0 0.9639296875 0.3913472222222222 0.0451484375 0.15209722222222222
0 0.5693125 0.5610972222222222 0.0399375 0.15255555555555556
0 0.02715625 0.5799027777777778 0.0543203125 0.18915277777777778
0 0.6435546875 0.9014583333333333 0.05200781249999999 0.19605555555555554
0 0.8798984375 0.7274166666666667 0.048734375 0.17729166666666668
0 0.9358359374999999 0.28468055555555555 0.0364609375 0.13427777777777777
0 0.5725546875 0.862875 0.0480546875 0.16799999999999998
0 0.539578125 0.770361111111111 0.033015625 0.14281944444444444
0 0.09196875 0.8216388888888889 0.056640625 0.1536388888888889
0 0.5910703125000001 0.2183888888888889 0.026359375 0.10493055555555555
0 0.3672734375 0.9300277777777778 0.065203125 0.13995833333333332
0 0.8820703125 0.4289861111111111 0.0394140625 0.15658333333333332
0 0.9051171874999999 0.1619861111111111 0.037390625 0.11987500000000001
0 0.625625 0.3130277777777778 0.030679687500000004 0.1296388888888889
0 0.5328515625 0.3024444444444444 0.035546875 0.15354166666666666
0 0.6993203125 0.050013888888888886 0.0271015625 0.09902777777777777
0 0.37353125 0.35605555555555557 0.0381875 0.15411111111111112
0 0.3821171875 0.10870833333333332 0.025406250000000002 0.12045833333333333
0 0.9897031249999999 0.22780555555555557 0.02059375 0.10931944444444444
0 0.7309609375 0.09194444444444445 0.0250546875 0.12934722222222222
0 0.10162500000000001 0.09793055555555556 0.0361328125 0.09665277777777778
0 0.3138515625 0.49756944444444445 0.040828125 0.15727777777777777
0 0.3954140625 0.2594722222222222 0.0288125 0.13009722222222223
0 0.114890625 0.9317777777777778 0.0626953125 0.13644444444444442
0 0.058882812500000006 0.1577361111111111 0.0284609375 0.11843055555555555
0 0.5169609375 0.03909722222222222 0.0230390625 0.07819444444444444
0 0.609421875 0.05645833333333333 0.0372734375 0.11293055555555556
0 0.13272656249999998 0.03806944444444445 0.0377734375 0.076125
0 0.4280390625 0.10337500000000001 0.026242187500000003 0.1172638888888889
0 0.4589609375 0.10929166666666666 0.026687499999999996 0.11511111111111111
0 0.48687500000000006 0.11133333333333333 0.0266796875 0.11930555555555557
0 0.2606953125 0.016555555555555556 0.027476562500000003 0.03311111111111111
0 0.22516406249999998 0.45749999999999996 0.022664062500000002 0.059375
0 0.99325 0.3623888888888889 0.013398437499999999 0.0806111111111111
0 0.8768359374999999 0.10640277777777778 0.0203203125 0.11176388888888888
0 0.31460937499999997 0.3731666666666667 0.036867187499999995 0.11422222222222221
0 0.19135156250000002 0.5132916666666667 0.033914062499999995 0.147
0 0.899609375 0.09316666666666666 0.026671875 0.08652777777777777
0 0.21823437499999998 0.5306805555555555 0.044453124999999996 0.15069444444444444
0 0.59146875 0.016291666666666666 0.025171875 0.03255555555555556
0 0.6611875 0.049652777777777775 0.0199609375 0.09929166666666665
0 0.6445703125 0.03925 0.0206484375 0.06826388888888889
0 0.251453125 0.5209027777777778 0.042007812500000005 0.1324722222222222
0 0.9506875000000001 0.014027777777777778 0.0204921875 0.027986111111111107
0 0.9781484375 0.010180555555555556 0.01834375 0.020319444444444446
0 0.8893203125 0.10683333333333334 0.0392265625 0.1119861111111111
