0 0.8901562500000001 0.753875 0.0513203125 0.1639722222222222
0 0.564875 0.8989444444444444 0.0468515625 0.1767638888888889
0 0.493171875 0.41015277777777776 0.0374609375 0.14233333333333334
0 0.9724375000000001 0.40549999999999997 0.0454453125 0.14529166666666665
0 0.8962656250000001 0.9150138888888888 0.060625 0.16995833333333335
0 0.5933671875 0.23141666666666666 0.025406250000000002 0.102625
0 0.64396875 0.8615972222222222 0.050796875 0.19880555555555554
0 0.56775 0.5468472222222223 0.0405859375 0.16472222222222221
0 0.3916953125 0.24145833333333333 0.031015625 0.12154166666666667
0 0.0266015625 0.5965416666666666 0.0527890625 0.16968055555555556
0 0.625171875 0.294 0.031101562500000002 0.12433333333333332
0 0.3715703125 0.9038333333333333 0.0571328125 0.19124999999999998
0 0.6092500000000001 0.05380555555555556 0.0346796875 0.10290277777777779
0 0.9350468749999999 0.3061527777777778 0.0383984375 0.1371666666666667
0 0.381140625 0.09270833333333334 0.026257812499999998 0.11397222222222222
0 0.531484375 0.31583333333333335 0.037367187499999996 0.15269444444444444
0 0.8752890624999999 0.41881944444444447 0.0378046875 0.15872222222222224
0 0.11803125 0.9458888888888889 0.0624609375 0.10144444444444445
0 0.730640625 0.0927361111111111 0.0236171875 0.12883333333333333
0 0.312015625 0.5069305555555556 0.042476562499999995 0.149
0 0.9100859375000001 0.17740277777777777 0.0351015625 0.1224861111111111
0 0.12980468750000002 0.042583333333333334 0.031640625 0.08265277777777777
0 0.6965 0.050472222222222224 0.0241953125 0.09826388888888889
0 0.3753828125 0.3360972222222222 0.033421875000000004 0.14280555555555555
0 0.1070546875 0.09559722222222222 0.0248359375 0.09406944444444446
0 0.5394765625 0.7530416666666667 0.0336640625 0.16427777777777777
0 0.487984375 0.11905555555555555 0.025359375 0.11606944444444443
0 0.3159921875 0.39152777777777775 0.0339765625 0.13269444444444445
0 0.5203671875 0.035416666666666666 0.0235 0.07084722222222221
0 0.05828124999999999 0.15758333333333333 0.028984375 0.12090277777777778
0 0.98859375 0.23780555555555555 0.0225 0.11859722222222223
0 0.08932812500000001 0.8708055555555556 0.0654296875 0.2165277777777778
0 0.224453125 0.45863888888888893 0.0241484375 0.058180555555555555
0 0.427765625 0.10273611111111111 0.027578125 0.11813888888888889
0 0.8781796875 0.11633333333333334 0.027171875 0.11012500000000001
0 0.9483124999999999 0.012236111111111113 0.0232578125 0.024388888888888887
0 0.458484375 0.10929166666666666 0.025796875000000004 0.11529166666666667
0 0.1907734375 0.5128472222222222 0.0343515625 0.1447361111111111
0 0.218640625 0.5321805555555555 0.0429453125 0.15005555555555555
0 0.9026796875 0.10601388888888888 0.0284609375 0.09813888888888889
0 0.271703125 0.011236111111111112 0.021171875 0.022236111111111113
0 0.65271875 0.03776388888888889 0.023765625000000002 0.07551388888888888
0 0.2512265625 0.5229027777777778 0.043203124999999995 0.13283333333333333
0 0.6603749999999999 0.048930555555555554 0.0154140625 0.09155555555555556
0 0.6333203125 0.03872222222222222 0.017171875 0.06997222222222223
