0 0.7888984375 0.5369583333333333 0.043929687499999995 0.14923611111111112
0 0.134125 0.08023611111111112 0.030984374999999998 0.1120138888888889
0 0.620203125 0.9116111111111111 0.0506328125 0.17679166666666668
0 0.7798203125 0.3915 0.0371484375 0.1398611111111111
0 0.38809375 0.04475 0.0268671875 0.08512499999999999
0 0.7541015625 0.7366944444444444 0.053023437500000006 0.17105555555555554
0 0.578875 0.10236111111111111 0.022953124999999998 0.0943611111111111
0 0.4982578125 0.2389861111111111 0.0309921875 0.12541666666666668
0 0.6917265625 0.051972222222222225 0.0236953125 0.09348611111111112
0 0.1466953125 0.5104166666666666 0.042562499999999996 0.16190277777777776
0 0.04696875 0.823486111111111 0.060484375 0.1796111111111111
0 0.9817578125 0.6931805555555555 0.0364921875 0.17184722222222223
0 0.6246171875 0.18147222222222223 0.0304609375 0.11641666666666665
0 0.9519140625 0.20493055555555556 0.036234375 0.12444444444444444
0 0.5330078125 0.17305555555555555 0.0391796875 0.14054166666666668
0 0.8886640625 0.07179166666666667 0.03134375 0.11070833333333333
0 0.957078125 0.02272222222222222 0.0218984375 0.04544444444444444
0 0.6409609374999999 0.16745833333333332 0.028234375 0.130125
0 0.0606953125 0.17244444444444443 0.031828125 0.1212638888888889
0 0.3701640625 0.6480416666666666 0.0435703125 0.1841388888888889
0 0.3856015625 0.2725138888888889 0.0296875 0.13758333333333334
0 0.612125 0.5072083333333334 0.040023437499999995 0.1468611111111111
0 0.4144375 0.4666666666666667 0.041109375 0.15359722222222222
0 0.8529843749999999 0.06322222222222222 0.0290703125 0.10476388888888889
0 0.2096796875 0.06701388888888889 0.0306875 0.10895833333333334
0 0.4536015625 0.12255555555555554 0.0250546875 0.12159722222222222
0 0.738234375 0.03797222222222222 0.027296874999999998 0.07151388888888889
0 0.42890625 0.12540277777777778 0.026640625 0.12466666666666668
0 0.09518750000000001 0.01598611111111111 0.029429687500000003 0.03198611111111111
0 0.3126640625 0.23326388888888888 0.031828125 0.08570833333333333
0 0.3161796875 0.3240972222222222 0.0428203125 0.13755555555555557
0 0.905125 0.21022222222222225 0.048296875 0.15118055555555554
0 0.41725 0.022944444444444444 0.030843749999999996 0.04588888888888889
0 0.484953125 0.03640277777777778 0.02215625 0.06943055555555556
0 0.1975546875 0.5211388888888889 0.034796875 0.14180555555555555
0 0.2507265625 0.5316805555555556 0.039953125 0.12890277777777778
0 0.2265 0.4702222222222222 0.023453125 0.05620833333333333
0 0.74071875 0.08480555555555556 0.031078125 0.16958333333333334
0 0.48255468749999997 0.12719444444444444 0.029078125 0.11898611111111111
0 0.9089296875 0.16466666666666668 0.0462421875 0.1555
0 0.8373984374999999 0.06802777777777777 0.018796874999999998 0.10254166666666667
0 0.9171953125 0.12841666666666665 0.03528125 0.08761111111111111
0 0.1985 0.011680555555555555 0.031046875 0.023291666666666665
0 0.7343984375 0.10747222222222222 0.0239609375 0.1218888888888889
0 0.21821875 0.5473888888888889 0.0399453125 0.15015277777777777
0 0.9943593749999999 0.1290138888888889 0.01128125 0.1045
0 0.16234375 0.006694444444444445 0.027921875000000002 0.013305555555555555
0 0.670453125 0.07977777777777778 0.0198515625 0.06765277777777778
