0 0.5932421875 0.23341666666666666 0.028109375 0.10525
0 0.8999062500000001 0.9211805555555556 0.058437499999999996 0.15145833333333333
0 0.5675859375 0.5328888888888889 0.039890625 0.15365277777777778
0 0.4935546875 0.41233333333333333 0.037640625 0.13877777777777778
0 0.8924296875 0.7697916666666667 0.0518359375 0.16580555555555554
0 0.8726640625 0.4052638888888889 0.038390625 0.1496111111111111
0 0.0822890625 0.8866666666666666 0.053617187499999996 0.20523611111111112
0 0.39132812499999997 0.23748611111111112 0.03096875 0.12038888888888889
0 0.9394609375 0.30416666666666664 0.03896875 0.13845833333333332
0 0.9752265625 0.41183333333333333 0.049539062499999995 0.1469861111111111
0 0.3813828125 0.08813888888888889 0.0233828125 0.11193055555555556
0 0.6254375 0.2940277777777778 0.0328359375 0.1282361111111111
0 0.559984375 0.9096944444444445 0.0428828125 0.1666388888888889
0 0.37075 0.8983611111111112 0.057874999999999996 0.19843055555555555
0 0.6429375 0.8509861111111111 0.05192187499999999 0.2081111111111111
0 0.0366640625 0.6073055555555555 0.06657031249999999 0.17001388888888888
0 0.7295859375 0.09320833333333334 0.021242187500000002 0.12565277777777778
0 0.531140625 0.3244166666666667 0.0373828125 0.15283333333333335
0 0.606375 0.052875 0.0329296875 0.10444444444444445
0 0.9895781250000001 0.23802777777777778 0.02084375 0.11740277777777777
0 0.4884453125 0.11848611111111111 0.025507812499999998 0.11727777777777777
0 0.3130625 0.5159861111111111 0.048515625 0.16234722222222223
0 0.3735078125 0.3353055555555555 0.0335546875 0.14722222222222223
0 0.90978125 0.18083333333333332 0.035453125 0.12669444444444444
0 0.12535156249999999 0.9485416666666667 0.051796875 0.10291666666666666
0 0.540484375 0.7357222222222223 0.0320546875 0.15497222222222223
0 0.058421875 0.1610138888888889 0.028273437499999998 0.12169444444444445
0 0.1310546875 0.043125000000000004 0.030257812499999998 0.08618055555555555
0 0.690984375 0.04826388888888889 0.0235078125 0.09652777777777778
0 0.224125 0.45790277777777777 0.023890625 0.056472222222222215
0 0.112421875 0.09613888888888888 0.027445312500000003 0.09299999999999999
0 0.428203125 0.10354166666666666 0.025257812499999997 0.11718055555555557
0 0.31534375 0.400625 0.036351562500000004 0.12829166666666666
0 0.5210234375 0.035513888888888887 0.023046875 0.07102777777777777
0 0.8800703125 0.12031944444444444 0.0276484375 0.10358333333333333
0 0.4584140625 0.10915277777777778 0.025710937499999996 0.11484722222222223
0 0.9471093749999999 0.011972222222222221 0.0220234375 0.023805555555555555
0 0.2181796875 0.5319166666666667 0.044171875 0.15284722222222222
0 0.6526171875 0.03348611111111111 0.023140625 0.06697222222222222
0 0.903859375 0.10834722222222223 0.0297734375 0.10020833333333334
0 0.1907734375 0.5129722222222222 0.034875 0.14470833333333333
0 0.6309765625 0.036305555555555556 0.0178671875 0.07005555555555555
0 0.2511953125 0.5235694444444445 0.0436171875 0.13454166666666667
0 0.6602812499999999 0.049555555555555554 0.0162109375 0.09259722222222222
0 0.0058671875 0.9481666666666666 0.011476562499999999 0.10366666666666667
0 0.2738203125 0.009472222222222222 0.026328125 0.018708333333333334
