0 0.593390625 0.235125 0.0287734375 0.10545833333333335
0 0.5675625 0.5278611111111111 0.0404140625 0.1517638888888889
0 0.493609375 0.41365277777777776 0.0377734375 0.14018055555555556
0 0.3914140625 0.23570833333333335 0.0310390625 0.11881944444444444
0 0.8724609375 0.40370833333333334 0.0397265625 0.149
0 0.8978828125 0.9179861111111112 0.060726562500000004 0.15844444444444444
0 0.082078125 0.8978055555555555 0.05428125 0.2043888888888889
0 0.9763671875 0.4092361111111111 0.046164062500000005 0.1436111111111111
0 0.8960781250000001 0.7720833333333333 0.053593749999999996 0.17493055555555556
0 0.9397968750000001 0.30445833333333333 0.039859375 0.1401388888888889
0 0.5581875000000001 0.9122083333333333 0.04371875 0.168625
0 0.381421875 0.08645833333333333 0.0235390625 0.11030555555555556
0 0.540171875 0.7314583333333333 0.0324375 0.15531944444444445
0 0.371546875 0.8964166666666666 0.056734375000000004 0.202875
0 0.6428281250000001 0.841736111111111 0.05134375 0.2098611111111111
0 0.605734375 0.05234722222222222 0.032640625 0.102875
0 0.5311640625 0.3232777777777778 0.038703125 0.15234722222222222
0 0.7295625 0.09358333333333332 0.021390625 0.12584722222222222
0 0.6290234375 0.29825 0.032265625 0.12584722222222222
0 0.312828125 0.5239444444444444 0.05065625 0.16159722222222223
0 0.0385625 0.6144722222222222 0.06803125 0.16943055555555556
0 0.37403906249999996 0.3339583333333333 0.0349453125 0.15118055555555554
0 0.98971875 0.23816666666666667 0.0205625 0.11579166666666667
0 0.48825 0.12077777777777778 0.0254453125 0.11872222222222223
0 0.130546875 0.044194444444444446 0.028703125000000003 0.08555555555555555
0 0.3149375 0.4005972222222222 0.0353203125 0.12245833333333334
0 0.9097421875 0.1812777777777778 0.035765625 0.12419444444444444
0 0.058148437500000004 0.16104166666666667 0.0280390625 0.12241666666666667
0 0.6909453125 0.04809722222222223 0.022820312500000002 0.09619444444444446
0 0.4283203125 0.10354166666666666 0.024765625 0.11666666666666667
0 0.8819140624999999 0.12209722222222222 0.0295 0.10208333333333333
0 0.22419531250000002 0.4578888888888889 0.0237265625 0.05584722222222222
0 0.5216093749999999 0.034555555555555555 0.0228828125 0.06911111111111111
0 0.11685937500000002 0.09463888888888888 0.025773437500000003 0.09272222222222223
0 0.45842968749999996 0.10891666666666668 0.025374999999999998 0.11499999999999999
0 0.129375 0.9498472222222222 0.0469765625 0.10030555555555555
0 0.9468046875 0.011916666666666667 0.0209140625 0.023666666666666666
0 0.9044062500000001 0.11208333333333334 0.031453125 0.10909722222222222
0 0.630578125 0.035375 0.01959375 0.07033333333333333
0 0.217234375 0.5308333333333333 0.045882812499999995 0.15248611111111113
0 0.1908515625 0.51275 0.0348515625 0.14426388888888889
0 0.984359375 0.010944444444444444 0.018437500000000002 0.021902777777777778
0 0.6519999999999999 0.036208333333333335 0.023390625 0.07240277777777779
0 0.25090625 0.5225833333333333 0.042703124999999995 0.1341527777777778
0 0.6599921875 0.049874999999999996 0.0166953125 0.09415277777777778
0 0.006171875 0.9415277777777777 0.011921875 0.11526388888888889
0 0.269234375 0.009708333333333334 0.019203124999999998 0.01922222222222222
0 0.906625 0.14429166666666668 0.03540625 0.111
0 0.285734375 0.006291666666666667 0.0196953125 0.012263888888888888
0 0.106390625 0.9411527777777777 0.09476562499999999 0.111
