0 0.5674140624999999 0.5240972222222222 0.0399140625 0.14870833333333333
0 0.5934375000000001 0.23852777777777778 0.029796875 0.10941666666666666
0 0.493828125 0.41565277777777776 0.03746875 0.14191666666666666
0 0.08149999999999999 0.8976249999999999 0.054578125 0.20086111111111113
0 0.8717109375 0.4009027777777777 0.039265625 0.14740277777777777
0 0.39171875 0.23518055555555556 0.0310234375 0.11887500000000001
0 0.8950390625000001 0.7789583333333334 0.055507812499999996 0.17300000000000001
0 0.8997031249999999 0.9250972222222222 0.059726562500000004 0.14297222222222222
0 0.9400703125 0.30904166666666666 0.040171875 0.14068055555555556
0 0.3812734375 0.08593055555555555 0.0239609375 0.11220833333333334
0 0.5307421875 0.32931944444444444 0.0366953125 0.1522916666666667
0 0.9770468749999999 0.41406944444444443 0.044351562500000004 0.14527777777777778
0 0.5403828125000001 0.7249583333333334 0.031484374999999995 0.15013888888888888
0 0.5570703124999999 0.9136527777777779 0.04453125 0.16629166666666667
0 0.6435078125 0.8311666666666667 0.05078125 0.2030972222222222
0 0.6060546875 0.05126388888888889 0.0337578125 0.10097222222222223
0 0.9099765625 0.18097222222222223 0.035148437500000004 0.12213888888888888
0 0.039203125 0.610375 0.070140625 0.169875
0 0.729171875 0.0933611111111111 0.022046875 0.12630555555555556
0 0.3713359375 0.8928611111111111 0.057257812500000005 0.20809722222222224
0 0.372953125 0.32837500000000003 0.03578125 0.14756944444444445
0 0.6259140624999999 0.29333333333333333 0.030875000000000003 0.12073611111111113
0 0.9897343749999999 0.23920833333333333 0.02053125 0.11834722222222221
0 0.3136875 0.5230416666666666 0.0541484375 0.1802777777777778
0 0.1305703125 0.043472222222222225 0.028328125 0.08431944444444445
0 0.4877734375 0.12020833333333333 0.0256484375 0.1243888888888889
0 0.882875 0.11883333333333333 0.0303046875 0.10644444444444444
0 0.691140625 0.04801388888888889 0.0237109375 0.09604166666666668
0 0.3147109375 0.40105555555555555 0.036617187499999995 0.12094444444444444
0 0.42821875 0.10348611111111111 0.0241875 0.11681944444444445
0 0.05443750000000001 0.1605 0.03003125 0.1248888888888889
0 0.1191953125 0.09494444444444444 0.029125 0.09405555555555556
0 0.5225078125 0.03375 0.0229765625 0.06748611111111112
0 0.22449218750000002 0.45761111111111114 0.0236953125 0.05741666666666667
0 0.45861718749999997 0.10870833333333332 0.025124999999999998 0.11520833333333334
0 0.6345546875 0.033763888888888885 0.01978125 0.06752777777777777
0 0.9465390625 0.011819444444444445 0.020859375 0.02344444444444444
0 0.21794531250000002 0.5310972222222222 0.0443828125 0.15202777777777776
0 0.12875 0.9569166666666666 0.0470546875 0.08618055555555555
0 0.190640625 0.5120972222222222 0.0354296875 0.14429166666666668
0 0.6517890625 0.034625 0.022820312500000002 0.06923611111111111
0 0.2512578125 0.5235972222222223 0.0428515625 0.13508333333333333
0 0.65978125 0.050944444444444445 0.01678125 0.09098611111111111
0 0.0064453125 0.9358472222222222 0.012531249999999999 0.12831944444444446
0 0.9049453125 0.10404166666666666 0.0309453125 0.09411111111111112
0 0.268453125 0.009541666666666667 0.0190546875 0.018875
0 0.286640625 0.006416666666666667 0.0224453125 0.012611111111111111
