0 0.592125 0.25233333333333335 0.030734375 0.11252777777777777
0 0.4928671875 0.4302777777777778 0.03725 0.14758333333333334
0 0.5671875 0.5147916666666666 0.040953125 0.1527777777777778
0 0.9352890625000001 0.32584722222222223 0.042515625 0.14822222222222223
0 0.0795234375 0.9093611111111112 0.056703125 0.17933333333333334
0 0.3811640625 0.08506944444444445 0.0244609375 0.11505555555555556
0 0.9096953125 0.18404166666666666 0.0343046875 0.11948611111111111
0 0.391046875 0.22694444444444445 0.0316953125 0.11604166666666667
0 0.90178125 0.8002916666666667 0.05921875 0.1775138888888889
0 0.64353125 0.7992222222222223 0.0499921875 0.18009722222222221
0 0.3120390625 0.5319722222222222 0.0474375 0.1632361111111111
0 0.6231484375 0.2819305555555556 0.030906250000000003 0.12433333333333332
0 0.8682734375000001 0.38880555555555557 0.0418671875 0.14568055555555556
0 0.5288515625 0.332375 0.038546875 0.1473611111111111
0 0.36991406250000003 0.8814166666666666 0.0528359375 0.19373611111111114
0 0.0417890625 0.6253611111111111 0.06350781250000001 0.18515277777777778
0 0.9769453125 0.429875 0.046109375 0.148875
0 0.9041171875 0.9329166666666667 0.0614140625 0.12755555555555556
0 0.5526796875 0.9189722222222222 0.0414140625 0.14823611111111112
0 0.728890625 0.09169444444444444 0.02296875 0.1290138888888889
0 0.37613281249999997 0.3124027777777778 0.03178125 0.13697222222222222
0 0.312640625 0.41077777777777774 0.033218750000000005 0.1124861111111111
0 0.9898359375 0.2475138888888889 0.0203203125 0.12229166666666666
0 0.5411015625 0.7107361111111111 0.03309375 0.14584722222222224
0 0.599796875 0.04731944444444444 0.024171875000000002 0.09144444444444445
0 0.12325781250000001 0.09355555555555556 0.033703125 0.09093055555555556
0 0.1244375 0.9595694444444445 0.054468749999999996 0.08084722222222222
0 0.5260859375 0.030875 0.022890625 0.06176388888888889
0 0.488859375 0.1291388888888889 0.0259296875 0.12354166666666667
0 0.12899218750000002 0.043458333333333335 0.0290078125 0.08447222222222223
0 0.057859375000000005 0.15784722222222222 0.031171874999999998 0.12140277777777778
0 0.42874999999999996 0.10123611111111111 0.02659375 0.11787500000000001
0 0.885203125 0.12344444444444444 0.0260546875 0.1025
0 0.2237421875 0.45683333333333337 0.024625 0.05605555555555555
0 0.45821093749999997 0.108375 0.025312499999999998 0.11505555555555556
0 0.218796875 0.5315555555555556 0.0429921875 0.15286111111111111
0 0.6928984375 0.03108333333333333 0.0206953125 0.06216666666666666
0 0.9858437500000001 0.01323611111111111 0.0255546875 0.02601388888888889
0 0.651203125 0.033125 0.023671875000000002 0.06626388888888889
0 0.19034374999999998 0.5115416666666667 0.0350078125 0.14229166666666668
0 0.9456484375 0.01165277777777778 0.022093750000000002 0.023291666666666665
0 0.249703125 0.5221666666666667 0.0349453125 0.1298888888888889
0 0.629390625 0.036722222222222226 0.020578125 0.07104166666666667
0 0.657828125 0.06847222222222221 0.017875 0.05636111111111111
0 0.617296875 0.04202777777777778 0.0313984375 0.08405555555555556
0 0.0050625 0.9249444444444445 0.0097578125 0.1352361111111111
