0 0.07857031249999999 0.9134166666666667 0.05728124999999999 0.17195833333333332
0 0.5922734375 0.2543472222222222 0.030195312499999998 0.11304166666666667
0 0.492953125 0.4341111111111111 0.037171875 0.145625
0 0.9353281250000001 0.3309583333333333 0.0416953125 0.1465972222222222
0 0.38146874999999997 0.08125 0.024703125 0.11241666666666666
0 0.905890625 0.9430138888888889 0.059187500000000004 0.11395833333333333
0 0.36724999999999997 0.8706805555555556 0.059828124999999996 0.21383333333333335
0 0.9070234375 0.8069722222222222 0.055703125 0.172125
0 0.8659218750000001 0.3850138888888889 0.042007812500000005 0.15179166666666669
0 0.5669453125 0.5122361111111111 0.04021875 0.1535138888888889
0 0.3901328125 0.2199027777777778 0.029640624999999997 0.11334722222222222
0 0.9096953125 0.18558333333333335 0.034921875000000005 0.12377777777777778
0 0.0433984375 0.6262222222222222 0.057171875000000004 0.18093055555555557
0 0.3120078125 0.5349166666666666 0.047046875 0.15916666666666665
0 0.644453125 0.791125 0.049820312500000005 0.18640277777777778
0 0.6237578125 0.27891666666666665 0.03 0.12095833333333333
0 0.549 0.9244305555555556 0.0428984375 0.147875
0 0.7288671875 0.09308333333333332 0.020390625000000002 0.12711111111111112
0 0.5989375 0.04658333333333333 0.0246875 0.08968055555555554
0 0.375859375 0.307 0.031953125 0.14098611111111112
0 0.3119296875 0.4147083333333333 0.0334140625 0.11494444444444445
0 0.528015625 0.33272222222222225 0.0410859375 0.1478472222222222
0 0.9800859375 0.43137499999999995 0.039828125 0.15041666666666667
0 0.123890625 0.9657361111111111 0.053023437500000006 0.06854166666666667
0 0.9896953125 0.251 0.020609375 0.12119444444444445
0 0.541296875 0.7096250000000001 0.034414062499999995 0.1547361111111111
0 0.1290546875 0.04215277777777778 0.029218749999999998 0.08431944444444445
0 0.057914062499999995 0.15780555555555556 0.0305625 0.11934722222222223
0 0.4896328125 0.13079166666666667 0.025437500000000002 0.12050000000000001
0 0.4278515625 0.10204166666666667 0.0247109375 0.11773611111111111
0 0.22360937500000003 0.45688888888888884 0.02471875 0.057166666666666664
0 0.126390625 0.0911111111111111 0.0307890625 0.09529166666666666
0 0.5264921874999999 0.030694444444444448 0.021765625 0.061388888888888896
0 0.45814843749999995 0.10745833333333334 0.026109375 0.11701388888888889
0 0.21858593750000002 0.5300416666666666 0.0431171875 0.15215277777777778
0 0.6126406249999999 0.04188888888888889 0.025765624999999997 0.08377777777777778
0 0.8896796874999999 0.11869444444444444 0.029421874999999997 0.1089861111111111
0 0.1898984375 0.5120416666666667 0.03390625 0.14223611111111112
0 0.6915234375 0.029138888888888888 0.021828125 0.058291666666666665
0 0.98628125 0.01376388888888889 0.025234374999999996 0.02715277777777778
0 0.6861484375 0.06554166666666666 0.025687500000000002 0.0657361111111111
0 0.6507421875 0.032375 0.024304687499999998 0.0647638888888889
0 0.9462890625 0.011819444444444445 0.022140625 0.023333333333333334
0 0.6563828125 0.06376388888888888 0.016953125 0.05770833333333333
0 0.005234375 0.9070416666666667 0.0102265625 0.13191666666666668
0 0.25091406250000003 0.521125 0.0401015625 0.1289861111111111
0 0.631375 0.03601388888888889 0.021765625 0.06881944444444445
0 0.6413046875 0.035097222222222224 0.026914062500000002 0.07009722222222223
