0 0.492859375 0.43506944444444445 0.0361953125 0.14369444444444443
0 0.5926953125 0.25443055555555555 0.0297109375 0.11293055555555556
0 0.07746875 0.9155555555555556 0.05815625 0.16781944444444444
0 0.9356015624999999 0.33370833333333333 0.0413125 0.14622222222222223
0 0.38151562499999997 0.08018055555555555 0.0236015625 0.11145833333333334
0 0.9088046875 0.81025 0.0542734375 0.16752777777777778
0 0.567875 0.5119861111111111 0.039921875 0.15541666666666668
0 0.3673203125 0.8699305555555555 0.061250000000000006 0.21316666666666664
0 0.9073437500000001 0.9414444444444445 0.059703125 0.1171111111111111
0 0.864921875 0.3869444444444445 0.0407265625 0.14918055555555554
0 0.0448203125 0.6254166666666667 0.0586484375 0.18737499999999999
0 0.6444687499999999 0.7892638888888889 0.051046875000000005 0.19247222222222224
0 0.389984375 0.21655555555555553 0.028640624999999996 0.11233333333333333
0 0.5277109375 0.33229166666666665 0.0386328125 0.14540277777777777
0 0.9062265625 0.18545833333333334 0.036859375 0.12486111111111112
0 0.3119609375 0.5368055555555555 0.046546875 0.15376388888888887
0 0.7292265625 0.09297222222222222 0.020171875 0.12618055555555555
0 0.6238203125 0.2749027777777778 0.0300703125 0.11906944444444445
0 0.59959375 0.04626388888888889 0.0268515625 0.08831944444444445
0 0.9805546875 0.43240277777777775 0.0388984375 0.15379166666666666
0 0.31178125 0.41352777777777777 0.034515625 0.11359722222222222
0 0.5472421875 0.9250277777777778 0.0431484375 0.14680555555555555
0 0.5410234375 0.7069305555555556 0.033703125 0.15365277777777778
0 0.3764296875 0.30495833333333333 0.0328515625 0.14275
0 0.12442968750000001 0.958861111111111 0.0541171875 0.08227777777777778
0 0.13009375 0.042597222222222224 0.0278515625 0.08519444444444445
0 0.48960156250000003 0.1301388888888889 0.0252265625 0.12584722222222222
0 0.053734375 0.15733333333333333 0.032265625 0.12075
0 0.5270078125000001 0.029347222222222222 0.022421875 0.058694444444444445
0 0.42819531250000004 0.10120833333333334 0.024015625 0.11691666666666668
0 0.8914375 0.11813888888888889 0.028328125 0.11166666666666668
0 0.2241640625 0.45608333333333334 0.024906249999999998 0.05770833333333333
0 0.45824999999999994 0.10681944444444444 0.0258828125 0.11734722222222221
0 0.9894453125 0.23526388888888888 0.0211015625 0.09019444444444444
0 0.6856718749999999 0.06297222222222222 0.02709375 0.06901388888888889
0 0.218734375 0.5294722222222222 0.0432578125 0.1502638888888889
0 0.9865 0.013847222222222223 0.0249140625 0.027430555555555555
0 0.6125 0.04163888888888889 0.0251171875 0.08326388888888889
0 0.1903125 0.5121666666666667 0.0343671875 0.14272222222222222
0 0.6910624999999999 0.028652777777777777 0.022734375 0.05731944444444445
0 0.0062890625 0.9185833333333333 0.0125859375 0.16283333333333333
0 0.9464453125000001 0.01152777777777778 0.0209375 0.022708333333333334
0 0.12753125 0.09786111111111111 0.02890625 0.08404166666666667
0 0.6492109375 0.03279166666666666 0.0266796875 0.06556944444444444
0 0.250796875 0.5205138888888888 0.03596875 0.12726388888888887
0 0.656203125 0.06705555555555556 0.017453125 0.04702777777777778
0 0.6318359375 0.035708333333333335 0.020015625000000002 0.06788888888888889
0 0.0048359375 0.8898611111111112 0.0091875 0.12856944444444443
0 0.9122578125 0.1056388888888889 0.0282578125 0.09240277777777778
