0 0.8524296874999999 0.3545416666666667 0.037609375 0.14668055555555556
0 0.4895625 0.46520833333333333 0.036789062500000004 0.14819444444444446
0 0.5693125 0.4719027777777777 0.0392734375 0.14823611111111112
0 0.9288046874999999 0.8902638888888889 0.058609375 0.18065277777777777
0 0.536015625 0.9541527777777777 0.061484375 0.09168055555555556
0 0.59875 0.270125 0.026718750000000003 0.10502777777777779
0 0.06177343749999999 0.953 0.062734375 0.09398611111111112
0 0.9407343750000001 0.35338888888888886 0.0411171875 0.14083333333333334
0 0.5987578124999999 0.03727777777777778 0.03434375 0.07456944444444444
0 0.37678124999999996 0.06090277777777778 0.025570312499999998 0.11134722222222222
0 0.6523359375 0.7258333333333333 0.0457890625 0.17845833333333336
0 0.3776015625 0.8002222222222222 0.0590078125 0.19069444444444447
0 0.7290390625 0.0921388888888889 0.0211875 0.12386111111111112
0 0.384984375 0.19718055555555555 0.027492187499999998 0.12169444444444445
0 0.5222734375 0.3596805555555556 0.03765625 0.15102777777777776
0 0.373484375 0.27873611111111113 0.030148437500000003 0.1383888888888889
0 0.30171875 0.5712777777777778 0.042476562499999995 0.15138888888888888
0 0.49046874999999995 0.1479861111111111 0.0225234375 0.121625
0 0.0547265625 0.6682083333333334 0.053023437500000006 0.184375
0 0.539421875 0.6537916666666667 0.0311875 0.15633333333333332
0 0.622265625 0.2556527777777778 0.0288046875 0.11658333333333333
0 0.9094140625 0.20174999999999998 0.0386796875 0.13095833333333334
0 0.053851562500000005 0.15729166666666666 0.0326484375 0.1171111111111111
0 0.42793749999999997 0.09547222222222221 0.02340625 0.11806944444444445
0 0.30939843749999996 0.4435555555555556 0.0409296875 0.1331388888888889
0 0.223046875 0.45569444444444446 0.0248203125 0.059402777777777784
0 0.45650781250000005 0.10172222222222221 0.02840625 0.1240138888888889
0 0.6777578125 0.04825 0.021484375 0.0926388888888889
0 0.535140625 0.02318055555555556 0.0229921875 0.04602777777777778
0 0.989421875 0.27326388888888886 0.021156249999999998 0.13029166666666667
0 0.1899921875 0.51 0.0350546875 0.13926388888888888
0 0.21840625 0.5277638888888889 0.0404296875 0.14627777777777776
0 0.9873046875 0.4752083333333333 0.0253828125 0.1507777777777778
0 0.6468359375 0.04530555555555555 0.0278046875 0.08940277777777779
0 0.9916796874999999 0.018930555555555558 0.015867187499999998 0.037861111111111116
0 0.11567968749999999 0.98675 0.0416796875 0.0265
0 0.9461015625 0.010875 0.02121875 0.021375
0 0.2487734375 0.5145 0.033828125 0.12791666666666665
0 0.9327109374999999 0.9844861111111112 0.060687500000000005 0.03104166666666667
0 0.1499921875 0.09786111111111111 0.0290625 0.08054166666666666
0 0.896421875 0.12688888888888888 0.024085937499999998 0.10006944444444445
0 0.1231171875 0.05106944444444445 0.0222421875 0.09909722222222221
0 0.004765625 0.8647222222222223 0.009093750000000001 0.09983333333333333
0 0.500875 0.011680555555555555 0.0208515625 0.02318055555555556
