0 0.8520078124999999 0.3537638888888889 0.037796875 0.14725
0 0.4901171875 0.467875 0.037 0.14794444444444443
0 0.929828125 0.895361111111111 0.0616953125 0.179375
0 0.59915625 0.2700138888888889 0.027859375 0.10706944444444445
0 0.56934375 0.47026388888888887 0.039070312499999996 0.15105555555555555
0 0.53578125 0.9569027777777778 0.061640625000000004 0.08619444444444445
0 0.061554687500000003 0.9563611111111112 0.062179687500000004 0.08727777777777779
0 0.376765625 0.058527777777777776 0.02525 0.10744444444444444
0 0.65278125 0.7231666666666666 0.047125 0.18216666666666667
0 0.7291796875000001 0.09172222222222223 0.020890625 0.12323611111111112
0 0.37991406250000004 0.7973333333333333 0.05815625 0.20195833333333332
0 0.9386484375 0.35875 0.0430390625 0.1478472222222222
0 0.5978671875 0.036041666666666666 0.0333046875 0.07209722222222222
0 0.5406796875000001 0.6539166666666667 0.0298046875 0.1557361111111111
0 0.384625 0.19434722222222223 0.0277578125 0.11863888888888889
0 0.9085390625 0.17205555555555554 0.0478125 0.20116666666666666
0 0.4908046875 0.14865277777777777 0.0220625 0.12031944444444444
0 0.37084375 0.27944444444444444 0.0328515625 0.1366111111111111
0 0.301875 0.5722777777777778 0.04378125 0.14970833333333333
0 0.054804687500000004 0.6684722222222222 0.0517578125 0.18391666666666664
0 0.6219765625 0.25362500000000004 0.027890625000000002 0.11623611111111111
0 0.05390625 0.15687500000000001 0.032882812500000004 0.11670833333333333
0 0.5224375 0.3599027777777778 0.0380859375 0.14904166666666668
0 0.4280390625 0.09469444444444446 0.02328125 0.11752777777777779
0 0.2230625 0.45568055555555553 0.0243671875 0.059208333333333335
0 0.3080859375 0.44680555555555557 0.0370546875 0.13234722222222223
0 0.45704687499999996 0.10173611111111111 0.028273437499999998 0.12474999999999999
0 0.676203125 0.04776388888888889 0.0241171875 0.0922361111111111
0 0.989484375 0.2758333333333333 0.02103125 0.12726388888888887
0 0.6464296875 0.044236111111111115 0.027273437499999997 0.08848611111111111
0 0.5357578125 0.022694444444444444 0.02303125 0.04513888888888889
0 0.21861718749999998 0.5277777777777778 0.040781250000000005 0.14662499999999998
0 0.18984375 0.5095694444444444 0.035109375 0.13855555555555557
0 0.9914999999999999 0.020819444444444446 0.0169921875 0.04133333333333333
0 0.9887656249999999 0.47426388888888893 0.022468750000000003 0.147625
0 0.24871875000000002 0.5169583333333333 0.033390625 0.1264861111111111
0 0.9461953125000001 0.010902777777777777 0.021812500000000002 0.021444444444444443
0 0.9311484374999999 0.9871527777777778 0.0516484375 0.025694444444444443
0 0.1507734375 0.09261111111111112 0.0296875 0.09070833333333334
0 0.11551562500000001 0.9876805555555556 0.0397890625 0.024625
0 0.5008359375 0.011708333333333333 0.0206484375 0.02326388888888889
0 0.1231953125 0.051125000000000004 0.0220859375 0.09958333333333334
0 0.0048828125 0.8586666666666667 0.0094453125 0.09195833333333332
