0 0.49047656249999994 0.46851388888888884 0.036421875 0.144625
0 0.8516953125000001 0.3524305555555556 0.0376484375 0.15030555555555555
0 0.5991171875 0.27181944444444445 0.027937499999999997 0.10693055555555554
0 0.5345078125 0.9599444444444444 0.058671875 0.080125
0 0.93103125 0.8998611111111111 0.061726562500000005 0.18697222222222223
0 0.5691328125 0.4684444444444444 0.0382578125 0.1507777777777778
0 0.0614765625 0.9577222222222221 0.06253906249999999 0.08455555555555556
0 0.6529140625000001 0.7210833333333333 0.0466015625 0.18195833333333333
0 0.72940625 0.0916111111111111 0.020992187500000002 0.12408333333333334
0 0.9087343750000001 0.17019444444444445 0.0478515625 0.2024166666666667
0 0.3771640625 0.057625 0.02496875 0.10493055555555555
0 0.3802734375 0.7938888888888889 0.055171875 0.20918055555555556
0 0.053859375 0.6759861111111111 0.049640625 0.18429166666666666
0 0.3707421875 0.2719166666666667 0.031992187500000005 0.13694444444444442
0 0.5399921875 0.6460138888888889 0.028187499999999997 0.14613888888888887
0 0.9384296875 0.36041666666666666 0.0421875 0.14941666666666667
0 0.384484375 0.19279166666666667 0.0278046875 0.11801388888888889
0 0.3015078125 0.5732361111111112 0.0431328125 0.14716666666666667
0 0.5979453125 0.035180555555555555 0.033703125 0.07036111111111111
0 0.49107031250000005 0.14983333333333332 0.0219140625 0.12015277777777779
0 0.522234375 0.3612222222222222 0.038703125 0.1505
0 0.62209375 0.2517083333333333 0.02784375 0.11194444444444443
0 0.42806249999999996 0.09475 0.02384375 0.11951388888888889
0 0.053921874999999994 0.15677777777777777 0.033218750000000005 0.11748611111111111
0 0.3030234375 0.45 0.035265625 0.13341666666666668
0 0.2228984375 0.455125 0.024640625 0.057
0 0.45710937500000004 0.10143055555555555 0.028367187500000002 0.12554166666666666
0 0.6734218750000001 0.04770833333333334 0.029179687500000002 0.09279166666666668
0 0.9896328125 0.2792222222222222 0.0207265625 0.12818055555555558
0 0.536421875 0.023027777777777775 0.026976562500000002 0.045861111111111116
0 0.1897421875 0.5094166666666666 0.0338359375 0.13719444444444445
0 0.21861718749999998 0.5277083333333333 0.0405859375 0.14702777777777779
0 0.64559375 0.04413888888888889 0.0270390625 0.08826388888888889
0 0.9917031250000001 0.021291666666666667 0.0166015625 0.04225
0 0.2488828125 0.5160416666666667 0.0328671875 0.12891666666666665
0 0.15221875 0.08324999999999999 0.0288046875 0.09348611111111112
0 0.9865546875 0.4802222222222222 0.026890625 0.1482638888888889
0 0.9460468750000001 0.010944444444444444 0.020671875 0.021486111111111112
0 0.1255703125 0.04791666666666667 0.029453125000000004 0.09584722222222222
0 0.5009375 0.011624999999999998 0.021171875 0.023111111111111114
0 0.9373046875 0.98825 0.045296875 0.023500000000000004
0 0.119265625 0.9889305555555555 0.046296875 0.022125
0 0.0048125 0.8509444444444444 0.0090703125 0.08073611111111112
