0 0.5991328125 0.27811111111111114 0.0288515625 0.10918055555555556
0 0.49098437500000003 0.47031944444444446 0.03690625 0.14075000000000001
0 0.38470312500000003 0.1884722222222222 0.0285234375 0.11419444444444445
0 0.8544453125 0.3530833333333333 0.036546875 0.15065277777777777
0 0.93359375 0.9083611111111111 0.0631953125 0.17905555555555555
0 0.5683671875 0.4633611111111111 0.0369609375 0.151125
0 0.0638046875 0.9629583333333334 0.061789062500000005 0.07408333333333333
0 0.7295 0.0921111111111111 0.0201328125 0.123375
0 0.5323984375 0.9627499999999999 0.056851562499999994 0.0745
0 0.597265625 0.034319444444444444 0.033515625 0.06863888888888889
0 0.6534296875 0.7170138888888888 0.0458359375 0.1882777777777778
0 0.0551875 0.67875 0.04946875 0.18087499999999998
0 0.2970703125 0.5759166666666667 0.04446875 0.14520833333333333
0 0.4903046875 0.15230555555555556 0.0239609375 0.11751388888888889
0 0.9389453124999999 0.36891666666666667 0.041749999999999995 0.1505
0 0.9082578124999999 0.17565277777777777 0.0457734375 0.20066666666666666
0 0.37727343750000003 0.05623611111111111 0.0249609375 0.10725
0 0.5165234375 0.36427777777777776 0.0386015625 0.15519444444444444
0 0.37014843750000004 0.27149999999999996 0.032625 0.14006944444444444
0 0.62171875 0.248 0.028679687500000002 0.11487499999999999
0 0.5414296875 0.6390555555555556 0.027609375000000002 0.1485277777777778
0 0.3826015625 0.7946805555555555 0.05765625 0.2221111111111111
0 0.42810156250000003 0.09430555555555556 0.023570312500000003 0.11831944444444444
0 0.054015625 0.15783333333333333 0.032515625 0.11715277777777777
0 0.4571484375 0.09784722222222222 0.029312500000000002 0.1288888888888889
0 0.302390625 0.45233333333333337 0.0349609375 0.132
0 0.22282812500000002 0.4569861111111111 0.025109375 0.058125
0 0.6754296875 0.047736111111111104 0.022109375 0.09334722222222222
0 0.989109375 0.28404166666666664 0.02178125 0.12816666666666668
0 0.64615625 0.04336111111111111 0.02590625 0.08670833333333333
0 0.189953125 0.5100972222222222 0.0351171875 0.1391388888888889
0 0.12589843750000002 0.050083333333333334 0.031796875 0.10018055555555555
0 0.2190390625 0.5298055555555555 0.0399375 0.1475972222222222
0 0.537109375 0.022416666666666668 0.02084375 0.04468055555555556
0 0.9889296875 0.4860555555555555 0.0221484375 0.14051388888888888
0 0.9921875 0.019930555555555556 0.015320312499999999 0.03986111111111111
0 0.150203125 0.08605555555555555 0.026640625 0.0947361111111111
0 0.2488359375 0.518888888888889 0.032125 0.13156944444444446
0 0.9463125 0.010986111111111111 0.021109375 0.021555555555555553
0 0.5012109375 0.011750000000000002 0.02059375 0.023319444444444445
0 0.626484375 0.03818055555555555 0.022515625 0.07087500000000001
0 0.11870312499999999 0.9923611111111111 0.0395859375 0.01526388888888889
