0 0.38589843749999997 0.18213888888888888 0.029734375 0.1108888888888889
0 0.49175 0.47344444444444445 0.037101562500000004 0.1366388888888889
0 0.568125 0.45434722222222224 0.0363828125 0.14297222222222222
0 0.5991171875 0.2861666666666667 0.0288828125 0.11363888888888887
0 0.8493359375 0.3418333333333333 0.0365703125 0.1456388888888889
0 0.060375 0.9693611111111112 0.059390624999999996 0.06127777777777777
0 0.3010859375 0.4573333333333333 0.033578125 0.1267361111111111
0 0.9370546875000001 0.9102361111111111 0.0684140625 0.17350000000000002
0 0.49028124999999995 0.15404166666666666 0.0249609375 0.11699999999999999
0 0.7294765625 0.09130555555555554 0.019890625000000002 0.12376388888888888
0 0.543390625 0.62525 0.0276328125 0.1470138888888889
0 0.9404843749999999 0.3713194444444445 0.041671875000000004 0.14479166666666668
0 0.3738125 0.2704722222222222 0.0321953125 0.13965277777777776
0 0.6535546875 0.7028333333333333 0.045390625000000004 0.1797777777777778
0 0.3010859375 0.5894027777777778 0.04609375 0.14895833333333333
0 0.37753125 0.05316666666666667 0.0240390625 0.10218055555555555
0 0.5286171875 0.9661805555555555 0.0528671875 0.06763888888888889
0 0.6203203125 0.24516666666666667 0.029898437500000003 0.11666666666666667
0 0.0572890625 0.6738333333333334 0.0484453125 0.1687638888888889
0 0.5204921875 0.37527777777777777 0.0405703125 0.15556944444444445
0 0.5983046875 0.03240277777777777 0.0363046875 0.06480555555555555
0 0.909328125 0.21706944444444443 0.03940625 0.13025
0 0.45710937500000004 0.09919444444444445 0.028476562500000004 0.1240138888888889
0 0.67615625 0.04573611111111111 0.026039062499999998 0.09147222222222222
0 0.3824296875 0.7882499999999999 0.0581640625 0.2189027777777778
0 0.42702343750000005 0.09308333333333332 0.024015625 0.11820833333333333
0 0.053484374999999994 0.15720833333333334 0.033171875 0.11856944444444445
0 0.22277343749999998 0.45551388888888894 0.024742187500000002 0.05591666666666666
0 0.12675 0.05511111111111111 0.032242187500000005 0.107625
0 0.9243046874999999 0.11981944444444444 0.0280390625 0.09275
0 0.1899296875 0.5086666666666667 0.035046875 0.13734722222222223
0 0.9901171874999999 0.2847222222222222 0.0197578125 0.13061111111111112
0 0.2191328125 0.5290833333333333 0.0392265625 0.147125
0 0.1558515625 0.08181944444444444 0.0294921875 0.09868055555555555
0 0.2488203125 0.5130138888888889 0.0326796875 0.13208333333333333
0 0.6460625 0.041833333333333333 0.024609375 0.08368055555555555
0 0.9008828125000001 0.1342361111111111 0.030289062500000002 0.10970833333333332
0 0.9934453124999999 0.019444444444444445 0.0127265625 0.03888888888888889
0 0.5379609375000001 0.021861111111111112 0.0199140625 0.043555555555555556
0 0.9893124999999999 0.5077638888888889 0.020421875 0.0953888888888889
0 0.9459921874999999 0.010541666666666666 0.0196953125 0.020694444444444446
0 0.502546875 0.011180555555555556 0.0193359375 0.022361111111111113
0 0.6236328125 0.03938888888888889 0.025484374999999997 0.06845833333333333
