0 0.49167187500000004 0.4984027777777778 0.037546875 0.14518055555555556
0 0.567609375 0.43440277777777775 0.0372265625 0.14055555555555557
0 0.3866171875 0.16922222222222222 0.028164062499999996 0.11029166666666666
0 0.589453125 0.029916666666666664 0.023984375 0.059819444444444446
0 0.60225 0.29491666666666666 0.028390625000000003 0.10734722222222223
0 0.29840625 0.47056944444444443 0.0336796875 0.11686111111111111
0 0.07650781250000001 0.7102777777777778 0.0588984375 0.19080555555555556
0 0.5175156249999999 0.38486111111111115 0.0398671875 0.15534722222222222
0 0.843234375 0.32193055555555555 0.040375 0.13477777777777777
0 0.9411796875 0.38823611111111106 0.0443359375 0.15298611111111113
0 0.9655234374999999 0.9445138888888889 0.061820312499999995 0.1109861111111111
0 0.30246875 0.6084027777777778 0.04890625 0.15315277777777778
0 0.49017968749999996 0.16765277777777776 0.0240078125 0.124375
0 0.6553203125 0.6583749999999999 0.045109375 0.16843055555555556
0 0.7300625000000001 0.09073611111111111 0.0190546875 0.12441666666666666
0 0.373828125 0.24981944444444446 0.0318046875 0.12818055555555558
0 0.16971875 0.08315277777777777 0.033015625 0.09306944444444445
0 0.5437578125 0.6089444444444444 0.031234374999999998 0.15075
0 0.6779531249999999 0.04700000000000001 0.034 0.09098611111111111
0 0.4277109375 0.08934722222222222 0.023195312500000002 0.1171111111111111
0 0.6164921875 0.22962500000000002 0.033 0.1078611111111111
0 0.3795859375 0.7447083333333334 0.050124999999999996 0.19829166666666667
0 0.378390625 0.04831944444444444 0.022296875 0.09055555555555556
0 0.0508828125 0.15825 0.031328125 0.12305555555555554
0 0.12484375 0.058041666666666665 0.029281249999999998 0.11326388888888889
0 0.4569296875 0.09513888888888888 0.028054687499999998 0.11952777777777777
0 0.6099218750000001 0.023166666666666665 0.021078125 0.04633333333333333
0 0.9082265625 0.22556944444444443 0.035609375 0.12906944444444446
0 0.9907031249999999 0.29375 0.0186015625 0.129125
0 0.1898125 0.5095416666666667 0.034515625 0.13975
0 0.5173984375 0.9836527777777778 0.0471015625 0.03269444444444444
0 0.21981250000000002 0.5285277777777778 0.039609375 0.14683333333333334
0 0.9252109374999999 0.1376388888888889 0.027859375 0.1093611111111111
0 0.2223125 0.4567638888888889 0.025546875000000004 0.057499999999999996
0 0.2492734375 0.5174444444444445 0.031015625 0.13261111111111112
0 0.9935390625 0.020805555555555556 0.012921875 0.04161111111111111
0 0.9034375000000001 0.14175000000000001 0.0298046875 0.09311111111111112
0 0.6997421875 0.01598611111111111 0.029546875 0.03195833333333334
0 0.9456875 0.010222222222222223 0.017078125 0.020055555555555556
0 0.5401875 0.017444444444444446 0.0145546875 0.034874999999999996
0 0.5006796875 0.015666666666666666 0.0181796875 0.03130555555555555
0 0.6457265624999999 0.037986111111111116 0.020296875 0.07595833333333334
0 0.6207734375 0.04145833333333333 0.022734375 0.06154166666666667
