0 0.567734375 0.430125 0.0364609375 0.14252777777777778
0 0.49028124999999995 0.5072083333333334 0.0387734375 0.1468888888888889
0 0.3859765625 0.16659722222222223 0.026773437500000004 0.1124861111111111
0 0.29775 0.6139166666666667 0.0472109375 0.15390277777777778
0 0.5892265625 0.02795833333333333 0.0248203125 0.05591666666666666
0 0.29678125 0.47461111111111115 0.0334765625 0.11223611111111112
0 0.9411171875000001 0.39923611111111107 0.044234375 0.1578888888888889
0 0.8417265625000001 0.31920833333333337 0.0405 0.13925
0 0.6035390625 0.3027222222222222 0.027000000000000003 0.10906944444444444
0 0.07864062499999999 0.7185 0.0546953125 0.18356944444444442
0 0.516796875 0.38840277777777776 0.03984375 0.15390277777777778
0 0.4915234375 0.17172222222222222 0.026039062499999998 0.1282361111111111
0 0.6573671875 0.6520416666666667 0.0448828125 0.17825
0 0.42806249999999996 0.08991666666666666 0.023796875000000002 0.12131944444444444
0 0.73 0.090625 0.0191484375 0.12459722222222222
0 0.3781640625 0.04573611111111111 0.0224921875 0.08805555555555555
0 0.544421875 0.6017777777777777 0.031234374999999998 0.15175
0 0.05044531249999999 0.15879166666666666 0.0286328125 0.12190277777777778
0 0.3767421875 0.7295972222222221 0.0514765625 0.18902777777777777
0 0.174359375 0.08048611111111112 0.029625000000000002 0.0958611111111111
0 0.1252421875 0.057805555555555554 0.030351562500000002 0.11537499999999999
0 0.3729765625 0.24402777777777776 0.0288515625 0.13270833333333332
0 0.45701562500000004 0.095375 0.02946875 0.1211388888888889
0 0.6722812499999999 0.04606944444444445 0.0241640625 0.08908333333333333
0 0.9652265625 0.9550138888888889 0.060343749999999995 0.08705555555555555
0 0.9095546875 0.22683333333333333 0.035671875 0.13081944444444443
0 0.6165859375 0.21944444444444444 0.0337578125 0.10693055555555554
0 0.6104921875 0.025722222222222223 0.022359375 0.05145833333333333
0 0.189609375 0.5098333333333334 0.0338046875 0.13959722222222223
0 0.702109375 0.01633333333333333 0.02878125 0.03266666666666666
0 0.249421875 0.5165555555555555 0.030867187499999997 0.13234722222222223
0 0.2202109375 0.5277638888888889 0.040046874999999996 0.14883333333333332
0 0.99125 0.29630555555555554 0.0174921875 0.12694444444444444
0 0.636125 0.042972222222222224 0.027914062499999996 0.08590277777777779
0 0.5418515625 0.01634722222222222 0.015570312499999999 0.03269444444444444
0 0.22278906250000002 0.45915277777777774 0.027523437499999998 0.058930555555555555
0 0.9458046875000001 0.010222222222222223 0.017710937500000003 0.020055555555555556
0 0.9265390625000001 0.13683333333333333 0.02740625 0.10806944444444445
0 0.5003124999999999 0.015208333333333332 0.0194921875 0.030250000000000003
0 0.993625 0.021638888888888888 0.012750000000000001 0.043291666666666666
0 0.987703125 0.953861111111111 0.024015625 0.09195833333333332
0 0.520796875 0.014291666666666666 0.015 0.028583333333333332
