0 0.5693203125 0.42154166666666665 0.0334296875 0.1468611111111111
0 0.294625 0.4867222222222222 0.0343515625 0.13277777777777777
0 0.490046875 0.5100416666666667 0.037609375 0.13879166666666667
0 0.6056015625 0.3108888888888889 0.0266171875 0.10768055555555556
0 0.94159375 0.40898611111111116 0.04446875 0.1537361111111111
0 0.080140625 0.7193750000000001 0.051234375 0.17680555555555555
0 0.49157812500000003 0.1720972222222222 0.02396875 0.1223888888888889
0 0.6616796875000001 0.6337083333333333 0.04171875 0.1663888888888889
0 0.37482812499999996 0.7244027777777778 0.0570546875 0.20716666666666667
0 0.2964296875 0.6283472222222223 0.044109375 0.1632361111111111
0 0.5454609375 0.5803888888888888 0.030015625 0.14368055555555556
0 0.42934374999999997 0.08877777777777777 0.0258359375 0.11325
0 0.8399296875 0.30677777777777776 0.036789062500000004 0.13949999999999999
0 0.4570390625 0.0942361111111111 0.027992187499999998 0.12122222222222222
0 0.515140625 0.40084722222222224 0.0407890625 0.16161111111111112
0 0.5899687499999999 0.025361111111111112 0.0230390625 0.05070833333333333
0 0.3854375 0.16329166666666667 0.026914062500000002 0.11854166666666666
0 0.37336718750000003 0.240875 0.0307734375 0.13391666666666666
0 0.1258671875 0.06066666666666667 0.0361796875 0.12133333333333333
0 0.050687499999999996 0.15872222222222224 0.0299375 0.12368055555555556
0 0.7299921875 0.08955555555555555 0.019953125 0.12505555555555556
0 0.6698906250000001 0.044236111111111115 0.021421875 0.085
0 0.9738359375 0.9699583333333334 0.0523359375 0.06008333333333333
0 0.37721875 0.041694444444444444 0.0225546875 0.083375
0 0.1789921875 0.07545833333333334 0.024125 0.09656944444444444
0 0.6163828125 0.2175972222222222 0.028468749999999998 0.09884722222222223
0 0.1896875 0.5093194444444444 0.033687499999999995 0.14022222222222222
0 0.713375 0.017472222222222222 0.022859375 0.034958333333333334
0 0.24964843750000001 0.5145138888888888 0.030593749999999996 0.13016666666666665
0 0.220765625 0.5275277777777778 0.041140625 0.14980555555555555
0 0.22203124999999999 0.4546805555555556 0.026023437500000003 0.059750000000000004
0 0.501578125 0.017055555555555553 0.018882812500000002 0.034111111111111106
0 0.6400546874999999 0.042388888888888886 0.028976562500000004 0.08479166666666667
0 0.5436640625 0.013861111111111112 0.0153046875 0.027722222222222224
0 0.9920390625 0.30672222222222223 0.0159296875 0.11011111111111112
0 0.928859375 0.1346527777777778 0.026273437500000003 0.10205555555555557
0 0.9464218750000001 0.01 0.018796874999999998 0.019625
0 0.9135390624999999 0.20262499999999997 0.037046875 0.07440277777777778
0 0.6195078125 0.035069444444444445 0.0272890625 0.06945833333333333
0 0.9084218749999999 0.2653333333333333 0.023796875000000002 0.07152777777777777
0 0.9126875 0.13531944444444446 0.0249453125 0.091
0 0.99453125 0.020916666666666667 0.0109453125 0.041833333333333333
0 0.5201640624999999 0.014402777777777776 0.015757812500000003 0.02873611111111111
0 0.611921875 0.026333333333333334 0.0212734375 0.05266666666666667
