0 0.5696875 0.41031944444444446 0.0351171875 0.1436111111111111
0 0.6078125 0.31381944444444443 0.02709375 0.1082638888888889
0 0.2944609375 0.4894583333333334 0.0341171875 0.12552777777777777
0 0.6622421875 0.6241805555555556 0.042312499999999996 0.15752777777777777
0 0.48968749999999994 0.5125555555555555 0.03775 0.1411111111111111
0 0.8393984375000001 0.30548611111111107 0.03578125 0.14108333333333334
0 0.9455937499999999 0.4075416666666667 0.044703124999999996 0.1507638888888889
0 0.49157812500000003 0.17633333333333331 0.0243125 0.12227777777777779
0 0.3751796875 0.7221805555555556 0.057460937499999996 0.21433333333333332
0 0.0812734375 0.7259861111111111 0.049171875 0.17923611111111112
0 0.3736875 0.23804166666666665 0.031328125 0.13411111111111113
0 0.4300859375 0.08645833333333333 0.025210937500000002 0.11699999999999999
0 0.2986875 0.6342777777777778 0.042046875 0.1597361111111111
0 0.3768515625 0.04484722222222222 0.025265625000000003 0.08576388888888889
0 0.5148203125 0.4079305555555555 0.039781250000000004 0.16044444444444445
0 0.547296875 0.5713055555555555 0.0280390625 0.13919444444444445
0 0.456734375 0.0927361111111111 0.0276796875 0.12255555555555554
0 0.38496874999999997 0.16234722222222223 0.027703125000000002 0.11990277777777777
0 0.1261875 0.059652777777777784 0.034984375 0.11930555555555557
0 0.051453125 0.1588611111111111 0.0295390625 0.12320833333333332
0 0.6175625 0.21216666666666664 0.02859375 0.10243055555555555
0 0.729640625 0.08852777777777777 0.0200625 0.12508333333333332
0 0.1827578125 0.07456944444444444 0.0245390625 0.09584722222222222
0 0.7148984375 0.016666666666666666 0.02790625 0.03333333333333333
0 0.6688671875 0.044375 0.0222421875 0.08366666666666667
0 0.9098828125 0.23095833333333332 0.038421875 0.13352777777777777
0 0.972609375 0.9725833333333334 0.0547890625 0.05484722222222223
0 0.590734375 0.024527777777777777 0.022265625 0.049055555555555554
0 0.1899375 0.5096944444444444 0.033773437499999996 0.1413888888888889
0 0.222421875 0.45358333333333334 0.026289062499999998 0.06043055555555555
0 0.2501171875 0.513875 0.030375000000000003 0.12945833333333331
0 0.22088281250000003 0.5285416666666667 0.040421875 0.14670833333333333
0 0.5022578125 0.01798611111111111 0.0193125 0.03597222222222222
0 0.54384375 0.014083333333333335 0.01603125 0.028180555555555556
0 0.913234375 0.138625 0.0268515625 0.09674999999999999
0 0.9327421875 0.13794444444444443 0.029296875 0.09773611111111112
0 0.9465312499999999 0.00986111111111111 0.017671875 0.019375
0 0.9925546875 0.3037083333333333 0.014890625 0.10750000000000001
0 0.6184375 0.035875 0.026171875 0.07088888888888889
0 0.99503125 0.021111111111111112 0.009929687500000001 0.042208333333333334
0 0.6360703125 0.043194444444444445 0.028718749999999998 0.08491666666666667
0 0.6129140625 0.024388888888888887 0.01946875 0.04876388888888889
