0 0.8385859375000001 0.29866666666666664 0.0344609375 0.13731944444444444
0 0.66246875 0.6163333333333333 0.042140625 0.15944444444444444
0 0.570140625 0.40544444444444444 0.0352890625 0.1413611111111111
0 0.6090312499999999 0.31519444444444444 0.0288125 0.10805555555555556
0 0.0835859375 0.739111111111111 0.0471484375 0.19033333333333333
0 0.490453125 0.5179027777777777 0.03696875 0.1463888888888889
0 0.9466015625 0.40863888888888894 0.0446484375 0.14863888888888888
0 0.2943671875 0.49326388888888884 0.03490625 0.12894444444444444
0 0.37675000000000003 0.7164305555555556 0.0590703125 0.2078611111111111
0 0.4312421875 0.08426388888888889 0.027390625000000002 0.11658333333333333
0 0.49155468750000003 0.17877777777777779 0.025062499999999998 0.12195833333333334
0 0.7180703125 0.015402777777777777 0.0316953125 0.030819444444444448
0 0.376515625 0.043222222222222224 0.026039062499999998 0.08263888888888889
0 0.54790625 0.5675972222222222 0.0251484375 0.14033333333333334
0 0.37306249999999996 0.2297638888888889 0.031156250000000003 0.13322222222222221
0 0.29409375 0.6415972222222222 0.041203125 0.16133333333333333
0 0.617875 0.21251388888888886 0.029265625 0.10870833333333332
0 0.45715625 0.09204166666666666 0.028359375 0.12476388888888888
0 0.051460937500000005 0.15858333333333335 0.030656250000000003 0.12468055555555554
0 0.18621875000000002 0.07352777777777778 0.0262265625 0.09677777777777778
0 0.38528125 0.15606944444444446 0.0281484375 0.11472222222222221
0 0.513390625 0.41041666666666665 0.041015625 0.15759722222222222
0 0.1263828125 0.06047222222222222 0.0351796875 0.12094444444444444
0 0.5872109375 0.02266666666666667 0.0216796875 0.04533333333333334
0 0.7305078125 0.08438888888888889 0.021156249999999998 0.13372222222222221
0 0.667921875 0.044180555555555556 0.022218750000000002 0.08326388888888889
0 0.25010937499999997 0.5100972222222222 0.0304140625 0.13052777777777777
0 0.1896328125 0.5089444444444444 0.0336484375 0.1421388888888889
0 0.2229453125 0.4539722222222222 0.027000000000000003 0.06591666666666667
0 0.2197265625 0.5186944444444445 0.039304687500000005 0.15104166666666666
0 0.502703125 0.018125000000000002 0.01853125 0.036250000000000004
0 0.5441484375 0.013125 0.016273437499999998 0.02625
0 0.9350937500000001 0.13876388888888888 0.026742187499999997 0.09918055555555555
0 0.9731015624999999 0.9862500000000001 0.053796875 0.02748611111111111
0 0.9131171874999999 0.2457777777777778 0.042210937500000004 0.13295833333333335
0 0.9465078124999999 0.009513888888888888 0.01878125 0.018680555555555554
0 0.6196796875 0.035083333333333334 0.0278203125 0.07016666666666667
0 0.9139062499999999 0.14144444444444446 0.029429687500000003 0.10168055555555555
0 0.5205390624999999 0.015611111111111112 0.0165625 0.03120833333333333
0 0.6410625 0.03884722222222222 0.027125 0.07572222222222223
0 0.9955078125 0.022041666666666664 0.0088515625 0.044069444444444446
0 0.9932734375000001 0.3119166666666667 0.0134453125 0.12273611111111112
