0 0.8382578125 0.2965138888888889 0.0347109375 0.13819444444444445
0 0.6090703125 0.31543055555555555 0.029140624999999996 0.10781944444444444
0 0.569921875 0.4024722222222222 0.03609375 0.14158333333333334
0 0.662796875 0.6156111111111111 0.0428828125 0.16259722222222223
0 0.49060156250000003 0.519375 0.0364296875 0.14380555555555558
0 0.947203125 0.41174999999999995 0.044328125 0.15070833333333333
0 0.377390625 0.7145555555555556 0.057882812500000005 0.2078611111111111
0 0.084890625 0.7440277777777778 0.0468359375 0.1914583333333333
0 0.2931796875 0.4962638888888889 0.0352578125 0.13427777777777777
0 0.43159375000000005 0.08388888888888889 0.027296874999999998 0.11641666666666665
0 0.372796875 0.2273888888888889 0.030328125 0.13056944444444446
0 0.7198515624999999 0.016180555555555556 0.03565625 0.032375
0 0.187953125 0.07748611111111112 0.029046875 0.09433333333333334
0 0.5481328125 0.5647777777777777 0.02703125 0.14223611111111112
0 0.4912109375 0.18118055555555554 0.023921875000000002 0.12079166666666666
0 0.5128515625000001 0.4105694444444445 0.039468750000000004 0.15855555555555556
0 0.2983671875 0.6444583333333334 0.042726562499999995 0.15869444444444444
0 0.376125 0.041999999999999996 0.024296875000000002 0.07970833333333334
0 0.3842890625 0.15745833333333334 0.028390625000000003 0.11837500000000001
0 0.45600781250000005 0.08927777777777778 0.026859375 0.12204166666666667
0 0.61796875 0.21322222222222223 0.0301328125 0.11655555555555555
0 0.051640624999999996 0.158375 0.032234374999999996 0.1249027777777778
0 0.7309609375 0.08354166666666667 0.0223046875 0.13472222222222222
0 0.126265625 0.06191666666666666 0.0362109375 0.12383333333333332
0 0.587125 0.021458333333333333 0.021703125 0.042902777777777776
0 0.22259375 0.4544027777777778 0.026578125 0.07065277777777777
0 0.249921875 0.5130694444444445 0.030609375 0.13093055555555555
0 0.668296875 0.041277777777777774 0.0248828125 0.08255555555555555
0 0.22112500000000002 0.5262916666666667 0.0415703125 0.15065277777777777
0 0.9360312499999999 0.141625 0.025281249999999998 0.10422222222222223
0 0.5445234375 0.012597222222222223 0.0158203125 0.025194444444444446
0 0.5023359375 0.01788888888888889 0.018765625 0.03576388888888889
0 0.1893125 0.5082361111111111 0.0335 0.14441666666666667
0 0.910140625 0.23716666666666666 0.036765625 0.1265138888888889
0 0.9182343749999999 0.140875 0.031859375 0.10637500000000001
0 0.5204765625000001 0.015347222222222224 0.016234375000000002 0.030694444444444448
0 0.9764921875000001 0.9879166666666666 0.047015625 0.024166666666666666
0 0.641859375 0.03981944444444445 0.027492187499999998 0.0796388888888889
0 0.6184453125 0.035875 0.027273437499999997 0.07175
0 0.946625 0.009375 0.018687500000000003 0.018416666666666668
0 0.9954375000000001 0.02448611111111111 0.0091171875 0.04897222222222222
