0 0.609453125 0.3347638888888889 0.0333984375 0.11691666666666668
0 0.83315625 0.2871388888888889 0.0332421875 0.13690277777777776
0 0.383296875 0.6768194444444444 0.052492187499999995 0.17248611111111112
0 0.663703125 0.5991111111111111 0.041796875 0.1642361111111111
0 0.5690625 0.3935138888888889 0.0340703125 0.14033333333333334
0 0.6171796875 0.20104166666666667 0.0290390625 0.10780555555555556
0 0.49293750000000003 0.5380972222222222 0.0384765625 0.15194444444444447
0 0.3771171875 0.033680555555555554 0.0268671875 0.06736111111111111
0 0.38525 0.14345833333333335 0.026671875 0.11465277777777777
0 0.092375 0.7611805555555555 0.05346093750000001 0.18094444444444444
0 0.952484375 0.42947222222222226 0.041671875000000004 0.15716666666666665
0 0.37159375 0.21248611111111113 0.031148437499999997 0.12956944444444446
0 0.49037499999999995 0.18516666666666665 0.025031249999999998 0.12683333333333333
0 0.5120703125 0.41611111111111115 0.0393984375 0.158875
0 0.4335078125 0.08156944444444444 0.02475 0.11545833333333333
0 0.2980625 0.5044444444444445 0.03753125 0.1453611111111111
0 0.296046875 0.6524861111111111 0.04325 0.15294444444444444
0 0.454703125 0.08145833333333333 0.027390625000000002 0.11566666666666667
0 0.7314140625000001 0.08777777777777779 0.0236328125 0.12459722222222222
0 0.5491718750000001 0.549875 0.026140625 0.14216666666666666
0 0.125546875 0.0645138888888889 0.038203125 0.12544444444444444
0 0.663046875 0.041125 0.028367187500000002 0.07965277777777778
0 0.05144531249999999 0.15718055555555555 0.0318046875 0.12386111111111112
0 0.9172343749999999 0.23631944444444444 0.0370625 0.14370833333333333
0 0.9416874999999999 0.14990277777777777 0.0283125 0.11769444444444443
0 0.5913906250000001 0.018055555555555554 0.0214140625 0.03611111111111111
0 0.2232265625 0.45408333333333334 0.026468750000000003 0.07062500000000001
0 0.1999453125 0.07195833333333333 0.0301328125 0.09773611111111112
0 0.22042968749999997 0.5258888888888889 0.041640625 0.14879166666666666
0 0.7266874999999999 0.01351388888888889 0.033 0.02701388888888889
0 0.2469140625 0.5117222222222222 0.0313984375 0.13019444444444445
0 0.52078125 0.01584722222222222 0.0200625 0.03155555555555555
0 0.9220390625 0.14980555555555555 0.027125 0.10211111111111111
0 0.50159375 0.01936111111111111 0.019921875 0.03870833333333334
0 0.189609375 0.50425 0.03365625 0.14065277777777777
0 0.63896875 0.035375 0.0278984375 0.07073611111111111
0 0.6147109375 0.03969444444444444 0.024328125 0.07506944444444444
0 0.5461406249999999 0.009444444444444445 0.014578125 0.018583333333333334
0 0.6159687500000001 0.013486111111111112 0.021492187500000003 0.026972222222222224
0 0.9941718749999999 0.28806944444444443 0.01165625 0.05683333333333333
0 0.9461640625 0.008222222222222223 0.018546874999999997 0.016125
