0 0.610390625 0.33655555555555555 0.031718750000000004 0.11705555555555555
0 0.8331250000000001 0.2861388888888889 0.0334765625 0.13819444444444445
0 0.663625 0.5909444444444445 0.0412265625 0.16325
0 0.3836015625 0.6664166666666667 0.0507734375 0.16627777777777777
0 0.5690546875 0.39116666666666666 0.033437499999999995 0.13856944444444444
0 0.6175859375 0.20066666666666666 0.029375000000000002 0.10916666666666666
0 0.4931953125 0.5410416666666666 0.0392265625 0.1433472222222222
0 0.3855546875 0.14166666666666666 0.0267890625 0.11313888888888889
0 0.09224218749999999 0.7664305555555556 0.052992187499999996 0.18116666666666667
0 0.29603125 0.6543472222222222 0.043437500000000004 0.14997222222222223
0 0.3710390625 0.21108333333333332 0.0303359375 0.12768055555555557
0 0.490828125 0.18545833333333334 0.025062499999999998 0.12529166666666666
0 0.434546875 0.08029166666666666 0.02525 0.11645833333333333
0 0.9529609375 0.4389305555555555 0.0434296875 0.15905555555555556
0 0.5072265625 0.4209027777777778 0.0398671875 0.15438888888888888
0 0.731390625 0.08733333333333333 0.0221640625 0.12297222222222223
0 0.377734375 0.03318055555555555 0.0245703125 0.066375
0 0.297640625 0.5076388888888889 0.037851562500000005 0.1423611111111111
0 0.663296875 0.04031944444444445 0.028000000000000004 0.078125
0 0.9146640625 0.2393611111111111 0.0380625 0.1432361111111111
0 0.5495 0.5472222222222223 0.026476562500000002 0.14175000000000001
0 0.0511953125 0.157 0.0310859375 0.12426388888888888
0 0.455546875 0.08097222222222222 0.0282890625 0.11569444444444445
0 0.1255546875 0.06493055555555556 0.0379921875 0.12469444444444444
0 0.731609375 0.014305555555555556 0.0322265625 0.02861111111111111
0 0.2233984375 0.4538333333333333 0.026828125 0.06945833333333333
0 0.521015625 0.015930555555555555 0.020617187500000002 0.03175
0 0.9418359374999999 0.15004166666666666 0.0287421875 0.11740277777777777
0 0.59215625 0.017708333333333333 0.02025 0.035416666666666666
0 0.220265625 0.5256527777777779 0.04159375 0.14855555555555555
0 0.2472265625 0.511375 0.031656250000000004 0.12940277777777778
0 0.5015546875 0.019805555555555555 0.0200390625 0.039625
0 0.201171875 0.07130555555555557 0.0273203125 0.095375
0 0.1900078125 0.5048611111111111 0.034164062499999995 0.14147222222222222
0 0.6148203125 0.03772222222222222 0.0246953125 0.07301388888888889
0 0.6393515625 0.034972222222222224 0.0287578125 0.06994444444444445
0 0.9225859375000001 0.14859722222222221 0.025710937499999996 0.10069444444444445
0 0.5465078125 0.009152777777777777 0.0155078125 0.018000000000000002
0 0.9464218750000001 0.008055555555555555 0.019015625 0.015805555555555555
0 0.61621875 0.013319444444444445 0.0201640625 0.02663888888888889
0 0.9947265625 0.2902222222222222 0.0105546875 0.06033333333333333
