0 0.8323124999999999 0.2798055555555556 0.035796875 0.14444444444444443
0 0.6111718749999999 0.339375 0.028695312499999997 0.112125
0 0.5687578125 0.3783472222222223 0.033515625 0.13820833333333335
0 0.663890625 0.5663611111111111 0.042125 0.15620833333333334
0 0.29203125 0.5160694444444445 0.0377109375 0.12726388888888887
0 0.490765625 0.189375 0.028054687499999998 0.11977777777777777
0 0.09539062499999999 0.7753611111111111 0.0512890625 0.17980555555555558
0 0.3855234375 0.1297361111111111 0.0267578125 0.10440277777777777
0 0.49559375 0.5494305555555555 0.03996875 0.14904166666666668
0 0.3823359375 0.6564305555555555 0.0532890625 0.19622222222222221
0 0.61784375 0.1985138888888889 0.0287734375 0.11575
0 0.9551562499999999 0.44433333333333336 0.046617187500000004 0.15915277777777778
0 0.29898437499999997 0.6745138888888889 0.0473125 0.1623888888888889
0 0.3712578125 0.20676388888888889 0.030171874999999997 0.12940277777777778
0 0.550390625 0.5237777777777778 0.027609375000000002 0.14254166666666665
0 0.4361328125 0.076875 0.0244140625 0.11625
0 0.510796875 0.43173611111111115 0.039304687500000005 0.1555277777777778
0 0.7318046875 0.08615277777777777 0.023484375 0.12559722222222222
0 0.45669531250000006 0.07865277777777778 0.0288515625 0.10808333333333332
0 0.051070312500000006 0.15655555555555556 0.029226562499999997 0.1217638888888889
0 0.123703125 0.06780555555555555 0.040109375 0.12273611111111112
0 0.2236328125 0.44848611111111114 0.027875 0.06736111111111111
0 0.2060859375 0.07073611111111111 0.020015625000000002 0.09708333333333334
0 0.9171484375000001 0.24529166666666669 0.040531250000000005 0.14229166666666668
0 0.3797421875 0.03151388888888889 0.020617187500000002 0.06302777777777778
0 0.662734375 0.03775 0.025539062499999998 0.0755
0 0.2503125 0.5081805555555555 0.031203124999999998 0.12877777777777777
0 0.9449453125 0.15638888888888888 0.028968749999999998 0.11740277777777777
0 0.190625 0.5045000000000001 0.03225 0.143375
0 0.5016796875 0.021972222222222223 0.0197265625 0.043930555555555556
0 0.5939765625 0.016013888888888887 0.0185546875 0.03202777777777777
0 0.22032812499999999 0.5242777777777778 0.0420234375 0.1495138888888889
0 0.635625 0.037736111111111116 0.029726562499999998 0.07545833333333334
0 0.5221796875 0.019152777777777776 0.0205546875 0.03829166666666667
0 0.7434609375 0.013569444444444443 0.028585937500000002 0.027138888888888886
0 0.6146484375 0.03806944444444445 0.0244375 0.07390277777777778
0 0.9468515625 0.007597222222222222 0.01990625 0.014902777777777779
0 0.5462421875000001 0.008083333333333333 0.0155390625 0.015930555555555555
0 0.6163125 0.012708333333333334 0.0191796875 0.025416666666666667
