0 0.5684453125 0.35880555555555554 0.0350078125 0.13669444444444445
0 0.8318046875 0.2647777777777778 0.034914062499999995 0.133
0 0.2915390625 0.532375 0.0384765625 0.13329166666666667
0 0.6172187499999999 0.18506944444444445 0.0305078125 0.10847222222222222
0 0.38610937500000003 0.1234861111111111 0.026359375 0.10697222222222222
0 0.9581875 0.46165277777777775 0.047859374999999996 0.1622361111111111
0 0.6665 0.553875 0.0408359375 0.1627222222222222
0 0.1092734375 0.7967916666666668 0.06746875 0.18984722222222222
0 0.4375625 0.07062500000000001 0.0233828125 0.11354166666666667
0 0.4958984375 0.5653333333333334 0.040484375 0.15422222222222223
0 0.61309375 0.352 0.02790625 0.11444444444444445
0 0.301421875 0.6883611111111111 0.0496015625 0.15880555555555556
0 0.5059453125 0.44223611111111116 0.040031250000000004 0.1513611111111111
0 0.489546875 0.20522222222222222 0.0262265625 0.1227638888888889
0 0.3725625 0.18893055555555555 0.030875000000000003 0.12591666666666665
0 0.38228125 0.6421388888888888 0.049539062499999995 0.20156944444444444
0 0.7321875 0.08330555555555555 0.024546875000000003 0.12638888888888888
0 0.4574375 0.07029166666666667 0.025757812499999998 0.11309722222222224
0 0.381578125 0.025625 0.0223359375 0.051236111111111114
0 0.9211953125000001 0.25301388888888887 0.04009375 0.132625
0 0.7573671875 0.015569444444444445 0.0435078125 0.03113888888888889
0 0.21862499999999999 0.06795833333333333 0.027171875 0.0889861111111111
0 0.5503359375 0.5099861111111111 0.0281171875 0.13640277777777776
0 0.1249765625 0.07727777777777778 0.0399609375 0.12306944444444444
0 0.047953125 0.1502638888888889 0.0315390625 0.12375
0 0.9486874999999999 0.15469444444444444 0.0275859375 0.11808333333333333
0 0.50178125 0.023805555555555555 0.0194453125 0.04761111111111111
0 0.928046875 0.15580555555555556 0.0265390625 0.10222222222222221
0 0.22434375 0.44834722222222223 0.026273437500000003 0.06438888888888888
0 0.25006249999999997 0.5058888888888889 0.0330625 0.13190277777777779
0 0.1911875 0.5025833333333334 0.0318125 0.14647222222222223
0 0.5952890625 0.013791666666666666 0.0174296875 0.027597222222222224
0 0.659640625 0.03725 0.0248515625 0.0745
0 0.22117187500000002 0.522888888888889 0.041296875 0.15040277777777777
0 0.52796875 0.02188888888888889 0.021640625 0.043791666666666666
0 0.6335703125000001 0.03725 0.026546874999999998 0.0745138888888889
0 0.6140703125 0.04066666666666667 0.024078125 0.06656944444444444
0 0.9469765625000001 0.0067777777777777775 0.01965625 0.01323611111111111
0 0.5462265625 0.006055555555555556 0.014171875 0.01176388888888889
