0 0.617484375 0.3653888888888889 0.031140624999999998 0.11245833333333333
0 0.5690937500000001 0.3443888888888889 0.0335859375 0.14338888888888887
0 0.9606171874999999 0.4847777777777778 0.0472421875 0.16468055555555555
0 0.49525781249999995 0.5854305555555556 0.0401015625 0.153
0 0.28811718750000004 0.5523194444444445 0.0366328125 0.13295833333333335
0 0.43871874999999994 0.06654166666666667 0.023703125 0.11549999999999999
0 0.29874999999999996 0.7183888888888889 0.0440390625 0.17350000000000002
0 0.48928125 0.20883333333333334 0.02690625 0.11966666666666666
0 0.50109375 0.02661111111111111 0.02734375 0.05322222222222222
0 0.8309453124999999 0.24990277777777778 0.0334765625 0.13969444444444445
0 0.378359375 0.6076944444444444 0.05044531249999999 0.18397222222222223
0 0.6695703125 0.5129166666666667 0.0397265625 0.1511111111111111
0 0.3703828125 0.18159722222222222 0.028953125000000003 0.13022222222222224
0 0.9200156249999999 0.26502777777777775 0.0415390625 0.13813888888888887
0 0.3852578125 0.116375 0.0238828125 0.11254166666666666
0 0.1145546875 0.8226527777777777 0.0555859375 0.1845277777777778
0 0.6161796875000001 0.17481944444444444 0.029421874999999997 0.11437499999999999
0 0.549734375 0.4821388888888889 0.027468749999999997 0.1346527777777778
0 0.1244140625 0.07965277777777778 0.0328203125 0.12045833333333333
0 0.45909374999999997 0.06495833333333334 0.028234375 0.11579166666666667
0 0.508234375 0.4558055555555556 0.04340625 0.15434722222222222
0 0.73146875 0.08176388888888889 0.0235 0.12331944444444445
0 0.9520859375 0.1624861111111111 0.033734375 0.12106944444444445
0 0.5324687499999999 0.024347222222222225 0.021265625 0.04870833333333333
0 0.9323984375000001 0.15984722222222222 0.03240625 0.10329166666666667
0 0.2256640625 0.06526388888888889 0.0221796875 0.09349999999999999
0 0.38203906249999997 0.02225 0.021640625 0.0445
0 0.050875000000000004 0.15512499999999999 0.031421875 0.12259722222222222
0 0.6539531249999999 0.03654166666666667 0.027250000000000003 0.07308333333333333
0 0.2244140625 0.4462638888888889 0.0248203125 0.06344444444444444
0 0.010765625 0.5958333333333333 0.021367187500000002 0.12843055555555555
0 0.7770546875 0.01563888888888889 0.0338359375 0.03127777777777778
0 0.25001562499999996 0.5088888888888888 0.033187499999999995 0.13180555555555556
0 0.6278203125 0.03279166666666666 0.029679687500000003 0.06559722222222222
0 0.21951562500000002 0.5195833333333334 0.042734375000000005 0.15288888888888888
0 0.1909296875 0.502 0.0326640625 0.1463611111111111
0 0.6113125 0.03834722222222222 0.021968750000000002 0.06811111111111111
