0 0.6173984375 0.36945833333333333 0.0330546875 0.11641666666666665
0 0.569078125 0.3420138888888889 0.0337578125 0.13999999999999999
0 0.9608359375 0.49250000000000005 0.047515625 0.16176388888888887
0 0.4956875 0.5870277777777778 0.0399765625 0.149875
0 0.287859375 0.5527777777777778 0.03615625 0.13693055555555556
0 0.438890625 0.06641666666666667 0.02365625 0.1146388888888889
0 0.48903125000000003 0.21361111111111114 0.028015625 0.12000000000000001
0 0.37859375 0.6082222222222222 0.052000000000000005 0.18790277777777778
0 0.2982734375 0.7229444444444444 0.044140625 0.17804166666666665
0 0.500875 0.02795833333333333 0.027187499999999996 0.05591666666666666
0 0.37 0.17923611111111112 0.02828125 0.12934722222222222
0 0.6696875 0.5115972222222223 0.0396875 0.14973611111111113
0 0.8261953125 0.24795833333333334 0.034265625 0.13877777777777778
0 0.385390625 0.11509722222222223 0.023679687499999998 0.11093055555555556
0 0.9200781250000001 0.267375 0.0415703125 0.13856944444444444
0 0.11402343749999999 0.819861111111111 0.05321875 0.1795972222222222
0 0.616671875 0.17258333333333334 0.0297734375 0.11487499999999999
0 0.45925000000000005 0.06480555555555555 0.028359375 0.11591666666666665
0 0.12409375 0.08043055555555555 0.032492187500000005 0.12127777777777776
0 0.55015625 0.4819166666666667 0.0268671875 0.13793055555555556
0 0.53271875 0.025916666666666668 0.023554687499999998 0.05184722222222222
0 0.9522812500000001 0.16641666666666666 0.032921875 0.11895833333333335
0 0.73134375 0.082 0.023625 0.12325
0 0.93359375 0.16084722222222222 0.0316796875 0.09965277777777778
0 0.5082890625 0.4590416666666667 0.04290625 0.151
0 0.22716406249999999 0.06570833333333334 0.0231484375 0.09481944444444444
0 0.050859375 0.1564722222222222 0.029945312499999998 0.11984722222222223
0 0.7782421875 0.01688888888888889 0.03340625 0.033791666666666664
0 0.224875 0.4459166666666667 0.023703125 0.06219444444444445
0 0.3819765625 0.022319444444444444 0.017085937500000002 0.044625000000000005
0 0.6540859375 0.036319444444444446 0.027828125 0.072625
0 0.0118671875 0.6045694444444445 0.0236015625 0.12145833333333333
0 0.24990625 0.5090972222222222 0.032953125 0.1314861111111111
0 0.21965625000000003 0.5196666666666667 0.0427734375 0.15252777777777776
0 0.1907265625 0.5006944444444444 0.0338828125 0.14633333333333334
0 0.6336484375 0.034055555555555554 0.025468750000000002 0.06812499999999999
0 0.6122734375000001 0.04097222222222222 0.0234375 0.06847222222222221
