0 0.618484375 0.3917777777777778 0.0363203125 0.11988888888888888
0 0.5692109375000001 0.32945833333333335 0.0330703125 0.13041666666666668
0 0.9652421875 0.5061388888888889 0.0466015625 0.166125
0 0.4389453125 0.06655555555555556 0.0242890625 0.11818055555555557
0 0.621921875 0.16575 0.0280625 0.1092777777777778
0 0.3780625 0.596 0.0556015625 0.19598611111111114
0 0.499375 0.030500000000000003 0.027125 0.061000000000000006
0 0.8247109375000001 0.2362638888888889 0.0326015625 0.13524999999999998
0 0.29778125 0.7412361111111112 0.0457734375 0.16747222222222222
0 0.1189609375 0.86475 0.0551640625 0.2081111111111111
0 0.3852734375 0.10170833333333335 0.0246953125 0.10797222222222222
0 0.3685859375 0.16856944444444444 0.027437499999999997 0.1272361111111111
0 0.9602734375 0.17090277777777776 0.0297734375 0.11677777777777777
0 0.48889843749999995 0.22933333333333333 0.029117187500000002 0.12766666666666668
0 0.6690546875 0.5005416666666667 0.03896875 0.16136111111111112
0 0.49879687500000003 0.6124861111111112 0.0406796875 0.151125
0 0.787859375 0.017819444444444443 0.0415390625 0.03563888888888889
0 0.936546875 0.17234722222222223 0.026750000000000003 0.11105555555555555
0 0.5328984375 0.028722222222222222 0.0208515625 0.057444444444444444
0 0.28650000000000003 0.5718333333333334 0.036890624999999996 0.141
0 0.45963281250000004 0.06277777777777778 0.027203125 0.11619444444444443
0 0.5091015624999999 0.47513888888888894 0.0415703125 0.15023611111111113
0 0.7321953125 0.08398611111111111 0.02384375 0.12718055555555555
0 0.5514375 0.47318055555555555 0.027171875 0.14630555555555555
0 0.9204609375 0.27943055555555557 0.0425078125 0.15456944444444445
0 0.0139375 0.6071527777777778 0.027875 0.148625
0 0.051484375000000006 0.15888888888888889 0.030453124999999998 0.11719444444444443
0 0.2392734375 0.06734722222222222 0.0302734375 0.09247222222222222
0 0.6529843750000001 0.034999999999999996 0.0240078125 0.06999999999999999
0 0.1240703125 0.0817361111111111 0.0329296875 0.11804166666666666
0 0.38444531249999997 0.016972222222222222 0.016234375000000002 0.033944444444444444
0 0.250140625 0.5111388888888888 0.0328203125 0.13090277777777778
0 0.6265390625 0.03673611111111111 0.0288515625 0.07345833333333333
0 0.220546875 0.5235972222222223 0.041296875 0.1493888888888889
0 0.2248515625 0.4474861111111111 0.024492187500000002 0.0628611111111111
0 0.1908046875 0.5017777777777778 0.0323125 0.14569444444444446
