0 0.6188203125 0.39255555555555555 0.0355 0.11908333333333333
0 0.569078125 0.32831944444444444 0.033265625 0.13256944444444446
0 0.96559375 0.5153611111111112 0.047093750000000004 0.17284722222222224
0 0.37858593749999997 0.5931388888888889 0.0514296875 0.1880138888888889
0 0.38503125 0.10081944444444445 0.024781249999999998 0.1082638888888889
0 0.82428125 0.23604166666666665 0.0333203125 0.1338888888888889
0 0.43880468749999996 0.06556944444444444 0.0241875 0.11731944444444445
0 0.297421875 0.7430972222222222 0.0467109375 0.16655555555555557
0 0.6186875 0.16070833333333331 0.028437499999999998 0.10840277777777778
0 0.4883984375 0.23098611111111111 0.028718749999999998 0.12584722222222222
0 0.4991796875 0.03065277777777778 0.0268515625 0.06129166666666667
0 0.1194609375 0.8656805555555555 0.05646875 0.21212499999999998
0 0.3680234375 0.16741666666666669 0.026953125 0.127625
0 0.9610468750000001 0.17104166666666668 0.0290859375 0.11055555555555555
0 0.5335390624999999 0.02826388888888889 0.020796875 0.05652777777777778
0 0.66996875 0.4961527777777778 0.040703125 0.1617222222222222
0 0.50203125 0.6174444444444445 0.042234375000000005 0.16558333333333333
0 0.5093359375000001 0.4755972222222222 0.0418828125 0.1455972222222222
0 0.7883281249999999 0.017444444444444446 0.041249999999999995 0.034902777777777776
0 0.45950781249999995 0.06258333333333334 0.0273515625 0.1172638888888889
0 0.9364687500000001 0.17094444444444445 0.027765625 0.10975
0 0.240421875 0.06766666666666667 0.0304609375 0.09279166666666668
0 0.291921875 0.5776111111111111 0.0390078125 0.15147222222222223
0 0.7321093750000001 0.08404166666666667 0.02434375 0.12690277777777778
0 0.5516875 0.46868055555555554 0.026492187499999997 0.1445138888888889
0 0.9203906249999999 0.2782777777777778 0.0431953125 0.15838888888888888
0 0.0486171875 0.15309722222222222 0.03425 0.1257222222222222
0 0.0135546875 0.6072777777777778 0.027109375 0.1478472222222222
0 0.38475000000000004 0.01638888888888889 0.017820312499999998 0.03276388888888889
0 0.65146875 0.03559722222222222 0.0233828125 0.07118055555555555
0 0.124296875 0.08305555555555555 0.033203125 0.11897222222222222
0 0.2203203125 0.5238194444444444 0.041484375000000004 0.15005555555555555
0 0.22496875 0.4476527777777778 0.025015625000000003 0.06413888888888888
0 0.6260546875 0.037347222222222226 0.0292421875 0.07468055555555556
0 0.25010937499999997 0.5113333333333334 0.0340703125 0.13255555555555557
0 0.19059375 0.5025277777777778 0.032734374999999996 0.1475138888888889
