0 0.5778984375 0.10398611111111111 0.024578125 0.09472222222222222
0 0.7918359374999999 0.5536666666666666 0.0431640625 0.15688888888888888
0 0.610875 0.8970555555555555 0.050953125 0.192625
0 0.782421875 0.4007638888888889 0.0393359375 0.1431388888888889
0 0.4976484375 0.24143055555555556 0.0303046875 0.124625
0 0.38903125 0.04211111111111111 0.026742187499999997 0.07980555555555556
0 0.9522421874999999 0.20808333333333331 0.0325234375 0.12147222222222222
0 0.1423359375 0.07359722222222223 0.030671874999999998 0.10990277777777777
0 0.8887031249999999 0.07744444444444444 0.0307109375 0.11402777777777777
0 0.7481718749999999 0.7348611111111112 0.0452265625 0.16405555555555557
0 0.3862265625 0.2585138888888889 0.028968749999999998 0.13075
0 0.052046875000000006 0.822111111111111 0.0656015625 0.16894444444444445
0 0.9801328125 0.6790833333333334 0.0397265625 0.17958333333333334
0 0.6232968750000001 0.17622222222222222 0.028414062499999997 0.11666666666666667
0 0.53184375 0.17522222222222222 0.037078125 0.13462500000000002
0 0.0605390625 0.16898611111111111 0.0291015625 0.12144444444444444
0 0.6906796875000001 0.0515 0.0236171875 0.09547222222222221
0 0.9563515625000001 0.021944444444444447 0.022703124999999998 0.043875
0 0.1476796875 0.5246388888888889 0.0453671875 0.16730555555555554
0 0.3722890625 0.6340277777777777 0.04796875 0.1915
0 0.22425 0.47130555555555553 0.0267890625 0.059166666666666666
0 0.415015625 0.4603472222222222 0.0421640625 0.15713888888888888
0 0.6409453125 0.1593611111111111 0.026921875 0.12319444444444445
0 0.8531640625 0.06304166666666666 0.0276328125 0.10370833333333333
0 0.4283984375 0.12344444444444444 0.023421875 0.11913888888888889
0 0.45298437500000005 0.11947222222222222 0.02484375 0.11720833333333333
0 0.313421875 0.23609722222222224 0.0334140625 0.09801388888888887
0 0.7405859375 0.08256944444444445 0.032328125 0.165125
0 0.6089296875 0.4966527777777777 0.0478203125 0.16293055555555555
0 0.3149609375 0.33265277777777774 0.04528125 0.14763888888888888
0 0.2102109375 0.059402777777777784 0.030265625 0.1108888888888889
0 0.48668750000000005 0.03270833333333333 0.0248359375 0.06541666666666666
0 0.9032421875000001 0.22472222222222224 0.0392578125 0.12343055555555556
0 0.42624218750000004 0.021361111111111112 0.0194375 0.042722222222222224
0 0.838453125 0.06940277777777777 0.0203671875 0.10341666666666666
0 0.19229687499999998 0.5189166666666667 0.0320546875 0.14183333333333334
0 0.21832812499999998 0.544125 0.0379453125 0.15477777777777776
0 0.25225 0.5314027777777778 0.0351015625 0.12679166666666666
0 0.48417187500000003 0.12252777777777778 0.028164062499999996 0.11597222222222223
0 0.9941484375 0.13680555555555557 0.011703125 0.10769444444444445
0 0.6386015625 0.13020833333333334 0.0253828125 0.06791666666666667
0 0.1006875 0.016694444444444442 0.016593749999999997 0.033388888888888885
0 0.6676328125000001 0.08281944444444445 0.0180390625 0.058583333333333334
0 0.1955546875 0.011944444444444443 0.0310859375 0.023833333333333335
0 0.738265625 0.036069444444444446 0.026640625 0.0685
0 0.1603984375 0.005972222222222222 0.023546875000000002 0.011833333333333333
0 0.9175625000000001 0.14156944444444444 0.038820312499999995 0.10530555555555554
0 0.733234375 0.09987499999999999 0.022328124999999997 0.1352361111111111
