0 0.66853125 0.4678333333333333 0.039570312499999996 0.149
0 0.5672109375 0.31416666666666665 0.033234375 0.13669444444444445
0 0.9705703124999999 0.5410833333333334 0.050046875000000005 0.17305555555555555
0 0.8235468750000001 0.22830555555555554 0.032671875 0.1345
0 0.621390625 0.4071666666666667 0.030671874999999998 0.11654166666666667
0 0.1231640625 0.8960555555555555 0.05307031250000001 0.19275
0 0.50225 0.6321805555555555 0.0423515625 0.15040277777777777
0 0.3794921875 0.5614305555555555 0.04459375 0.1649027777777778
0 0.62153125 0.16055555555555553 0.0292734375 0.11376388888888889
0 0.487140625 0.2393888888888889 0.027718749999999997 0.1257777777777778
0 0.2996640625 0.7725000000000001 0.05065625 0.17130555555555557
0 0.38628125 0.09030555555555556 0.0265859375 0.10469444444444444
0 0.28498437499999996 0.5980555555555556 0.0385390625 0.14281944444444444
0 0.965078125 0.17723611111111112 0.028437499999999998 0.11872222222222223
0 0.9237109374999999 0.29725 0.0409140625 0.14080555555555554
0 0.018914062500000002 0.6336666666666667 0.037820312499999995 0.16652777777777777
0 0.4381875 0.05851388888888889 0.024210937499999998 0.11233333333333333
0 0.49986718750000003 0.033902777777777775 0.027460937499999998 0.06780555555555555
0 0.5100703125 0.5029444444444444 0.044234375 0.1693611111111111
0 0.938015625 0.17875 0.027890625000000002 0.11102777777777778
0 0.3683046875 0.15808333333333333 0.027476562500000003 0.126
0 0.5523828125 0.4456527777777778 0.024656249999999998 0.12915277777777778
0 0.73128125 0.08409722222222221 0.0206796875 0.12397222222222223
0 0.4593828125 0.06093055555555555 0.02690625 0.11601388888888889
0 0.050453125 0.15769444444444444 0.0293359375 0.12111111111111111
0 0.1229453125 0.09334722222222222 0.038609375 0.1305
0 0.53378125 0.03241666666666666 0.0199453125 0.06483333333333333
0 0.8093671875 0.01826388888888889 0.0312109375 0.03654166666666667
0 0.648171875 0.035194444444444445 0.021242187500000002 0.07037500000000001
0 0.2199921875 0.523361111111111 0.041046875 0.15179166666666669
0 0.247765625 0.06502777777777778 0.0182578125 0.09481944444444444
0 0.22455468750000002 0.448625 0.0251015625 0.0642361111111111
0 0.250515625 0.5123888888888889 0.03528125 0.13584722222222223
0 0.6243593749999999 0.034458333333333334 0.026273437500000003 0.06893055555555556
0 0.38525 0.013541666666666667 0.01628125 0.027083333333333334
0 0.1902890625 0.5010694444444445 0.03578125 0.14694444444444443
0 0.9467578124999999 0.007027777777777777 0.022132812499999998 0.01376388888888889
0 0.6055859375 0.03956944444444444 0.021578125 0.07111111111111111
