0 0.5669296875 0.3007083333333333 0.0331640625 0.1291111111111111
0 0.28415625 0.610375 0.0406328125 0.14176388888888888
0 0.623578125 0.41754166666666664 0.029484375 0.11136111111111112
0 0.9681015625 0.18265277777777778 0.0307109375 0.11731944444444445
0 0.669828125 0.4578055555555556 0.0377578125 0.15237499999999998
0 0.5026640625 0.6503194444444444 0.0427734375 0.1691388888888889
0 0.37024218750000004 0.14468055555555556 0.0302734375 0.12294444444444444
0 0.973640625 0.5477777777777777 0.051937500000000004 0.1624861111111111
0 0.9298515625 0.30383333333333334 0.038921875 0.143125
0 0.38675000000000004 0.08402777777777778 0.026953125 0.10643055555555556
0 0.4860390625 0.24868055555555557 0.029296875 0.12890277777777778
0 0.3022109375 0.7838611111111111 0.05240625 0.16844444444444445
0 0.8165078125 0.017930555555555557 0.0348515625 0.03584722222222222
0 0.0209765625 0.6427361111111111 0.041390625 0.16304166666666667
0 0.6211249999999999 0.14925 0.0287890625 0.10777777777777776
0 0.513109375 0.5177638888888889 0.0448828125 0.16634722222222223
0 0.1320546875 0.9010694444444444 0.06852343749999999 0.19320833333333334
0 0.380671875 0.5570694444444444 0.048421874999999996 0.19202777777777777
0 0.8220234375000001 0.21616666666666665 0.032546874999999996 0.12809722222222222
0 0.501203125 0.036944444444444446 0.0293515625 0.07388888888888889
0 0.73103125 0.08380555555555556 0.0201171875 0.12230555555555556
0 0.9409531250000001 0.1800277777777778 0.027468749999999997 0.11306944444444444
0 0.43840625 0.058708333333333335 0.0240625 0.113625
0 0.5515859375 0.44004166666666666 0.0242734375 0.13140277777777779
0 0.4589140625 0.05630555555555555 0.026632812500000002 0.10994444444444444
0 0.04978125 0.16045833333333334 0.027992187499999998 0.119625
0 0.26065625 0.06530555555555556 0.021976562499999998 0.09041666666666666
0 0.5348046875 0.03409722222222222 0.022820312500000002 0.06820833333333333
0 0.1239140625 0.103 0.0443203125 0.13645833333333332
0 0.6481796875 0.034722222222222224 0.0230546875 0.06945833333333333
0 0.2193671875 0.5214166666666666 0.0405703125 0.15480555555555556
0 0.62375 0.030875 0.0259453125 0.06173611111111112
0 0.225109375 0.4481527777777778 0.024171875000000002 0.0645138888888889
0 0.1897265625 0.5009027777777777 0.0350625 0.14590277777777777
0 0.251484375 0.5074861111111111 0.038984375 0.13533333333333333
