0 0.8111015625 0.17473611111111112 0.031117187499999997 0.13070833333333334
0 0.630046875 0.49058333333333337 0.0327890625 0.12295833333333334
0 0.5682578125 0.25243055555555555 0.030906250000000003 0.12715277777777778
0 0.5125390624999999 0.7466944444444444 0.047593750000000004 0.16479166666666667
0 0.3874140625 0.051513888888888894 0.026375 0.09970833333333334
0 0.4854375 0.2922222222222222 0.030421874999999998 0.13166666666666665
0 0.4997421875 0.05031944444444444 0.026242187500000003 0.09744444444444444
0 0.0462890625 0.7252638888888889 0.0522578125 0.17406944444444444
0 0.6647265625000001 0.3804861111111111 0.036375000000000005 0.15411111111111112
0 0.9312343750000001 0.35025 0.0419296875 0.1426388888888889
0 0.3711953125 0.10261111111111111 0.029117187500000002 0.11969444444444445
0 0.29878125 0.885625 0.0557734375 0.1832777777777778
0 0.629828125 0.11379166666666668 0.0321328125 0.1111111111111111
0 0.27795312499999997 0.6865416666666667 0.042046875 0.14470833333333333
0 0.42125781250000005 0.9273888888888889 0.04896875 0.1375
0 0.46292968749999996 0.044375 0.028210937499999998 0.08675000000000001
0 0.5259140625 0.5896388888888889 0.048328125 0.17745833333333333
0 0.380625 0.46512499999999996 0.04353125 0.1621388888888889
0 0.973984375 0.20927777777777778 0.0307734375 0.11377777777777778
0 0.5326796875 0.04790277777777778 0.020796875 0.0932361111111111
0 0.7307812499999999 0.08227777777777778 0.022609375 0.12516666666666668
0 0.6438046875000001 0.03280555555555556 0.021328125 0.065625
0 0.43810937499999997 0.04875 0.026359375 0.09491666666666668
0 0.0399296875 0.16370833333333334 0.035898437500000005 0.12659722222222222
0 0.9818125 0.6434444444444444 0.036375000000000005 0.17854166666666668
0 0.1476171875 0.9722361111111111 0.051859375 0.05552777777777777
0 0.9505546875 0.21048611111111112 0.030453124999999998 0.10851388888888888
0 0.8699140625 0.020027777777777776 0.02653125 0.04005555555555555
0 0.12153906249999999 0.12320833333333332 0.03634375 0.12756944444444443
0 0.5502734375 0.3736666666666667 0.0238203125 0.12575
0 0.292 0.06529166666666666 0.0151328125 0.09784722222222222
0 0.2968984375 0.06066666666666667 0.015859375000000002 0.09475
0 0.219046875 0.5216944444444445 0.0421953125 0.1537361111111111
0 0.22567187500000002 0.4495972222222222 0.024171875000000002 0.06216666666666666
0 0.9925703125 0.02613888888888889 0.014859375 0.05227777777777778
0 0.610078125 0.033513888888888885 0.0240078125 0.06702777777777777
0 0.18855468749999998 0.4999166666666667 0.0325234375 0.13965277777777776
0 0.251109375 0.5104583333333333 0.0359375 0.13461111111111113
0 0.9461328124999999 0.00673611111111111 0.021828125 0.013152777777777779
0 0.5994140625 0.04275 0.0199453125 0.06609722222222222
