0 0.56796875 0.24256944444444445 0.0315859375 0.12423611111111112
0 0.6301171875 0.5091249999999999 0.03771875 0.127625
0 0.6650078125000001 0.35688888888888887 0.0338828125 0.135625
0 0.27751562500000004 0.7054305555555556 0.0423671875 0.14404166666666665
0 0.5080078125 0.7694722222222222 0.047281250000000004 0.17727777777777778
0 0.42135937500000004 0.9180694444444444 0.0490234375 0.15659722222222222
0 0.8098984375 0.16531944444444444 0.0324140625 0.12683333333333333
0 0.5014062499999999 0.05520833333333333 0.02834375 0.10531944444444444
0 0.933171875 0.35858333333333337 0.0436484375 0.14388888888888887
0 0.29940625 0.8962638888888889 0.05390625 0.16308333333333333
0 0.054515625 0.7329722222222222 0.0513203125 0.15113888888888888
0 0.38725 0.04898611111111111 0.024265625 0.09497222222222222
0 0.4859296875 0.30543055555555554 0.028499999999999998 0.14145833333333332
0 0.37071875 0.09545833333333334 0.0278046875 0.12120833333333333
0 0.532171875 0.05438888888888888 0.021703125 0.09568055555555556
0 0.9512656249999999 0.2137361111111111 0.0319765625 0.11652777777777779
0 0.9780546875 0.21416666666666664 0.033203125 0.12265277777777778
0 0.8777421875 0.019430555555555555 0.031179687499999997 0.03884722222222222
0 0.52928125 0.6080277777777777 0.05200781249999999 0.18819444444444444
0 0.0394375 0.16825 0.032882812500000004 0.122875
0 0.633171875 0.10744444444444444 0.0282578125 0.11011111111111112
0 0.6440546875 0.034333333333333334 0.02290625 0.06868055555555556
0 0.54878125 0.3611666666666667 0.02321875 0.12390277777777776
0 0.3792109375 0.4537083333333334 0.0487734375 0.1849583333333333
0 0.299625 0.0642638888888889 0.024390625 0.0968888888888889
0 0.4609609375 0.04373611111111111 0.028242187499999998 0.08529166666666667
0 0.983609375 0.6560555555555556 0.03278125 0.15908333333333335
0 0.730828125 0.08331944444444445 0.023515625000000002 0.1257777777777778
0 0.12313281250000001 0.127375 0.0465 0.13583333333333333
0 0.437984375 0.04563888888888889 0.0273671875 0.08847222222222223
0 0.21846875 0.5215000000000001 0.0422890625 0.1546111111111111
0 0.9920390625 0.025416666666666667 0.0159296875 0.050833333333333335
0 0.2276484375 0.44606944444444446 0.023304687499999997 0.058444444444444445
0 0.1880625 0.49720833333333336 0.030921874999999998 0.13698611111111111
0 0.14634375 0.9865138888888888 0.048703125 0.026972222222222224
0 0.9648359375 0.21370833333333333 0.048890625 0.11720833333333333
0 0.6087890625 0.034402777777777775 0.0236015625 0.06880555555555555
0 0.9455546874999999 0.0068472222222222216 0.020765625 0.013375000000000001
0 0.2516171875 0.5087083333333333 0.038578125000000005 0.13608333333333333
0 0.596359375 0.048916666666666664 0.0187109375 0.057249999999999995
