0 0.63075 0.5251666666666667 0.03796875 0.13243055555555555
0 0.568453125 0.2361388888888889 0.030679687500000004 0.12193055555555557
0 0.5018046875 0.056805555555555554 0.029249999999999998 0.10766666666666666
0 0.4869140625 0.31505555555555553 0.028625 0.13418055555555555
0 0.29583593750000003 0.9149999999999999 0.052640624999999996 0.164
0 0.9340703124999999 0.3626666666666667 0.0471640625 0.12829166666666666
0 0.511015625 0.7887083333333333 0.046390625000000005 0.17184722222222223
0 0.2746953125 0.7302638888888888 0.042249999999999996 0.15683333333333332
0 0.80684375 0.15755555555555556 0.032515625 0.12319444444444445
0 0.45885156250000003 0.03756944444444445 0.026320312499999998 0.07515277777777778
0 0.3713828125 0.09118055555555557 0.0290234375 0.11727777777777777
0 0.0733046875 0.7629027777777777 0.0560390625 0.16701388888888888
0 0.42220312499999996 0.9113333333333333 0.048171874999999996 0.1748472222222222
0 0.3872421875 0.04752777777777777 0.0223125 0.0915
0 0.5327734375000001 0.057847222222222223 0.021078125 0.09722222222222222
0 0.306546875 0.06669444444444445 0.0278125 0.0915138888888889
0 0.6637578125 0.34797222222222224 0.03353125 0.13690277777777776
0 0.5314062500000001 0.6213055555555556 0.047328125 0.16883333333333334
0 0.4377109375 0.03913888888888889 0.0253046875 0.0782638888888889
0 0.8862656250000001 0.020083333333333335 0.039609375 0.04015277777777778
0 0.3797890625 0.44370833333333337 0.049125 0.19169444444444445
0 0.9808125000000001 0.22227777777777777 0.0343828125 0.12791666666666665
0 0.644328125 0.03077777777777778 0.0229921875 0.06155555555555556
0 0.039234375 0.17048611111111112 0.030984374999999998 0.1197361111111111
0 0.5480625 0.3448333333333333 0.0231484375 0.12123611111111111
0 0.7300625000000001 0.08380555555555556 0.0217734375 0.12411111111111112
0 0.9849375 0.70025 0.030117187499999996 0.17393055555555556
0 0.6394375 0.10101388888888889 0.028921875000000003 0.12130555555555556
0 0.9536015624999999 0.2194861111111111 0.0271328125 0.11508333333333333
0 0.48169531250000003 0.02022222222222222 0.0210546875 0.04043055555555555
0 0.22943750000000002 0.4471805555555556 0.021617187500000003 0.05795833333333333
0 0.1221171875 0.13479166666666667 0.0393125 0.12909722222222222
0 0.99175 0.024722222222222222 0.016492187499999998 0.049444444444444444
0 0.2180859375 0.5223472222222222 0.043046875 0.15430555555555556
0 0.6092187499999999 0.03313888888888889 0.025328125 0.06629166666666667
0 0.2514140625 0.5090555555555555 0.039125 0.13629166666666667
0 0.1924296875 0.49770833333333336 0.0374921875 0.13983333333333334
0 0.594625 0.04920833333333333 0.0225078125 0.06040277777777778
