0 0.634625 0.5297083333333333 0.03578125 0.12740277777777778
0 0.5698359375 0.2326666666666667 0.030515625 0.12413888888888888
0 0.501078125 0.057694444444444444 0.0297734375 0.10843055555555554
0 0.5070546874999999 0.7876805555555555 0.0456171875 0.16195833333333334
0 0.2944375 0.9186666666666667 0.0522734375 0.15640277777777778
0 0.4871484375 0.3172638888888889 0.029984375 0.1364861111111111
0 0.37077343749999997 0.08644444444444445 0.0266171875 0.12269444444444445
0 0.0754609375 0.7661944444444444 0.0542578125 0.1646388888888889
0 0.42103124999999997 0.9073055555555556 0.047171875 0.185375
0 0.6623359375 0.3430694444444444 0.031703125 0.13406944444444444
0 0.9333046875000001 0.3741111111111111 0.045625 0.146375
0 0.532671875 0.05738888888888889 0.0218046875 0.09844444444444443
0 0.3869140625 0.04811111111111111 0.0235859375 0.092625
0 0.532203125 0.6240833333333333 0.046390625000000005 0.17525000000000002
0 0.8014453125 0.15466666666666667 0.0318125 0.12781944444444446
0 0.437125 0.03884722222222222 0.026000000000000002 0.07769444444444444
0 0.458296875 0.03701388888888889 0.0249921875 0.07401388888888889
0 0.27703125 0.7319583333333333 0.0421328125 0.1579861111111111
0 0.3790390625 0.4415 0.05128125 0.19195833333333334
0 0.0127109375 0.02288888888888889 0.025421875 0.04498611111111111
0 0.889546875 0.01947222222222222 0.03615625 0.03894444444444444
0 0.6443515625 0.03197222222222222 0.02215625 0.06394444444444444
0 0.7301953125 0.08408333333333333 0.020984375 0.120875
0 0.9812578125 0.22343055555555555 0.036171875 0.13229166666666667
0 0.6410078125 0.09888888888888889 0.029296875 0.11659722222222223
0 0.548046875 0.3420416666666667 0.0231875 0.12809722222222222
0 0.0390078125 0.17177777777777778 0.03225 0.120125
0 0.308046875 0.06595833333333334 0.024 0.0926388888888889
0 0.482484375 0.021111111111111112 0.02340625 0.04223611111111111
0 0.9541640625 0.2223611111111111 0.027000000000000003 0.11356944444444445
0 0.12506250000000002 0.1385 0.04609375 0.13120833333333334
0 0.9917421875000001 0.026569444444444444 0.016515625 0.049652777777777775
0 0.2296328125 0.44916666666666666 0.021671875 0.058527777777777776
0 0.98784375 0.7073055555555555 0.0243125 0.17693055555555556
0 0.2183203125 0.5226944444444445 0.0421171875 0.1540138888888889
0 0.6091249999999999 0.034625 0.025507812499999998 0.06923611111111111
0 0.2502265625 0.5116944444444445 0.039382812499999996 0.1376111111111111
0 0.192828125 0.5008333333333334 0.0367421875 0.1393888888888889
0 0.5940859374999999 0.050097222222222224 0.022351562499999998 0.058777777777777776
