0 0.6359140625 0.5309166666666667 0.0341484375 0.1240138888888889
0 0.5008046875 0.058375 0.0304453125 0.1092638888888889
0 0.57040625 0.23162500000000003 0.02996875 0.12458333333333334
0 0.511515625 0.7928611111111111 0.045859375 0.162875
0 0.29290625000000003 0.9206944444444444 0.053625 0.15238888888888888
0 0.48744531249999995 0.31920833333333337 0.031234374999999998 0.138625
0 0.37077343749999997 0.082 0.026109375 0.11570833333333333
0 0.5325624999999999 0.05830555555555555 0.022359375 0.0995
0 0.5327734375000001 0.6302083333333334 0.0468046875 0.17297222222222222
0 0.662484375 0.342875 0.032671875 0.13836111111111113
0 0.9334609374999999 0.3735 0.046406249999999996 0.14883333333333332
0 0.42067187500000003 0.901888888888889 0.0466875 0.18283333333333332
0 0.0755 0.7686805555555556 0.051531249999999994 0.1594861111111111
0 0.43728125 0.03872222222222222 0.0259765625 0.07744444444444444
0 0.3869453125 0.04741666666666667 0.0245546875 0.09158333333333334
0 0.8045312499999999 0.15631944444444443 0.03228125 0.12777777777777777
0 0.45809375 0.036833333333333336 0.024375 0.07366666666666667
0 0.64253125 0.0959861111111111 0.029265625 0.11725000000000001
0 0.2765 0.7317777777777777 0.0425859375 0.15806944444444446
0 0.3784140625 0.4406527777777777 0.0497109375 0.17630555555555555
0 0.73003125 0.08395833333333334 0.0218203125 0.12098611111111111
0 0.6442421875 0.030805555555555555 0.0219296875 0.06161111111111111
0 0.48360156249999997 0.02086111111111111 0.0261484375 0.04172222222222222
0 0.8911015624999999 0.019333333333333334 0.0332265625 0.03866666666666667
0 0.5482109375 0.34594444444444444 0.0214375 0.1252638888888889
0 0.0125859375 0.022472222222222223 0.0251796875 0.044305555555555556
0 0.0390390625 0.17225 0.0324140625 0.11933333333333333
0 0.9812031250000001 0.22431944444444443 0.0373984375 0.13225
0 0.9544765625 0.22343055555555555 0.028484375 0.1146388888888889
0 0.124390625 0.13872222222222222 0.04475 0.13072222222222224
0 0.9918125 0.024916666666666667 0.016375 0.04984722222222222
0 0.23015625 0.4465138888888889 0.021578125 0.060111111111111115
0 0.9879453125 0.7178888888888889 0.0241015625 0.16854166666666665
0 0.2182265625 0.5232361111111111 0.0418828125 0.15343055555555554
0 0.3085 0.06576388888888889 0.016765625 0.09488888888888888
0 0.6090625000000001 0.033694444444444444 0.025203125 0.06737499999999999
0 0.2503046875 0.5118472222222222 0.0389921875 0.13656944444444444
0 0.192671875 0.5005555555555555 0.03671875 0.1401111111111111
0 0.594671875 0.049902777777777775 0.022515625 0.058527777777777776
