0 0.5008671875 0.058972222222222224 0.030421874999999998 0.10995833333333334
0 0.5705390625 0.22851388888888888 0.030125000000000002 0.12444444444444444
0 0.6368125 0.5333611111111111 0.0335625 0.12251388888888888
0 0.4185546875 0.8957361111111111 0.0463125 0.17890277777777777
0 0.48584375 0.3232916666666667 0.031171874999999998 0.13427777777777777
0 0.29317187499999997 0.9229583333333333 0.052765625000000003 0.1473611111111111
0 0.507375 0.7965694444444444 0.046453125 0.1723611111111111
0 0.9336953125 0.37443055555555554 0.046203125 0.14845833333333333
0 0.37053125 0.08022222222222222 0.026015624999999997 0.11584722222222221
0 0.6626953125 0.33894444444444444 0.0327578125 0.13547222222222224
0 0.532375 0.05997222222222222 0.02228125 0.09959722222222221
0 0.5329453125 0.6349722222222223 0.0488046875 0.18836111111111112
0 0.2717890625 0.7334027777777777 0.042296875 0.14669444444444446
0 0.458484375 0.036250000000000004 0.025 0.07251388888888889
0 0.642859375 0.09251388888888888 0.0292890625 0.12141666666666667
0 0.8003359375000001 0.15083333333333332 0.03178125 0.12769444444444444
0 0.4371015625 0.03858333333333334 0.0265703125 0.07715277777777778
0 0.387203125 0.04559722222222222 0.024335937499999998 0.08931944444444445
0 0.729984375 0.08376388888888889 0.0208984375 0.1202361111111111
0 0.0759921875 0.769986111111111 0.049812499999999996 0.1545
0 0.0386640625 0.17268055555555556 0.031703125 0.11733333333333335
0 0.5479375 0.3436666666666667 0.020984375 0.12666666666666668
0 0.378234375 0.43383333333333335 0.0513359375 0.1795972222222222
0 0.6444062500000001 0.030708333333333334 0.022539062500000002 0.06141666666666667
0 0.9811562500000001 0.23131944444444447 0.0366640625 0.13143055555555555
0 0.4846875 0.020999999999999998 0.0236328125 0.041999999999999996
0 0.8933984374999999 0.019194444444444445 0.0299609375 0.03838888888888889
0 0.125421875 0.14001388888888888 0.0478828125 0.13269444444444445
0 0.9542578125000001 0.22344444444444445 0.028468749999999998 0.11599999999999999
0 0.9880000000000001 0.7172499999999999 0.0240078125 0.17158333333333334
0 0.012375 0.022055555555555557 0.0247578125 0.044097222222222225
0 0.3109296875 0.06722222222222222 0.019453124999999998 0.0953888888888889
0 0.991828125 0.02479166666666667 0.0163515625 0.049569444444444444
0 0.23024218749999997 0.4462083333333333 0.021687500000000002 0.060250000000000005
0 0.2183671875 0.5230694444444445 0.042460937500000004 0.1547638888888889
0 0.6085234374999999 0.035347222222222224 0.025734374999999997 0.07068055555555555
0 0.2505078125 0.5122777777777777 0.039625 0.13920833333333335
0 0.1886640625 0.5035416666666667 0.0336484375 0.137375
0 0.5939375 0.049944444444444444 0.0224140625 0.05798611111111111
