0 0.6622421875 0.330875 0.0335859375 0.1324722222222222
0 0.5001953125 0.060097222222222225 0.0290703125 0.10731944444444444
0 0.4181796875 0.882125 0.0469765625 0.1753472222222222
0 0.570984375 0.22591666666666665 0.0301875 0.12515277777777778
0 0.6353984374999999 0.538375 0.0336171875 0.12830555555555556
0 0.2930234375 0.9266666666666667 0.0522578125 0.13973611111111112
0 0.272546875 0.7409861111111111 0.0421015625 0.14598611111111112
0 0.4858515625 0.32829166666666665 0.0318984375 0.1388888888888889
0 0.37075 0.07809722222222222 0.025992187500000003 0.11765277777777777
0 0.5120703125 0.8156666666666667 0.0465234375 0.19222222222222224
0 0.532109375 0.06344444444444444 0.0220390625 0.09926388888888889
0 0.387453125 0.04151388888888889 0.0251484375 0.08302777777777778
0 0.0784765625 0.7717361111111111 0.0487734375 0.15038888888888888
0 0.6438906249999999 0.09306944444444445 0.0293359375 0.11927777777777777
0 0.4581015625 0.035805555555555556 0.0245859375 0.07159722222222221
0 0.5348203125000001 0.6447083333333333 0.05103124999999999 0.19283333333333333
0 0.4369296875 0.03881944444444444 0.026968750000000003 0.07763888888888888
0 0.799296875 0.14693055555555556 0.031406250000000004 0.12865277777777778
0 0.547890625 0.3404722222222222 0.020624999999999998 0.12705555555555556
0 0.123859375 0.13854166666666667 0.0465859375 0.13404166666666667
0 0.9341406250000001 0.3732638888888889 0.0447890625 0.13755555555555557
0 0.038625 0.17319444444444446 0.030164062499999998 0.11559722222222223
0 0.7299609375 0.08354166666666667 0.020992187500000002 0.12020833333333333
0 0.8998046875 0.018944444444444444 0.0318359375 0.03790277777777778
0 0.375515625 0.4264861111111111 0.0473984375 0.17098611111111112
0 0.982171875 0.22899999999999998 0.03565625 0.12727777777777777
0 0.48414062500000005 0.021555555555555553 0.021851562499999998 0.04311111111111111
0 0.64425 0.02816666666666667 0.022375 0.05633333333333334
0 0.31460937499999997 0.06781944444444445 0.0222890625 0.10038888888888889
0 0.9551953125000001 0.22584722222222225 0.030601562500000002 0.11519444444444445
0 0.9892109375 0.7235138888888888 0.021578125 0.16033333333333333
0 0.012656249999999999 0.021597222222222223 0.0253046875 0.043180555555555555
0 0.6115078125 0.035055555555555555 0.0243671875 0.070125
0 0.9921562500000001 0.025249999999999998 0.0156953125 0.050499999999999996
0 0.21815625 0.5228750000000001 0.0433046875 0.15394444444444444
0 0.2308671875 0.4461805555555556 0.02290625 0.060847222222222226
0 0.5931171875000001 0.051541666666666666 0.0206328125 0.05444444444444445
0 0.1877890625 0.49934722222222216 0.0323359375 0.13558333333333333
0 0.2508828125 0.5124166666666666 0.0394296875 0.138375
