0 0.6614140625 0.31840277777777776 0.034703125 0.13616666666666669
0 0.571109375 0.2194861111111111 0.030820312500000002 0.12247222222222223
0 0.4997109375 0.06380555555555555 0.0294609375 0.10377777777777777
0 0.9357890624999999 0.38131944444444443 0.0448203125 0.14572222222222223
0 0.0838125 0.7942638888888889 0.054328125000000005 0.182
0 0.2708671875 0.7520000000000001 0.042828125 0.1457638888888889
0 0.41638281250000003 0.8619722222222223 0.048078125 0.17024999999999998
0 0.5138828125 0.8338333333333333 0.045984375 0.18695833333333337
0 0.2935859375 0.9363472222222222 0.0591484375 0.12729166666666666
0 0.5351328125 0.6583611111111111 0.046703125 0.1895
0 0.640359375 0.5553194444444445 0.03240625 0.12855555555555556
0 0.4854453125 0.33804166666666663 0.0328046875 0.14001388888888888
0 0.9828671874999999 0.2308333333333333 0.0342734375 0.11919444444444444
0 0.37082031249999997 0.07640277777777778 0.028585937500000002 0.11933333333333333
0 0.6452109375 0.08851388888888888 0.029312500000000002 0.1223888888888889
0 0.7981171875 0.14133333333333334 0.029187499999999998 0.12505555555555556
0 0.5320546875 0.06788888888888889 0.021249999999999998 0.098
0 0.43707031250000006 0.03723611111111111 0.028000000000000004 0.07447222222222222
0 0.387515625 0.03770833333333333 0.0258671875 0.07541666666666666
0 0.017984375 0.020305555555555556 0.028164062499999996 0.04061111111111111
0 0.373515625 0.4197777777777778 0.048328125 0.16727777777777778
0 0.7301640625 0.08361111111111111 0.020429687499999998 0.12068055555555555
0 0.485921875 0.022611111111111113 0.026859375 0.04523611111111111
0 0.037679687499999996 0.1731388888888889 0.0312421875 0.11237499999999999
0 0.32134375 0.06777777777777777 0.026234374999999997 0.09580555555555556
0 0.1227265625 0.14277777777777778 0.0394765625 0.13065277777777776
0 0.9574843749999999 0.22911111111111113 0.0333203125 0.10973611111111112
0 0.45778125000000003 0.03644444444444444 0.025242187500000002 0.07290277777777777
0 0.9062578125 0.018902777777777775 0.026718750000000003 0.03780555555555555
0 0.643546875 0.02711111111111111 0.0225859375 0.05423611111111111
0 0.54884375 0.3238611111111111 0.022265625 0.12711111111111112
0 0.610625 0.035236111111111114 0.023984375 0.07047222222222223
0 0.9931093750000001 0.025430555555555553 0.0137890625 0.05086111111111111
0 0.21878125 0.5234861111111111 0.0435078125 0.14980555555555555
0 0.23107031249999999 0.44584722222222223 0.0228046875 0.058402777777777776
0 0.9927421875 0.7353333333333334 0.014515624999999999 0.15030555555555555
0 0.25117968749999997 0.5114027777777778 0.0396171875 0.137375
0 0.5927421875000001 0.04979166666666667 0.0200625 0.055874999999999994
0 0.188 0.499875 0.03175 0.13419444444444445
0 0.98753125 0.7312916666666667 0.0249296875 0.15665277777777778
