0 0.5136328125 0.8503333333333334 0.0492421875 0.17133333333333334
0 0.498546875 0.06929166666666667 0.029234375 0.10854166666666668
0 0.6606953125 0.30580555555555555 0.034484375 0.140625
0 0.644078125 0.5704861111111111 0.038406249999999996 0.12530555555555556
0 0.7941874999999999 0.133125 0.030867187499999997 0.12405555555555554
0 0.569203125 0.20593055555555556 0.02946875 0.12430555555555556
0 0.48552343750000004 0.3463888888888889 0.0317265625 0.13416666666666666
0 0.4133828125 0.8426805555555555 0.044187500000000005 0.1783472222222222
0 0.2938125 0.9556805555555556 0.060804687499999996 0.08865277777777777
0 0.4362109375 0.03165277777777778 0.0242265625 0.06330555555555556
0 0.371640625 0.06327777777777778 0.0247109375 0.116125
0 0.5312812499999999 0.07301388888888889 0.0215078125 0.09691666666666666
0 0.2693515625 0.7848333333333334 0.044078125 0.155875
0 0.12146874999999999 0.15015277777777777 0.0345703125 0.12570833333333334
0 0.092859375 0.821138888888889 0.0535625 0.16968055555555556
0 0.9381875000000001 0.38665277777777773 0.04396875 0.12659722222222222
0 0.3752109375 0.4059444444444444 0.0485234375 0.17618055555555553
0 0.0370234375 0.17397222222222222 0.032015625 0.11224999999999999
0 0.5387734375 0.6765972222222222 0.0491015625 0.18306944444444445
0 0.32975781249999997 0.06629166666666667 0.027945312500000003 0.09809722222222221
0 0.730015625 0.08302777777777778 0.0201875 0.11991666666666667
0 0.3896484375 0.03370833333333333 0.027765625 0.06741666666666667
0 0.45852343749999996 0.03104166666666667 0.0219609375 0.06208333333333334
0 0.0339296875 0.020152777777777776 0.0321015625 0.04031944444444445
0 0.6477265625 0.07836111111111112 0.0298125 0.11768055555555557
0 0.4874609375 0.021041666666666667 0.023859375 0.042083333333333334
0 0.5469609375 0.31195833333333334 0.0223046875 0.12513888888888888
0 0.9617578124999999 0.2331111111111111 0.02978125 0.11906944444444445
0 0.9180781250000001 0.018805555555555555 0.0377890625 0.03761111111111111
0 0.6090703125 0.033680555555555554 0.021492187500000003 0.06734722222222222
0 0.6441484375 0.024805555555555556 0.0232265625 0.04961111111111111
0 0.9830781249999999 0.23820833333333333 0.03384375 0.13698611111111111
0 0.2185 0.5231388888888889 0.04528125 0.15156944444444445
0 0.23196093750000002 0.44766666666666666 0.0241171875 0.06277777777777778
0 0.188328125 0.4979583333333333 0.0413203125 0.14256944444444444
0 0.2494296875 0.5147638888888889 0.0385625 0.1363888888888889
0 0.9390625 0.42680555555555555 0.031515625000000005 0.052722222222222226
0 0.5915625 0.051833333333333335 0.021249999999999998 0.04873611111111112
