0 0.56946875 0.1908611111111111 0.030234375 0.11948611111111111
0 0.4998046875 0.08126388888888889 0.027960937499999998 0.11074999999999999
0 0.644046875 0.6047638888888889 0.041546875 0.1380138888888889
0 0.2661015625 0.8040833333333334 0.0460859375 0.15206944444444442
0 0.40825781250000004 0.8005694444444444 0.04559375 0.16029166666666667
0 0.6608984375 0.28581944444444446 0.0321484375 0.13333333333333333
0 0.5172343749999999 0.8969444444444444 0.0511875 0.19254166666666667
0 0.7899921875 0.11761111111111112 0.031734374999999995 0.11618055555555556
0 0.1064921875 0.8484166666666667 0.0626328125 0.19241666666666665
0 0.28871875 0.9709305555555556 0.057890624999999994 0.058125
0 0.0371953125 0.17473611111111112 0.0327265625 0.10593055555555556
0 0.48814843750000003 0.36469444444444443 0.030484375 0.13493055555555555
0 0.371765625 0.059430555555555556 0.026625 0.11576388888888887
0 0.12161718749999999 0.15877777777777777 0.036078125 0.12690277777777778
0 0.940890625 0.41437500000000005 0.0464453125 0.14845833333333333
0 0.5313125000000001 0.082625 0.022218750000000002 0.1009861111111111
0 0.4356328125 0.030000000000000002 0.0237421875 0.06001388888888889
0 0.5427578125 0.7096944444444445 0.049335937499999996 0.18098611111111113
0 0.3802578125 0.3847083333333333 0.0411953125 0.15654166666666666
0 0.45921874999999995 0.029222222222222222 0.021953125 0.05845833333333334
0 0.72996875 0.08231944444444445 0.0198046875 0.118
0 0.546078125 0.2920277777777778 0.02321875 0.11404166666666667
0 0.651921875 0.06830555555555555 0.028453125000000003 0.11230555555555556
0 0.391296875 0.028583333333333332 0.02040625 0.057166666666666664
0 0.4873671875 0.021944444444444447 0.0244453125 0.04390277777777778
0 0.0503515625 0.018680555555555554 0.0203828125 0.037375
0 0.609609375 0.034236111111111106 0.0235234375 0.06847222222222221
0 0.9680703125000001 0.24418055555555557 0.031734374999999995 0.11811111111111113
0 0.3391484375 0.06544444444444444 0.0188359375 0.10194444444444445
0 0.2180703125 0.5232361111111111 0.0447890625 0.15230555555555556
0 0.23290625 0.448125 0.0240625 0.06344444444444444
0 0.9372421875000001 0.01934722222222222 0.034398437500000004 0.03869444444444444
0 0.6440703125 0.030555555555555555 0.0231015625 0.061097222222222226
0 0.9861484375 0.2449027777777778 0.02734375 0.13054166666666667
0 0.2496015625 0.5148333333333334 0.04115625 0.13818055555555556
0 0.188078125 0.4976805555555555 0.0419453125 0.14426388888888889
0 0.6040390625 0.036291666666666667 0.02409375 0.07258333333333333
0 0.9890078125 0.18030555555555555 0.021984375 0.13736111111111113
0 0.5907890625000001 0.05125 0.022351562499999998 0.04519444444444444
