0 0.6589453125 0.25445833333333334 0.03359375 0.13151388888888887
0 0.5716796875 0.17379166666666665 0.029328125 0.11809722222222223
0 0.5205234375 0.9218194444444445 0.0474375 0.15
0 0.40464062500000003 0.7582916666666667 0.041859375 0.15559722222222222
0 0.4993984375 0.09027777777777778 0.0300390625 0.11548611111111112
0 0.039 0.17201388888888888 0.035828125 0.10648611111111111
0 0.11644531250000001 0.9029583333333333 0.0548359375 0.19404166666666667
0 0.9476171875 0.44001388888888887 0.045359375 0.1522916666666667
0 0.7847109375 0.10106944444444443 0.026914062500000002 0.11454166666666667
0 0.52978125 0.0937638888888889 0.0225859375 0.09754166666666667
0 0.49171875 0.3915972222222222 0.0347265625 0.15183333333333332
0 0.2613359375 0.8466388888888889 0.047234375 0.15740277777777778
0 0.5449531249999999 0.7505416666666667 0.0527734375 0.19640277777777776
0 0.6516171875000001 0.6371388888888889 0.036375000000000005 0.13884722222222223
0 0.45915625000000004 0.025347222222222222 0.021117187500000002 0.050680555555555555
0 0.4933515625 0.025930555555555557 0.024078125 0.051875000000000004
0 0.4339921875 0.023555555555555555 0.0224375 0.047125
0 0.729546875 0.07975 0.020734375 0.11801388888888889
0 0.3813828125 0.3496666666666667 0.0485234375 0.17522222222222222
0 0.119484375 0.16683333333333333 0.03771875 0.12352777777777778
0 0.6461718750000001 0.03270833333333333 0.023921875000000002 0.06541666666666666
0 0.7602265625 0.9749027777777777 0.053359375 0.050194444444444444
0 0.6105078125000001 0.03652777777777778 0.027726562500000003 0.07305555555555555
0 0.5484140625 0.270875 0.022468750000000003 0.12484722222222222
0 0.39149218750000003 0.021861111111111112 0.01815625 0.043722222222222225
0 0.37000781250000003 0.04654166666666666 0.028046875 0.09191666666666667
0 0.6614921875 0.06441666666666666 0.0266015625 0.10545833333333335
0 0.21840625 0.5209583333333333 0.0435625 0.1505138888888889
0 0.23360937499999998 0.4498888888888889 0.0248359375 0.06993055555555555
0 0.9471015625 0.016583333333333332 0.0362265625 0.033166666666666664
0 0.9825859375 0.21163888888888888 0.034828125 0.22519444444444442
0 0.0695078125 0.01538888888888889 0.024203125 0.030694444444444448
0 0.2508125 0.5149166666666667 0.037390625 0.12625
0 0.3547265625 0.06684722222222222 0.0187109375 0.09872222222222223
0 0.18853906250000002 0.5053055555555556 0.032421875 0.1403888888888889
0 0.969765625 0.2596527777777778 0.029476562499999998 0.11006944444444444
