0 0.5703515625 0.16466666666666668 0.028234375 0.11738888888888889
0 0.7816015625 0.09025000000000001 0.029187499999999998 0.11993055555555555
0 0.499140625 0.0963888888888889 0.0293828125 0.1103888888888889
0 0.1248359375 0.9167083333333333 0.061320312499999995 0.16058333333333333
0 0.0388828125 0.17120833333333332 0.0375234375 0.11061111111111112
0 0.9482968749999999 0.4537083333333334 0.044390625 0.16059722222222222
0 0.6599453125 0.24309722222222221 0.0340625 0.13734722222222223
0 0.653625 0.6627916666666667 0.0438984375 0.13876388888888888
0 0.4912421875 0.4036388888888889 0.034023437499999996 0.14245833333333333
0 0.5293593750000001 0.09902777777777777 0.024085937499999998 0.10002777777777777
0 0.52665625 0.9411805555555556 0.0521875 0.11765277777777777
0 0.25490625 0.887763888888889 0.048007812500000004 0.18530555555555553
0 0.5465703125 0.7726944444444445 0.054593749999999996 0.20472222222222222
0 0.7357812499999999 0.9540416666666667 0.061554687500000003 0.09191666666666667
0 0.730703125 0.07888888888888888 0.020390625000000002 0.121125
0 0.40679687500000006 0.7379027777777777 0.0439140625 0.17656944444444445
0 0.3761640625 0.338625 0.0455078125 0.1616388888888889
0 0.6643671875 0.05802777777777778 0.0264296875 0.10123611111111111
0 0.49780468750000006 0.027138888888888886 0.0256640625 0.05427777777777777
0 0.6457499999999999 0.03145833333333333 0.022453124999999997 0.06290277777777778
0 0.119796875 0.17445833333333333 0.039890625 0.13497222222222224
0 0.5486640625 0.25795833333333335 0.0233359375 0.12001388888888888
0 0.08325 0.015597222222222222 0.0364765625 0.031194444444444445
0 0.37090625 0.030763888888888886 0.0235625 0.06152777777777777
0 0.36950781250000003 0.07351388888888889 0.029195312499999997 0.08073611111111112
0 0.45875781250000003 0.021916666666666664 0.0190703125 0.043819444444444446
0 0.435859375 0.020319444444444446 0.017499999999999998 0.04063888888888889
0 0.2195703125 0.5193888888888889 0.04303125 0.1502638888888889
0 0.393671875 0.019055555555555555 0.015015625 0.03811111111111111
0 0.9786171875 0.16434722222222223 0.0427734375 0.15663888888888888
0 0.234328125 0.449375 0.0253984375 0.059375
0 0.6119609374999999 0.037375 0.0265625 0.07475
0 0.98903125 0.2632361111111111 0.0219375 0.12780555555555556
0 0.9656484375 0.015708333333333335 0.029617187499999996 0.03141666666666667
0 0.250359375 0.5109861111111111 0.0374453125 0.1315
0 0.0058125 0.276625 0.011125 0.10330555555555555
0 0.3895078125 0.01865277777777778 0.017953125 0.03730555555555556
0 0.18944531250000002 0.5045694444444445 0.032921875 0.13908333333333334
0 0.595375 0.04751388888888889 0.019640625000000002 0.06820833333333333
0 0.590421875 0.04536111111111111 0.01978125 0.06859722222222223
