0 0.6620390625 0.7425694444444444 0.04303125 0.14275
0 0.5686015624999999 0.12684722222222222 0.027476562500000003 0.11391666666666667
0 0.6599765625 0.19561111111111112 0.031960937499999995 0.13102777777777777
0 0.40179687499999994 0.6507777777777778 0.0414140625 0.15311111111111111
0 0.0396640625 0.16827777777777778 0.0367109375 0.10981944444444444
0 0.501125 0.12223611111111111 0.0329140625 0.11556944444444443
0 0.8023984375 0.9246388888888889 0.052000000000000005 0.14347222222222222
0 0.769578125 0.057055555555555554 0.028476562500000004 0.11391666666666667
0 0.73190625 0.07930555555555556 0.0238828125 0.12270833333333332
0 0.9507734375 0.49845833333333334 0.049390625 0.15636111111111112
0 0.4969140625 0.4607361111111111 0.0338046875 0.15129166666666669
0 0.55009375 0.8752361111111111 0.059015625 0.2255833333333333
0 0.5310546875 0.11987500000000001 0.024617187500000002 0.09988888888888889
0 0.6734218750000001 0.041944444444444444 0.026140625 0.08068055555555556
0 0.9444140624999999 0.15406944444444445 0.0561015625 0.1192361111111111
0 0.682265625 0.8945833333333334 0.0570703125 0.2001388888888889
0 0.3858359375 0.29520833333333335 0.043453124999999995 0.16186111111111112
0 0.2449765625 0.9389166666666666 0.0580234375 0.12218055555555556
0 0.5011484375 0.0375 0.0270703125 0.07080555555555555
0 0.3713359375 0.025805555555555554 0.0247578125 0.051625000000000004
0 0.5505703125 0.21331944444444445 0.0222109375 0.11276388888888889
0 0.64615625 0.03236111111111111 0.0196953125 0.06470833333333334
0 0.611234375 0.034805555555555555 0.023046875 0.06961111111111111
0 0.22038281249999997 0.5190833333333333 0.041976562499999995 0.15004166666666666
0 0.9882031250000001 0.12843055555555555 0.0235859375 0.12618055555555555
0 0.11809375 0.20620833333333333 0.046882812499999996 0.13970833333333335
0 0.43859375 0.011916666666666667 0.0200078125 0.02381944444444444
0 0.152140625 0.963625 0.0581640625 0.07275000000000001
0 0.9864062499999999 0.01176388888888889 0.025875 0.023166666666666665
0 0.2517109375 0.5071666666666667 0.0384453125 0.1292361111111111
0 0.237828125 0.4476388888888889 0.0304140625 0.06366666666666668
0 0.9660781249999999 0.10149999999999999 0.025390625 0.07756944444444444
0 0.1889609375 0.49924999999999997 0.032921875 0.14206944444444444
0 0.5931328125 0.042541666666666665 0.019484375 0.06833333333333334
0 0.9869453125 0.27431944444444445 0.026101562499999998 0.13776388888888888
0 0.46096875 0.014097222222222223 0.016125 0.02808333333333333
0 0.008359374999999999 0.304375 0.016359375000000002 0.10901388888888888
0 0.1486328125 0.9796250000000001 0.0572109375 0.04075
0 0.397890625 0.06294444444444444 0.0162890625 0.09793055555555556
