0 0.6625390624999999 0.7450972222222223 0.045406249999999995 0.1478611111111111
0 0.567796875 0.12320833333333332 0.027937499999999997 0.11080555555555556
0 0.661734375 0.197 0.031093749999999996 0.13422222222222221
0 0.500796875 0.12454166666666668 0.0327265625 0.11458333333333333
0 0.803109375 0.9216944444444445 0.0521640625 0.1492777777777778
0 0.401578125 0.6459444444444444 0.0415390625 0.15029166666666666
0 0.039570312499999996 0.16923611111111111 0.037 0.10908333333333334
0 0.9511015625000001 0.503 0.0492421875 0.1613888888888889
0 0.7687890625 0.05702777777777778 0.027515625 0.11366666666666667
0 0.7316640624999999 0.07980555555555556 0.024046875000000002 0.12158333333333335
0 0.5501953125 0.8823749999999999 0.05959375 0.2185555555555556
0 0.5314609375 0.12081944444444444 0.0249375 0.10097222222222223
0 0.49712500000000004 0.46425 0.0337578125 0.14931944444444445
0 0.6734218750000001 0.042583333333333334 0.026242187500000003 0.0817361111111111
0 0.38386718750000004 0.2890972222222222 0.0470625 0.17348611111111112
0 0.242828125 0.9414722222222223 0.058804687499999994 0.11705555555555555
0 0.94153125 0.15316666666666667 0.0454765625 0.11902777777777779
0 0.5018906249999999 0.03777777777777778 0.027859375 0.07505555555555556
0 0.5505859375 0.21318055555555557 0.0230625 0.11330555555555555
0 0.646015625 0.03272222222222222 0.0197109375 0.06545833333333334
0 0.6112265625 0.035124999999999997 0.0230859375 0.07023611111111111
0 0.6798828125 0.8871527777777778 0.0536484375 0.20770833333333336
0 0.3713203125 0.025611111111111112 0.0234609375 0.051222222222222225
0 0.21956250000000002 0.5191944444444444 0.041523437499999996 0.15022222222222223
0 0.98784375 0.121125 0.0243125 0.1223888888888889
0 0.9863046875 0.01186111111111111 0.025992187500000003 0.023333333333333334
0 0.236640625 0.4490277777777778 0.028296875 0.06580555555555556
0 0.965203125 0.10194444444444445 0.0259765625 0.07768055555555556
0 0.43809375 0.010944444444444444 0.0191015625 0.021833333333333333
0 0.11681250000000001 0.20143055555555556 0.0463203125 0.13884722222222223
0 0.2517734375 0.5081111111111111 0.0386640625 0.12843055555555555
0 0.5943671875 0.0455 0.0194453125 0.06816666666666667
0 0.399390625 0.06388888888888888 0.0160078125 0.10104166666666667
0 0.9870234375000001 0.28355555555555556 0.0259453125 0.12229166666666666
0 0.1891171875 0.499875 0.033195312500000004 0.14268055555555556
0 0.46114062499999997 0.014138888888888888 0.015992187499999998 0.028194444444444446
0 0.15428124999999998 0.9855416666666668 0.055984374999999996 0.028902777777777777
0 0.0088046875 0.3012916666666667 0.0169921875 0.11765277777777777
0 0.9658515624999999 0.1254861111111111 0.0261953125 0.1223888888888889
0 0.590609375 0.04008333333333333 0.01834375 0.06927777777777779
0 0.9590390624999999 0.13505555555555554 0.033921875000000004 0.14229166666666668
