0 0.8030546875000001 0.908875 0.053015625 0.17513888888888887
0 0.49877343749999997 0.12808333333333333 0.031507812499999996 0.10880555555555556
0 0.663625 0.1862638888888889 0.0288828125 0.12926388888888887
0 0.5500468749999999 0.89425 0.0570390625 0.2115
0 0.9515859375 0.5087222222222222 0.045515625 0.14754166666666668
0 0.4970390625 0.47576388888888893 0.033921875000000004 0.15281944444444445
0 0.5655390625 0.12215277777777778 0.027695312500000003 0.11337499999999999
0 0.24125000000000002 0.9603055555555555 0.0558125 0.079375
0 0.7312421875 0.08090277777777778 0.0217421875 0.12084722222222223
0 0.0391875 0.1693611111111111 0.0352734375 0.11158333333333334
0 0.6624375 0.76725 0.0465625 0.13934722222222223
0 0.6734843749999999 0.03979166666666666 0.025984374999999997 0.07631944444444445
0 0.7657421875 0.058777777777777776 0.02734375 0.11437499999999999
0 0.5301015625 0.12643055555555555 0.0254140625 0.09662499999999999
0 0.378140625 0.28356944444444443 0.039070312499999996 0.14288888888888887
0 0.40135156250000004 0.6368333333333334 0.0414921875 0.15993055555555558
0 0.9371328125 0.15066666666666667 0.04996875 0.11988888888888888
0 0.6453515624999999 0.03288888888888889 0.0194921875 0.06577777777777778
0 0.9580781249999999 0.09601388888888888 0.0273515625 0.07756944444444444
0 0.114984375 0.2139861111111111 0.058437499999999996 0.14244444444444446
0 0.610484375 0.035236111111111114 0.02271875 0.07047222222222223
0 0.6634218749999999 0.8329027777777779 0.05795312500000001 0.2668055555555556
0 0.5038750000000001 0.04 0.0268125 0.079375
0 0.21897656250000003 0.5195833333333334 0.043789062499999996 0.15119444444444444
0 0.593328125 0.04691666666666667 0.0186953125 0.06877777777777778
0 0.37191406250000003 0.021208333333333333 0.020742187500000002 0.042416666666666665
0 0.9875078125 0.2991388888888889 0.0249765625 0.11061111111111112
0 0.9863046875 0.012694444444444446 0.0258671875 0.024972222222222222
0 0.9567500000000001 0.1292361111111111 0.0354375 0.14747222222222223
0 0.55003125 0.21144444444444446 0.021625 0.11636111111111111
0 0.4084140625 0.06915277777777777 0.0225078125 0.093125
0 0.2508359375 0.5074583333333333 0.038906249999999996 0.1328611111111111
0 0.43846875 0.009972222222222223 0.0191796875 0.01984722222222222
0 0.9864609375000001 0.11497222222222223 0.0270703125 0.11966666666666666
0 0.0080859375 0.31363888888888886 0.015585937499999999 0.10530555555555554
0 0.23424999999999999 0.4484444444444444 0.026242187500000003 0.059069444444444445
0 0.132046875 0.010944444444444444 0.035640624999999995 0.02188888888888889
0 0.19046093749999998 0.49720833333333336 0.03903125 0.14277777777777778
0 0.589671875 0.041444444444444443 0.017499999999999998 0.06869444444444445
0 0.46117968749999994 0.012763888888888889 0.016718749999999998 0.025083333333333332
0 0.9884765625 0.1944861111111111 0.0223984375 0.09318055555555556
0 0.5193515625 0.006013888888888889 0.0221953125 0.01172222222222222
