0 0.49921875 0.13022222222222224 0.032359375 0.11152777777777777
0 0.6642890625 0.1770138888888889 0.028078125 0.12368055555555556
0 0.9515625 0.5202777777777778 0.0483046875 0.15872222222222224
0 0.564375 0.12166666666666666 0.0261328125 0.11679166666666667
0 0.4975390625 0.4800555555555555 0.0330703125 0.1475972222222222
0 0.9291796874999999 0.14206944444444444 0.034664062499999995 0.1146388888888889
0 0.8052265625 0.9008472222222222 0.050796875 0.1892638888888889
0 0.401546875 0.6291666666666667 0.042125 0.16443055555555555
0 0.5479609375 0.8959166666666666 0.0592890625 0.2020972222222222
0 0.0380390625 0.169375 0.0322265625 0.11145833333333334
0 0.7314453125 0.08148611111111112 0.021851562499999998 0.12220833333333332
0 0.7640156250000001 0.05709722222222222 0.0270078125 0.11044444444444444
0 0.6741406249999999 0.036055555555555556 0.025937500000000002 0.072125
0 0.3788515625 0.2766111111111111 0.0387734375 0.14815277777777777
0 0.1130546875 0.2185138888888889 0.0507265625 0.13773611111111111
0 0.9846171874999999 0.11081944444444446 0.0307578125 0.1225
0 0.5320078125000001 0.13220833333333332 0.0235078125 0.09988888888888889
0 0.24098437499999997 0.9672083333333333 0.055937499999999994 0.06558333333333333
0 0.41643749999999996 0.06776388888888889 0.026375 0.09356944444444446
0 0.66103125 0.8355694444444445 0.0546953125 0.252375
0 0.6453828125000001 0.03318055555555555 0.0197421875 0.0663611111111111
0 0.988890625 0.19247222222222224 0.022226562499999998 0.09826388888888889
0 0.9534765625 0.10323611111111111 0.0285078125 0.09640277777777777
0 0.5494296875 0.207375 0.020265625000000002 0.11287499999999999
0 0.610546875 0.035625 0.0228671875 0.07125
0 0.5930703125 0.04665277777777778 0.019890625000000002 0.06968055555555555
0 0.3721640625 0.01911111111111111 0.0205234375 0.03823611111111111
0 0.9884453125 0.3021666666666667 0.023109374999999998 0.11784722222222221
0 0.2192734375 0.5194861111111111 0.043265625 0.15158333333333335
0 0.50465625 0.041930555555555554 0.027000000000000003 0.08386111111111111
0 0.956859375 0.12055555555555555 0.028218749999999997 0.12729166666666666
0 0.66484375 0.7674583333333334 0.044796875 0.10727777777777778
0 0.25206249999999997 0.5091249999999999 0.0375390625 0.13380555555555557
0 0.23157812500000002 0.4488888888888889 0.0211875 0.05338888888888889
0 0.989296875 0.012083333333333333 0.02071875 0.024166666666666666
0 0.19148437499999998 0.4961527777777778 0.03846875 0.14545833333333333
0 0.009484375 0.3163888888888889 0.018296875 0.12055555555555555
0 0.140125 0.011513888888888888 0.035984375 0.023041666666666665
0 0.5892109375000001 0.04138888888888889 0.018703125 0.06890277777777777
0 0.43833593750000005 0.010166666666666668 0.0191484375 0.02025
0 0.4605859375 0.011791666666666667 0.017953125 0.02327777777777778
0 0.5201640624999999 0.006305555555555556 0.02053125 0.012388888888888889
