0 0.66340625 0.17401388888888888 0.028875 0.11979166666666667
0 0.5636328125000001 0.11208333333333334 0.025937500000000002 0.1126111111111111
0 0.4994296875 0.13631944444444447 0.029312500000000002 0.115875
0 0.923703125 0.14259722222222224 0.0443203125 0.121125
0 0.806515625 0.8954305555555556 0.0466875 0.20156944444444444
0 0.9523906249999999 0.5282361111111111 0.048085937499999995 0.14822222222222223
0 0.40210156250000006 0.615625 0.0385078125 0.15895833333333334
0 0.7625546875 0.05106944444444445 0.025937500000000002 0.1000138888888889
0 0.5491640624999999 0.9032638888888889 0.059539062499999997 0.18819444444444444
0 0.7313125 0.08134722222222222 0.022359375 0.12344444444444444
0 0.03771875 0.16948611111111112 0.032218750000000004 0.11245833333333333
0 0.37893750000000004 0.2740694444444445 0.044078125 0.15873611111111113
0 0.5316953125 0.13851388888888888 0.026328125 0.10162500000000001
0 0.11272656249999999 0.2232222222222222 0.054007812499999995 0.14844444444444443
0 0.498234375 0.49223611111111115 0.0340546875 0.15033333333333332
0 0.675328125 0.033125 0.024210937499999998 0.06625
0 0.9827578125 0.10870833333333332 0.033953125 0.1217638888888889
0 0.9880234375000001 0.17890277777777777 0.0239453125 0.12293055555555556
0 0.9511406250000001 0.11395833333333333 0.0273671875 0.11991666666666667
0 0.41974999999999996 0.06472222222222222 0.029078125 0.09926388888888889
0 0.24027343750000002 0.9745138888888889 0.05597656250000001 0.050972222222222224
0 0.645296875 0.03277777777777778 0.0200390625 0.06554166666666666
0 0.5496796875000001 0.19530555555555557 0.021609375 0.10772222222222222
0 0.6653359375 0.7919444444444446 0.0498671875 0.13284722222222223
0 0.593234375 0.04602777777777778 0.019578125 0.06863888888888889
0 0.61053125 0.035541666666666666 0.02290625 0.07108333333333333
0 0.3725625 0.01826388888888889 0.024796875 0.03652777777777778
0 0.50628125 0.043194444444444445 0.0347109375 0.08233333333333334
0 0.9886874999999999 0.30091666666666667 0.0226171875 0.11697222222222223
0 0.21953125 0.5193888888888889 0.043078125 0.15181944444444445
0 0.230328125 0.4496388888888889 0.020703125 0.05613888888888889
0 0.25282031250000003 0.5108611111111111 0.0362734375 0.13179166666666667
0 0.1916171875 0.49524999999999997 0.037367187499999996 0.14833333333333332
0 0.009484375 0.3139722222222222 0.0184921875 0.13556944444444444
0 0.140671875 0.012319444444444444 0.031171874999999998 0.02427777777777778
0 0.43921875000000005 0.010013888888888888 0.0208046875 0.019902777777777776
0 0.649453125 0.9006666666666667 0.050265625 0.10511111111111113
0 0.5892968749999999 0.04123611111111111 0.018445312499999998 0.06833333333333334
0 0.005890625 0.3046111111111111 0.011390625 0.15198611111111113
0 0.46039062499999994 0.00813888888888889 0.021374999999999998 0.01615277777777778
0 0.006171875 0.6305972222222221 0.012210937500000001 0.11404166666666667
