0 0.784640625 0.5195277777777778 0.041507812500000005 0.1582638888888889
0 0.15290625 0.48575 0.0390390625 0.152125
0 0.7631875 0.7322916666666667 0.0606171875 0.18408333333333332
0 0.641546875 0.17854166666666668 0.0287890625 0.12619444444444444
0 0.6130859375 0.528625 0.0384765625 0.1512222222222222
0 0.3884453125 0.050055555555555555 0.025039062499999997 0.09106944444444444
0 0.8854140625 0.06644444444444444 0.030734375 0.10940277777777777
0 0.6228671875 0.9285833333333334 0.056406250000000005 0.1361111111111111
0 0.7755156249999999 0.3720833333333333 0.035578125 0.14569444444444446
0 0.5775703125 0.09659722222222222 0.0224765625 0.09341666666666668
0 0.5296640625 0.15783333333333333 0.03459375 0.12926388888888887
0 0.123171875 0.08801388888888889 0.0318125 0.10890277777777778
0 0.49696875 0.2279861111111111 0.0330546875 0.12926388888888887
0 0.948453125 0.20122222222222222 0.03078125 0.11775000000000001
0 0.4125078125 0.48688888888888887 0.0378046875 0.14940277777777777
0 0.69084375 0.05434722222222223 0.0241640625 0.09287500000000001
0 0.9154609375 0.12265277777777778 0.032937499999999995 0.09895833333333333
0 0.385734375 0.28506944444444443 0.029734375 0.140375
0 0.20128125 0.07525 0.0293828125 0.10479166666666667
0 0.3683828125 0.6799722222222222 0.0426015625 0.18415277777777778
0 0.061734374999999994 0.17506944444444444 0.0318671875 0.12405555555555554
0 0.0421328125 0.8169583333333333 0.056999999999999995 0.1751111111111111
0 0.477984375 0.1415 0.025671875 0.10761111111111112
0 0.956703125 0.023972222222222225 0.0236875 0.04794444444444445
0 0.090296875 0.02259722222222222 0.026859375 0.04519444444444444
0 0.7383828125 0.03833333333333334 0.0239375 0.07084722222222221
0 0.3116171875 0.22737500000000002 0.030828125 0.08895833333333333
0 0.315453125 0.32452777777777775 0.0396953125 0.13204166666666667
0 0.8495625 0.06119444444444445 0.0290703125 0.10516666666666666
0 0.620828125 0.1956527777777778 0.02378125 0.11955555555555555
0 0.89978125 0.2101388888888889 0.047234375 0.130625
0 0.4321328125 0.13111111111111112 0.031734374999999995 0.11968055555555555
0 0.9827578125 0.7280972222222223 0.034484375 0.13075
0 0.22658593749999997 0.4734305555555556 0.0239765625 0.058819444444444445
0 0.454640625 0.1257222222222222 0.025828125 0.12511111111111112
0 0.8344765625000001 0.06444444444444444 0.02065625 0.09579166666666666
0 0.739875 0.10579166666666667 0.029625000000000002 0.13029166666666667
0 0.252890625 0.5342638888888889 0.037609375 0.13522222222222222
0 0.19684375 0.5343194444444445 0.0418671875 0.15179166666666669
0 0.4826796875 0.035986111111111115 0.0158046875 0.06866666666666667
0 0.993625 0.13165277777777779 0.012742187499999998 0.10791666666666667
0 0.191609375 0.020291666666666666 0.032382812500000004 0.04058333333333333
0 0.21796875 0.5521527777777778 0.043476562499999996 0.1485
0 0.40828125000000004 0.024 0.02834375 0.04801388888888889
0 0.42286718749999996 0.006472222222222222 0.0169375 0.012569444444444446
