0 0.6761484375 0.9077638888888889 0.0452890625 0.14668055555555556
0 0.6704765625 0.13227777777777777 0.0275625 0.11608333333333333
0 0.5008828125 0.5586111111111111 0.0380390625 0.150125
0 0.498828125 0.16801388888888888 0.034835937500000004 0.11725000000000001
0 0.9656874999999999 0.5925555555555555 0.0521875 0.16741666666666669
0 0.4041953125 0.5487500000000001 0.0372734375 0.14766666666666667
0 0.8153515625000001 0.77625 0.0464140625 0.17813888888888887
0 0.9781796875 0.1461111111111111 0.0404765625 0.11256944444444444
0 0.5913125 0.7591111111111111 0.0479140625 0.18341666666666667
0 0.5591328125 0.08333333333333333 0.024671875 0.10811111111111112
0 0.777734375 0.9496388888888889 0.0511328125 0.10073611111111111
0 0.8830312499999999 0.12262500000000001 0.036203125 0.11276388888888889
0 0.7336953125 0.08115277777777778 0.027984375 0.12555555555555556
0 0.5316640625 0.16772222222222222 0.028609375 0.10722222222222223
0 0.96325 0.08098611111111112 0.0323046875 0.11177777777777778
0 0.10459375 0.2539166666666667 0.0464609375 0.14123611111111112
0 0.0213828125 0.6284027777777778 0.042765625 0.1847916666666667
0 0.6742578124999999 0.022944444444444444 0.0236875 0.04588888888888889
0 0.9287812499999999 0.08600000000000001 0.036453124999999996 0.114
0 0.0383125 0.17098611111111112 0.0356328125 0.11259722222222221
0 0.986890625 0.21075000000000002 0.026218750000000002 0.11602777777777779
0 0.6439296875 0.033944444444444444 0.020640625000000003 0.06788888888888889
0 0.61025 0.03588888888888889 0.023765625000000002 0.07179166666666667
0 0.4456171875 0.06233333333333334 0.017953125 0.09344444444444444
0 0.389796875 0.2318888888888889 0.0327734375 0.13956944444444444
0 0.5106171875000001 0.06190277777777778 0.027953125000000002 0.11820833333333333
0 0.751359375 0.035444444444444445 0.027109375 0.07087500000000001
0 0.5922734375 0.04076388888888889 0.018664062500000002 0.06648611111111111
0 0.5505234375 0.9680277777777778 0.06009375 0.06393055555555556
0 0.5521874999999999 0.16859722222222223 0.020499999999999997 0.10601388888888888
0 0.249546875 0.5079305555555556 0.0304609375 0.12370833333333332
0 0.2177265625 0.5209027777777778 0.041375 0.15093055555555557
0 0.18965625 0.4928333333333333 0.0360390625 0.146375
0 0.52009375 0.01926388888888889 0.018195312499999998 0.03852777777777778
0 0.012984375000000001 0.35820833333333335 0.025968750000000002 0.12275
0 0.9002421875 0.11575 0.0245625 0.11226388888888889
0 0.18175 0.010458333333333333 0.036328125 0.020763888888888887
0 0.9953593749999999 0.34273611111111113 0.0092890625 0.09269444444444444
0 0.2260859375 0.45795833333333336 0.0205625 0.05498611111111112
0 0.9073593750000001 0.07334722222222223 0.012765625 0.03345833333333333
0 0.5250703125 0.020541666666666666 0.023625 0.04108333333333333
