0 0.41109375000000004 0.5198055555555555 0.033984375 0.14316666666666666
0 0.678984375 0.9399027777777778 0.046734375 0.12018055555555555
0 0.671546875 0.12465277777777778 0.027890625000000002 0.12205555555555556
0 0.772203125 0.9269027777777777 0.0479765625 0.13958333333333334
0 0.556046875 0.06698611111111111 0.0253671875 0.10254166666666667
0 0.5009375 0.17881944444444445 0.031101562500000002 0.1223611111111111
0 0.9702109374999999 0.6060555555555556 0.0532109375 0.15147222222222223
0 0.817984375 0.7526388888888889 0.0440625 0.1801111111111111
0 0.7315390625 0.081625 0.021453125 0.11990277777777777
0 0.023445312500000003 0.6597638888888888 0.046890625000000005 0.18494444444444444
0 0.9226328125000001 0.07368055555555555 0.033453125 0.11054166666666668
0 0.5342421875000001 0.1765 0.027046874999999998 0.10827777777777776
0 0.8750859375 0.11116666666666668 0.040609374999999996 0.11651388888888889
0 0.49998437500000004 0.5843472222222222 0.037640625 0.162
0 0.0357109375 0.17180555555555557 0.0341796875 0.11675
0 0.3859296875 0.22195833333333334 0.037578125000000004 0.14241666666666666
0 0.581328125 0.7331666666666666 0.047296875 0.2109583333333333
0 0.955140625 0.074375 0.0327734375 0.12202777777777778
0 0.9815781250000001 0.19265277777777778 0.036843749999999995 0.1312638888888889
0 0.6438203125 0.03383333333333333 0.0214609375 0.06766666666666667
0 0.7455703125 0.029513888888888888 0.020867187500000002 0.059027777777777776
0 0.6102421875 0.03641666666666667 0.023359374999999998 0.07283333333333333
0 0.9748281249999999 0.1337361111111111 0.034648437500000004 0.12268055555555556
0 0.098828125 0.25981944444444444 0.0494296875 0.14490277777777777
0 0.5923437500000001 0.043069444444444445 0.0186015625 0.06394444444444444
0 0.675 0.020458333333333335 0.025140625 0.040902777777777774
0 0.0121796875 0.3566527777777778 0.023796875000000002 0.13929166666666667
0 0.55290625 0.15913888888888889 0.019664062500000003 0.08324999999999999
0 0.4544140625 0.05759722222222222 0.023859375 0.09813888888888889
0 0.2514453125 0.5100277777777779 0.031828125 0.12684722222222222
0 0.21846875 0.5210416666666666 0.041585937499999996 0.15031944444444445
0 0.5209374999999999 0.019194444444444445 0.021359375 0.038375
0 0.1889453125 0.4978194444444445 0.0348828125 0.14695833333333333
0 0.515109375 0.06490277777777777 0.02815625 0.11780555555555555
0 0.2254765625 0.457 0.020429687499999998 0.05543055555555555
0 0.8889687500000001 0.10536111111111111 0.029593750000000002 0.12065277777777779
