0 0.50334375 0.18633333333333332 0.0321015625 0.12020833333333333
0 0.5543671875 0.05963888888888889 0.0258828125 0.09640277777777777
0 0.41049218749999994 0.5084027777777778 0.0370078125 0.15391666666666665
0 0.6864609374999999 0.9602222222222222 0.052625 0.07954166666666668
0 0.8265625 0.7156944444444444 0.0476484375 0.17373611111111112
0 0.39656250000000004 0.20005555555555554 0.033828125 0.13419444444444445
0 0.67196875 0.10709722222222222 0.029117187500000002 0.11508333333333333
0 0.9484921875 0.06065277777777778 0.03584375 0.10873611111111112
0 0.9760781250000001 0.6405000000000001 0.047843750000000004 0.17205555555555554
0 0.76828125 0.9071388888888888 0.048390625 0.16620833333333335
0 0.9152578124999999 0.065375 0.03384375 0.11281944444444444
0 0.030796875 0.6721666666666667 0.0616015625 0.1733888888888889
0 0.5013124999999999 0.6073888888888889 0.0359296875 0.15755555555555556
0 0.7328125 0.07991666666666666 0.025984374999999997 0.12541666666666668
0 0.534796875 0.18694444444444444 0.0278515625 0.1093611111111111
0 0.0315390625 0.17306944444444444 0.0345546875 0.120875
0 0.9767890625 0.17945833333333333 0.037390625 0.11851388888888889
0 0.966921875 0.12591666666666665 0.0416484375 0.1280138888888889
0 0.6435703125 0.03319444444444444 0.019828125 0.06640277777777778
0 0.6100078124999999 0.035472222222222224 0.023734375 0.07095833333333333
0 0.0969375 0.2727777777777778 0.0455390625 0.1518611111111111
0 0.55440625 0.14655555555555555 0.0184609375 0.08920833333333333
0 0.8591562500000001 0.10608333333333332 0.036890624999999996 0.11772222222222223
0 0.5728046875 0.6901111111111111 0.04096875 0.193875
0 0.7408828125 0.02702777777777778 0.0224453125 0.05406944444444444
0 0.5925390625 0.03745833333333333 0.01871875 0.06806944444444445
0 0.0120703125 0.3758611111111111 0.024140625 0.14152777777777778
0 0.5198750000000001 0.02415277777777778 0.020890625 0.04829166666666667
0 0.251453125 0.5088055555555555 0.0333984375 0.12675
0 0.519109375 0.08197222222222222 0.029625000000000002 0.10683333333333334
0 0.189796875 0.4982083333333333 0.0369140625 0.14844444444444443
0 0.218765625 0.5205555555555555 0.0395859375 0.14983333333333332
0 0.6746171875 0.014305555555555556 0.01959375 0.028486111111111115
0 0.46237500000000004 0.05294444444444444 0.016765625 0.09287500000000001
0 0.3395078125 0.015069444444444444 0.021546875 0.03013888888888889
0 0.22746875000000003 0.45358333333333334 0.019703125 0.055972222222222215
0 0.7461796875 0.029361111111111112 0.026023437500000003 0.058708333333333335
0 0.503234375 0.052611111111111115 0.0261171875 0.10347222222222222
0 0.8794296875000001 0.09676388888888889 0.025124999999999998 0.11375
0 0.5214921875 0.02677777777777778 0.033671875000000004 0.05355555555555556
