0 0.5031015625 0.20101388888888888 0.0371328125 0.12983333333333333
0 0.6756640625 0.08386111111111111 0.0277890625 0.11363888888888887
0 0.5522109375 0.044736111111111115 0.02409375 0.08655555555555555
0 0.4141796875 0.46302777777777776 0.0373125 0.14190277777777777
0 0.8403203124999999 0.08911111111111111 0.0355390625 0.11129166666666666
0 0.0432421875 0.6927222222222222 0.0525859375 0.1711388888888889
0 0.833859375 0.664888888888889 0.04309375 0.16780555555555554
0 0.7702109375 0.8453055555555555 0.045632812499999995 0.15344444444444444
0 0.7618125 0.9618888888888888 0.057914062499999995 0.07620833333333334
0 0.502890625 0.6494583333333334 0.040796874999999996 0.16427777777777777
0 0.9418593749999999 0.052111111111111115 0.030203124999999997 0.10423611111111111
0 0.5365234375 0.1987361111111111 0.027265624999999998 0.10558333333333333
0 0.8646796875 0.08218055555555556 0.0253359375 0.10968055555555556
0 0.90253125 0.05366666666666667 0.036703124999999996 0.10556944444444445
0 0.5533828125 0.6499444444444444 0.0457734375 0.18691666666666668
0 0.616859375 0.9710277777777777 0.046515625 0.057944444444444444
0 0.7316640624999999 0.08097222222222222 0.021601562499999998 0.1227638888888889
0 0.40499999999999997 0.18641666666666667 0.0330859375 0.14265277777777777
0 0.0271328125 0.17477777777777778 0.034023437499999996 0.11222222222222222
0 0.9615234375 0.15925 0.0318046875 0.11847222222222221
0 0.64415625 0.031194444444444445 0.0194921875 0.06240277777777778
0 0.5566328125 0.12877777777777777 0.018703125 0.08891666666666666
0 0.6114531249999999 0.03336111111111111 0.023125 0.06673611111111111
0 0.01975 0.38772222222222225 0.0395 0.1465138888888889
0 0.9619921874999999 0.0963611111111111 0.0345078125 0.10595833333333335
0 0.09324218749999999 0.2855416666666667 0.0440625 0.14870833333333333
0 0.5279609375 0.09355555555555556 0.024484375 0.10901388888888888
0 0.5039140625 0.05866666666666667 0.026796874999999998 0.10061111111111111
0 0.2200078125 0.5172916666666667 0.04115625 0.15081944444444445
0 0.9807499999999999 0.6777638888888889 0.038492187500000004 0.1623888888888889
0 0.252515625 0.504375 0.031117187499999997 0.13099999999999998
0 0.192609375 0.4921666666666667 0.03665625 0.15202777777777776
0 0.4817265625 0.051861111111111115 0.0180234375 0.09472222222222222
0 0.33914062500000003 0.02077777777777778 0.019289062500000002 0.041541666666666664
0 0.2312890625 0.449375 0.0183046875 0.04854166666666667
0 0.594265625 0.034055555555555554 0.019125 0.06695833333333333
0 0.99046875 0.38027777777777777 0.0190625 0.10066666666666667
0 0.73515625 0.016027777777777776 0.0218671875 0.03204166666666667
