0 0.8115625 0.6169583333333333 0.0444453125 0.15901388888888887
0 0.8910703124999999 0.09383333333333334 0.03265625 0.11527777777777778
0 0.5813984375000001 0.12730555555555556 0.02375 0.09283333333333334
0 0.8002499999999999 0.4635416666666667 0.0404921875 0.1343888888888889
0 0.613640625 0.44019444444444444 0.035234375 0.1262361111111111
0 0.6260546875 0.14172222222222222 0.038390625 0.11994444444444444
0 0.594875 0.7967083333333334 0.04896875 0.18523611111111113
0 0.49717968749999997 0.2766111111111111 0.030593749999999996 0.12590277777777778
0 0.9527421875 0.5988194444444445 0.0484453125 0.1587638888888889
0 0.6960234375 0.7330138888888889 0.041773437499999996 0.152625
0 0.381078125 0.21431944444444445 0.028828125 0.130125
0 0.53190625 0.20319444444444446 0.0355859375 0.14379166666666668
0 0.3905546875 0.02551388888888889 0.0290625 0.051013888888888886
0 0.138328125 0.577388888888889 0.0525625 0.17040277777777776
0 0.077125 0.8496666666666667 0.0624140625 0.20943055555555554
0 0.9144375 0.2502638888888889 0.041421875000000004 0.14316666666666666
0 0.9640546875 0.2484861111111111 0.0371875 0.12875
0 0.408875 0.39090277777777777 0.031734374999999995 0.13677777777777778
0 0.922765625 0.1608888888888889 0.0335546875 0.09709722222222222
0 0.058984375 0.16895833333333335 0.032609375 0.12508333333333332
0 0.2217109375 0.044236111111111115 0.036601562500000004 0.08613888888888889
0 0.1598828125 0.049319444444444444 0.0420625 0.09863888888888889
0 0.46413281250000005 0.01840277777777778 0.0334296875 0.03680555555555556
0 0.9539453124999999 0.020125 0.020984375 0.04025
0 0.6848359375 0.04691666666666667 0.022546875 0.09038888888888888
0 0.3696328125 0.5452361111111111 0.038570312499999995 0.16805555555555557
0 0.489515625 0.09720833333333333 0.0284921875 0.11765277777777777
0 0.3164296875 0.36568055555555556 0.044515624999999996 0.13054166666666667
0 0.45189843749999997 0.11359722222222222 0.032 0.12915277777777778
0 0.729390625 0.08126388888888889 0.0253359375 0.16252777777777777
0 0.8577031249999999 0.07505555555555556 0.0228515625 0.10515277777777778
0 0.313578125 0.26593055555555556 0.03665625 0.09580555555555556
0 0.9925703125 0.15869444444444444 0.014656250000000001 0.09744444444444444
0 0.8411250000000001 0.07627777777777778 0.025625 0.10155555555555557
0 0.2269609375 0.464875 0.0210078125 0.053875
0 0.42652343750000005 0.11222222222222222 0.0330078125 0.12756944444444443
0 0.66503125 0.0743888888888889 0.018703125 0.06740277777777778
0 0.1900625 0.5173055555555556 0.0361796875 0.14658333333333334
0 0.21452343749999997 0.5383055555555555 0.04184375 0.15513888888888888
0 0.48675781249999994 0.03147222222222222 0.031820312499999996 0.06295833333333332
0 0.251734375 0.5236805555555556 0.03846875 0.13283333333333333
0 0.14949218749999998 0.011624999999999998 0.021140625 0.023249999999999996
