0 0.503890625 0.20325000000000001 0.0360078125 0.13043055555555555
0 0.6760234374999999 0.079875 0.02803125 0.11277777777777778
0 0.8366796875 0.08895833333333333 0.034335937500000004 0.1120138888888889
0 0.5036562499999999 0.6538611111111111 0.0405 0.1525138888888889
0 0.048117187500000005 0.7120833333333334 0.052945312499999994 0.18084722222222224
0 0.5515625 0.04234722222222222 0.0237265625 0.08112499999999999
0 0.8995859375 0.05223611111111111 0.037515625000000004 0.10448611111111111
0 0.7590312499999999 0.9485555555555556 0.0616328125 0.10290277777777779
0 0.7683359375000001 0.8249722222222222 0.0465390625 0.143
0 0.5372656250000001 0.20294444444444446 0.027460937499999998 0.10593055555555556
0 0.8354374999999999 0.6519027777777778 0.041296875 0.17518055555555556
0 0.4138828125 0.45969444444444446 0.033234375 0.14372222222222222
0 0.6167109375 0.9586666666666667 0.047578125 0.08268055555555556
0 0.0209453125 0.3968888888888889 0.0416171875 0.14173611111111112
0 0.95540625 0.1461111111111111 0.03075 0.11777777777777777
0 0.939328125 0.050375 0.03021875 0.09915277777777778
0 0.0926875 0.2912777777777778 0.0460078125 0.14502777777777778
0 0.40078125 0.17373611111111112 0.031546875 0.13268055555555555
0 0.024828125 0.17094444444444445 0.0309765625 0.11597222222222223
0 0.5299453125 0.09815277777777778 0.0233671875 0.10380555555555555
0 0.5494296875 0.6431527777777778 0.044101562500000004 0.1862777777777778
0 0.6112656249999999 0.03268055555555556 0.022570312500000002 0.06536111111111112
0 0.86109375 0.07181944444444445 0.027523437499999998 0.12090277777777778
0 0.644421875 0.03129166666666667 0.01984375 0.06259722222222222
0 0.5563359375 0.11220833333333334 0.018882812500000002 0.099
0 0.732328125 0.0795 0.0221796875 0.12205555555555556
0 0.5210234375 0.029583333333333333 0.02365625 0.059166666666666666
0 0.2532578125 0.5020416666666667 0.03215625 0.13311111111111112
0 0.9604531250000001 0.07181944444444445 0.0350546875 0.08347222222222223
0 0.9818515624999999 0.6879722222222222 0.036296875 0.17841666666666667
0 0.5046328124999999 0.05486111111111111 0.021406249999999998 0.09329166666666668
0 0.22025 0.5167222222222223 0.040328125 0.14922222222222223
0 0.190140625 0.4920277777777778 0.0377421875 0.15255555555555556
0 0.7326718750000001 0.01152777777777778 0.0231015625 0.023041666666666665
0 0.48636718749999996 0.05326388888888889 0.01990625 0.10393055555555555
0 0.33854687499999997 0.022083333333333333 0.0185390625 0.04416666666666667
0 0.991203125 0.3719722222222222 0.01759375 0.10652777777777778
0 0.5945625 0.03344444444444444 0.018984375 0.06620833333333334
0 0.232390625 0.4481527777777778 0.017906250000000002 0.041930555555555554
0 0.48133593750000003 0.04925 0.019898437499999998 0.09848611111111111
0 0.9814765624999999 0.6472361111111111 0.0370390625 0.08340277777777777
