0 0.504671875 0.20298611111111112 0.034585937500000004 0.12786111111111112
0 0.6762421875 0.07906944444444444 0.02778125 0.11236111111111112
0 0.8355546875 0.08677777777777777 0.032796874999999996 0.114125
0 0.04975 0.7154444444444444 0.0552734375 0.1904861111111111
0 0.5037109375 0.6554583333333334 0.0408828125 0.14993055555555557
0 0.7678281250000001 0.8129583333333333 0.045671875 0.13383333333333333
0 0.8987578125000001 0.050513888888888886 0.0364921875 0.10101388888888889
0 0.75934375 0.9444027777777778 0.060890625 0.11119444444444444
0 0.835703125 0.6531805555555555 0.0410390625 0.17308333333333334
0 0.551484375 0.03870833333333334 0.024015625 0.07741666666666668
0 0.4142421875 0.45765277777777774 0.0331796875 0.14579166666666665
0 0.6165390625 0.9568888888888889 0.046632812499999995 0.08622222222222221
0 0.9546250000000001 0.14119444444444443 0.029625000000000002 0.12130555555555556
0 0.9390000000000001 0.050208333333333334 0.02975 0.09891666666666667
0 0.53734375 0.20520833333333333 0.027296874999999998 0.10780555555555556
0 0.0211328125 0.39745833333333336 0.04209375 0.14006944444444444
0 0.40033593749999996 0.17034722222222223 0.032015625 0.13201388888888888
0 0.09175 0.2925833333333333 0.046109375 0.14404166666666665
0 0.548265625 0.6431944444444445 0.0444609375 0.1872361111111111
0 0.9822421875 0.6915 0.0355234375 0.17095833333333335
0 0.5568359375 0.11120833333333333 0.0189921875 0.09570833333333333
0 0.6444375 0.03113888888888889 0.0198515625 0.06229166666666667
0 0.02459375 0.17418055555555556 0.030421874999999998 0.11108333333333334
0 0.5301875 0.09886111111111112 0.0230859375 0.102875
0 0.61125 0.03258333333333333 0.0225546875 0.06518055555555556
0 0.8562421875 0.07470833333333333 0.0273359375 0.12106944444444445
0 0.7326953125 0.07223611111111111 0.022984375 0.1304722222222222
0 0.48722656249999996 0.052722222222222226 0.021796875 0.10333333333333335
0 0.25329687500000003 0.5023333333333333 0.0329765625 0.1344861111111111
0 0.520328125 0.030125000000000002 0.023640625000000002 0.06023611111111111
0 0.5030703125 0.056263888888888884 0.0206796875 0.09141666666666666
0 0.19042187500000002 0.4922083333333333 0.038765625 0.15445833333333334
0 0.21907031250000003 0.5102777777777777 0.0389765625 0.14818055555555557
0 0.960625 0.07091666666666667 0.034046875 0.08779166666666667
0 0.337421875 0.021791666666666668 0.019296874999999998 0.043597222222222225
0 0.7329453125 0.011152777777777777 0.0226875 0.022263888888888892
0 0.960234375 0.11716666666666667 0.0325546875 0.16916666666666666
0 0.9914609375 0.36386111111111114 0.0170703125 0.11763888888888889
0 0.5944453125 0.03361111111111111 0.0188203125 0.06693055555555555
0 0.2324375 0.4472361111111111 0.018078125 0.04520833333333333
