0 0.41565624999999995 0.4303194444444444 0.034585937500000004 0.14288888888888887
0 0.508484375 0.21755555555555553 0.0314609375 0.11887500000000001
0 0.67690625 0.06369444444444444 0.026750000000000003 0.115875
0 0.8210859375 0.07698611111111112 0.038421875 0.11205555555555556
0 0.7618437499999999 0.7735277777777778 0.0478046875 0.14165277777777777
0 0.75134375 0.9163749999999999 0.057171875000000004 0.16120833333333331
0 0.020421875 0.4154583333333333 0.04084375 0.15015277777777777
0 0.8390390625 0.6064444444444445 0.0462109375 0.16555555555555557
0 0.8955234375 0.04756944444444444 0.033937499999999995 0.09270833333333334
0 0.5330625 0.6012222222222222 0.03975 0.16484722222222223
0 0.53878125 0.21722222222222223 0.027125 0.11029166666666666
0 0.9358046874999999 0.042777777777777776 0.04040625 0.08555555555555555
0 0.6135312500000001 0.932125 0.047421875 0.13574999999999998
0 0.085015625 0.30404166666666665 0.04775 0.14495833333333333
0 0.4039921875 0.15338888888888888 0.037343749999999995 0.13780555555555554
0 0.0220390625 0.17606944444444445 0.029031249999999998 0.11256944444444444
0 0.3365 0.02684722222222222 0.029226562499999997 0.05369444444444444
0 0.05982031249999999 0.7384722222222223 0.05515625 0.18740277777777778
0 0.9572578125 0.10027777777777779 0.035984375 0.16404166666666667
0 0.9822890624999999 0.3266527777777778 0.035421875000000005 0.16359722222222223
0 0.5384296875000001 0.10619444444444444 0.025062499999999998 0.10590277777777778
0 0.6445390625 0.03051388888888889 0.0205078125 0.06104166666666667
0 0.50790625 0.6965277777777777 0.0385 0.1696527777777778
0 0.733546875 0.07595833333333334 0.0237734375 0.12129166666666666
0 0.5493984375000001 0.035458333333333335 0.026414062500000002 0.07090277777777777
0 0.557765625 0.10211111111111111 0.020578125 0.10265277777777777
0 0.6114921875 0.03213888888888889 0.0227578125 0.06427777777777778
0 0.2532265625 0.5024027777777778 0.0327890625 0.13941666666666666
0 0.8449296875 0.06330555555555556 0.026000000000000002 0.112
0 0.5177265625 0.03261111111111111 0.02015625 0.06522222222222222
0 0.9887343749999999 0.7113194444444444 0.0225234375 0.12720833333333334
0 0.2194140625 0.5088333333333334 0.0384765625 0.15508333333333332
0 0.193828125 0.49126388888888883 0.0357734375 0.15584722222222222
0 0.73121875 0.010458333333333333 0.021593750000000002 0.02061111111111111
0 0.502890625 0.04018055555555555 0.01878125 0.0803611111111111
0 0.5937109375 0.033513888888888885 0.019015625 0.06354166666666666
0 0.487890625 0.013319444444444445 0.0167265625 0.026625000000000003
0 0.5211875 0.03966666666666666 0.0241171875 0.07929166666666668
