0 0.5811796874999999 0.14166666666666666 0.027984375 0.10002777777777777
0 0.13682031249999999 0.6059583333333334 0.0483671875 0.1769027777777778
0 0.1757109375 0.04761111111111111 0.027945312500000003 0.09522222222222222
0 0.49678125 0.28670833333333334 0.031578125 0.13080555555555556
0 0.590421875 0.7677916666666665 0.0440234375 0.17070833333333332
0 0.8167109375000001 0.6429583333333333 0.045484375 0.16843055555555556
0 0.80659375 0.4852361111111111 0.040359374999999996 0.14456944444444444
0 0.9420390624999999 0.5850694444444444 0.044515624999999996 0.16683333333333333
0 0.9692421875000001 0.2553888888888889 0.0369453125 0.1245138888888889
0 0.9186171875 0.26380555555555557 0.040828125 0.1343611111111111
0 0.924 0.17420833333333335 0.033765625 0.10155555555555557
0 0.0589375 0.16990277777777776 0.031070312500000002 0.11934722222222223
0 0.68071875 0.7426805555555556 0.038242187500000004 0.14372222222222222
0 0.38073437499999996 0.2006111111111111 0.0278515625 0.1254861111111111
0 0.531828125 0.2066666666666667 0.0338828125 0.13943055555555556
0 0.8930859375000001 0.1041111111111111 0.0317890625 0.12084722222222223
0 0.6253203125 0.13427777777777777 0.0380625 0.11395833333333333
0 0.4508828125 0.11568055555555556 0.025734374999999997 0.12073611111111113
0 0.08236718750000001 0.8632777777777777 0.066984375 0.21172222222222223
0 0.395640625 0.020805555555555556 0.0224140625 0.04161111111111111
0 0.8593203125000001 0.07265277777777777 0.026203125 0.10625
0 0.6125468749999999 0.43724999999999997 0.0364140625 0.13633333333333333
0 0.3177578125 0.3750416666666666 0.0453984375 0.14584722222222224
0 0.41080468750000004 0.3835555555555556 0.03228125 0.1455972222222222
0 0.3728984375 0.5253749999999999 0.037117187499999996 0.1673472222222222
0 0.953703125 0.020125 0.020874999999999998 0.04023611111111111
0 0.49474999999999997 0.0885 0.023078124999999998 0.103
0 0.22404687499999998 0.035555555555555556 0.027914062499999996 0.07112500000000001
0 0.42670312499999996 0.11034722222222222 0.024656249999999998 0.11879166666666667
0 0.0085078125 0.1413611111111111 0.0162890625 0.05277777777777778
0 0.482046875 0.05541666666666666 0.0294921875 0.11083333333333333
0 0.3141640625 0.27081944444444445 0.038484375 0.09325
0 0.68475 0.04726388888888889 0.022539062500000002 0.09133333333333334
0 0.7254921875 0.04840277777777778 0.028437499999999998 0.09634722222222222
0 0.14903125 0.016027777777777776 0.0204375 0.03204166666666667
0 0.8428359375 0.07744444444444444 0.0266484375 0.108375
0 0.22669531250000002 0.462125 0.0219375 0.04958333333333334
0 0.732421875 0.08394444444444445 0.025374999999999998 0.16233333333333333
0 0.9926171874999999 0.16045833333333334 0.0147578125 0.10494444444444445
0 0.21545312499999997 0.5363611111111111 0.042609375 0.15318055555555557
0 0.6643671875 0.07572222222222223 0.018562500000000003 0.06633333333333333
0 0.5795234375 0.9832361111111111 0.040023437499999995 0.03352777777777778
0 0.18944531250000002 0.5155138888888889 0.0414765625 0.15079166666666666
0 0.2519296875 0.5244861111111111 0.0388984375 0.1328611111111111
0 0.6352265625 0.112125 0.027195312500000002 0.10277777777777777
