0 0.5813984375000001 0.14376388888888889 0.027875 0.10008333333333333
0 0.1354765625 0.6125138888888889 0.0477109375 0.17290277777777777
0 0.971640625 0.2594027777777778 0.0343671875 0.127375
0 0.8080234374999999 0.488625 0.043109375 0.14897222222222223
0 0.17753125 0.04629166666666666 0.0273203125 0.0921111111111111
0 0.8221718750000001 0.654986111111111 0.0458203125 0.17074999999999999
0 0.6775546875 0.7504722222222223 0.039078125000000005 0.15719444444444444
0 0.5318359375 0.20787499999999998 0.033140625 0.1367361111111111
0 0.9406171875 0.5835138888888889 0.043437500000000004 0.17079166666666667
0 0.5911796875 0.7653888888888889 0.046203125 0.17755555555555555
0 0.3806796875 0.19841666666666669 0.027664062499999996 0.1279722222222222
0 0.49682031249999997 0.29012499999999997 0.031101562500000002 0.13204166666666667
0 0.224078125 0.034444444444444444 0.0285546875 0.06890277777777777
0 0.625484375 0.12752777777777777 0.038265625 0.11619444444444443
0 0.9196953125 0.2756388888888889 0.040781250000000005 0.1423611111111111
0 0.8942421875000001 0.10940277777777777 0.030398437499999997 0.12104166666666667
0 0.05865625 0.16948611111111112 0.0311875 0.12084722222222223
0 0.451140625 0.114125 0.02640625 0.12390277777777776
0 0.9241328125000001 0.1802777777777778 0.033359375000000004 0.10586111111111111
0 0.491515625 0.08697222222222221 0.0298046875 0.10377777777777777
0 0.083875 0.8660694444444446 0.0667109375 0.21116666666666667
0 0.8598750000000001 0.07273611111111111 0.0259140625 0.10769444444444445
0 0.3972265625 0.018361111111111113 0.0205703125 0.036722222222222226
0 0.7301796875 0.09409722222222222 0.0219609375 0.13654166666666667
0 0.368828125 0.5194444444444445 0.0386328125 0.17393055555555556
0 0.61421875 0.4313055555555556 0.03828125 0.14155555555555555
0 0.31941406250000004 0.3770833333333333 0.0442421875 0.14808333333333334
0 0.40671093750000004 0.37922222222222224 0.032234374999999996 0.14434722222222224
0 0.95375 0.02011111111111111 0.0209609375 0.04023611111111111
0 0.42662500000000003 0.10993055555555556 0.025273437500000002 0.11715277777777777
0 0.0084765625 0.1322638888888889 0.016015625 0.06988888888888889
0 0.1485703125 0.016958333333333336 0.023203124999999998 0.03391666666666667
0 0.68496875 0.04755555555555556 0.022453124999999997 0.09218055555555556
0 0.3143125 0.2728333333333333 0.036578125 0.0937361111111111
0 0.8459921874999999 0.07861111111111112 0.0229921875 0.10390277777777777
0 0.5768984374999999 0.9766666666666667 0.04509375 0.04668055555555555
0 0.9924609375 0.16554166666666667 0.015070312499999999 0.10616666666666666
0 0.21888281250000002 0.5373611111111111 0.043437500000000004 0.15340277777777778
0 0.22604687499999998 0.4627083333333333 0.0224453125 0.04973611111111111
0 0.19036718749999998 0.5187361111111112 0.038265625 0.1440972222222222
0 0.66425 0.07533333333333334 0.019289062500000002 0.066625
0 0.25165625 0.5244027777777778 0.03875 0.1338611111111111
0 0.7241484375 0.051 0.027414062500000003 0.09861111111111111
