0 0.8096015624999999 0.505625 0.0434140625 0.15522222222222223
0 0.5818203125 0.14447222222222222 0.027546875 0.09908333333333334
0 0.8252890624999999 0.6580555555555556 0.0460625 0.16416666666666668
0 0.1339296875 0.6202083333333334 0.0477890625 0.1701527777777778
0 0.973828125 0.2622777777777778 0.034390625 0.12994444444444445
0 0.672890625 0.7519722222222222 0.0392578125 0.15965277777777778
0 0.379984375 0.19490277777777779 0.027609375000000002 0.12559722222222222
0 0.9388515625 0.5858333333333333 0.046859374999999995 0.17306944444444444
0 0.59034375 0.7632777777777777 0.0460078125 0.18426388888888887
0 0.1794453125 0.043430555555555556 0.026796874999999998 0.08552777777777777
0 0.8938437499999999 0.10722222222222223 0.031468750000000004 0.12518055555555554
0 0.49702343750000005 0.29280555555555554 0.03203125 0.13294444444444445
0 0.492984375 0.08529166666666667 0.028445312499999997 0.10636111111111111
0 0.532390625 0.2111388888888889 0.0348828125 0.13772222222222222
0 0.4061328125 0.37006944444444445 0.033671875000000004 0.13858333333333334
0 0.05853125 0.16880555555555557 0.0316796875 0.12191666666666667
0 0.45132031250000004 0.11468055555555555 0.025859375 0.11808333333333333
0 0.22415625 0.033305555555555554 0.031125000000000003 0.06661111111111111
0 0.9204140625000001 0.28191666666666665 0.0402109375 0.14048611111111112
0 0.085359375 0.8614861111111111 0.0631484375 0.20993055555555556
0 0.6233203125 0.1289583333333333 0.037515625000000004 0.11222222222222222
0 0.37227343749999997 0.5100972222222222 0.035984375 0.16383333333333333
0 0.7304140625 0.09415277777777778 0.022375 0.136125
0 0.316140625 0.379 0.053734375 0.15640277777777778
0 0.614796875 0.4257361111111111 0.039070312499999996 0.13626388888888888
0 0.9251171875 0.18208333333333332 0.03440625 0.10759722222222222
0 0.9536171875000001 0.02026388888888889 0.02053125 0.04052777777777778
0 0.4266015625 0.10966666666666666 0.02609375 0.11641666666666665
0 0.3979140625 0.017708333333333333 0.025859375 0.035402777777777776
0 0.5723515625 0.9731805555555556 0.04290625 0.05363888888888889
0 0.8606406249999999 0.07433333333333333 0.024640625 0.10445833333333332
0 0.14781249999999999 0.017569444444444447 0.024078125 0.03513888888888889
0 0.6841484375 0.04541666666666667 0.0228046875 0.09081944444444444
0 0.0079609375 0.12394444444444444 0.015421874999999998 0.08876388888888888
0 0.31390625 0.2795138888888889 0.03328125 0.08931944444444445
0 0.6324453125 0.11693055555555555 0.025093749999999998 0.12395833333333334
0 0.2191953125 0.5379722222222222 0.04290625 0.15258333333333332
0 0.2254765625 0.4670972222222222 0.023203124999999998 0.056652777777777774
0 0.9926015625 0.16434722222222223 0.0147890625 0.10277777777777777
0 0.8478984374999999 0.08055555555555556 0.020796875 0.10365277777777777
0 0.1905 0.5189027777777778 0.036789062500000004 0.14391666666666666
0 0.723015625 0.05031944444444444 0.027750000000000004 0.0976111111111111
0 0.664234375 0.07522222222222222 0.0189765625 0.06638888888888889
0 0.2510234375 0.5243055555555556 0.0394453125 0.13383333333333333
0 0.4855390625 0.027097222222222224 0.0297734375 0.05419444444444445
