0 0.82515625 0.6705972222222222 0.049062499999999995 0.1668611111111111
0 0.933078125 0.5665833333333333 0.045046875 0.16602777777777777
0 0.012765625 0.11950000000000001 0.02553125 0.09723611111111112
0 0.58434375 0.7416805555555556 0.042398437500000004 0.1736111111111111
0 0.8124765625 0.5220972222222222 0.041507812500000005 0.15580555555555556
0 0.6194375 0.4125138888888889 0.0324140625 0.12304166666666667
0 0.6625234375 0.7508472222222222 0.0454765625 0.15118055555555554
0 0.497046875 0.3015138888888889 0.031953125 0.13070833333333334
0 0.586140625 0.150125 0.026296874999999997 0.10155555555555557
0 0.4050546875 0.35904166666666665 0.032109375 0.13686111111111113
0 0.378578125 0.19083333333333335 0.0290859375 0.1279722222222222
0 0.616515625 0.1252361111111111 0.027671875000000002 0.11884722222222222
0 0.18459375 0.04134722222222222 0.027992187499999998 0.08005555555555556
0 0.9211406249999999 0.2903611111111111 0.04021875 0.13879166666666667
0 0.89390625 0.11059722222222222 0.033546875 0.12222222222222222
0 0.0867890625 0.8713194444444444 0.0586953125 0.19320833333333334
0 0.9735546875000001 0.2753333333333333 0.033890625 0.13894444444444445
0 0.568890625 0.9636111111111111 0.0366796875 0.07277777777777777
0 0.058773437500000004 0.16909722222222223 0.03121875 0.12065277777777779
0 0.1305625 0.6267916666666667 0.0464375 0.17204166666666668
0 0.533125 0.22204166666666666 0.034921875000000005 0.1408472222222222
0 0.7264609375 0.10004166666666667 0.0245625 0.12538888888888888
0 0.3688828125 0.4939861111111111 0.0391640625 0.165375
0 0.22852343749999998 0.03293055555555556 0.035734375 0.06584722222222222
0 0.6324296875 0.11190277777777777 0.026703125 0.1287361111111111
0 0.487328125 0.06297222222222222 0.028054687499999998 0.11900000000000001
0 0.9535859375 0.020277777777777777 0.020828125 0.04055555555555555
0 0.6835859375 0.047625 0.022421875 0.09286111111111112
0 0.4529375 0.11634722222222221 0.028078125 0.12198611111111111
0 0.3164765625 0.3844444444444445 0.050734375 0.14773611111111112
0 0.71846875 0.04698611111111111 0.025312499999999998 0.090375
0 0.315296875 0.28838888888888886 0.03540625 0.09261111111111112
0 0.5006953125 0.017611111111111112 0.034835937500000004 0.035222222222222224
0 0.1460234375 0.020277777777777777 0.024578125 0.04054166666666667
0 0.3983046875 0.017430555555555557 0.028023437499999998 0.034847222222222224
0 0.224203125 0.46900000000000003 0.02521875 0.05644444444444444
0 0.4990859375 0.08525 0.02253125 0.107125
0 0.42758593749999996 0.10877777777777776 0.027437499999999997 0.12277777777777779
0 0.865796875 0.08234722222222222 0.025656250000000002 0.10426388888888888
0 0.190140625 0.5189583333333333 0.0351953125 0.14238888888888887
0 0.2196171875 0.5385416666666667 0.043125000000000004 0.1535138888888889
0 0.9216562500000001 0.19716666666666668 0.0377890625 0.12055555555555555
0 0.9920078125 0.16497222222222221 0.0159765625 0.1077638888888889
0 0.2521015625 0.525125 0.0438046875 0.13497222222222224
0 0.6642265625 0.07370833333333333 0.0210390625 0.0650138888888889
0 0.8498359375 0.0855 0.0206015625 0.103625
0 0.506125 0.07505555555555556 0.0321640625 0.14302777777777778
