0 0.7853046875 0.5231666666666667 0.0425859375 0.15512499999999999
0 0.151515625 0.49040277777777774 0.0394609375 0.15491666666666667
0 0.7609609374999999 0.7294444444444446 0.06103125 0.18666666666666668
0 0.6413984375 0.17525000000000002 0.029218749999999998 0.12406944444444444
0 0.6129453125000001 0.5175555555555555 0.0396875 0.14302777777777778
0 0.7758671875 0.3761527777777778 0.035171875000000005 0.13772222222222222
0 0.5780000000000001 0.09915277777777778 0.022593750000000003 0.09406944444444446
0 0.9163984375 0.12965277777777778 0.0327890625 0.10695833333333334
0 0.6237578125 0.9239166666666667 0.0537890625 0.14545833333333333
0 0.3891328125 0.04705555555555556 0.028335937500000002 0.09122222222222223
0 0.497359375 0.2326388888888889 0.031640625 0.1264861111111111
0 0.4132734375 0.4745833333333333 0.035359375 0.1421111111111111
0 0.06171875 0.17268055555555556 0.0297890625 0.1222638888888889
0 0.6918828125 0.053625 0.022945312500000002 0.09245833333333332
0 0.9000234375 0.2147638888888889 0.0418515625 0.12727777777777777
0 0.5303203125 0.15881944444444443 0.035234375 0.13504166666666667
0 0.9489296875000001 0.204125 0.030171874999999997 0.11766666666666667
0 0.1238203125 0.08694444444444445 0.0285390625 0.11451388888888889
0 0.3861796875 0.27865277777777775 0.0292890625 0.1325
0 0.36875 0.6649166666666667 0.041984375000000004 0.17356944444444444
0 0.2045078125 0.07283333333333333 0.032984374999999996 0.107375
0 0.31146875 0.22908333333333333 0.03003125 0.08252777777777778
0 0.9566171875 0.023625000000000004 0.0230859375 0.04725000000000001
0 0.31646874999999997 0.32316666666666666 0.040984375 0.133
0 0.7385312500000001 0.03777777777777778 0.024625 0.07062500000000001
0 0.8869765624999999 0.0644861111111111 0.0292890625 0.10401388888888889
0 0.47944531250000005 0.14065277777777777 0.02709375 0.11169444444444444
0 0.0426875 0.8181527777777778 0.0584453125 0.1777638888888889
0 0.982625 0.7056388888888889 0.034749999999999996 0.17402777777777778
0 0.8502265625 0.06181944444444444 0.028249999999999997 0.10619444444444444
0 0.432140625 0.13166666666666665 0.0313984375 0.12044444444444444
0 0.09278906249999999 0.020805555555555556 0.021374999999999998 0.04161111111111111
0 0.6205859375 0.19127777777777777 0.0276328125 0.13234722222222223
0 0.22615625 0.47468055555555555 0.0247890625 0.059875
0 0.48359375 0.03797222222222222 0.0180390625 0.071
0 0.45493750000000005 0.12494444444444444 0.026359375 0.12454166666666668
0 0.2519609375 0.534625 0.039320312499999996 0.13394444444444445
0 0.1988515625 0.5319722222222222 0.046234375 0.15166666666666667
0 0.8349609375 0.06459722222222222 0.019140625 0.09540277777777778
0 0.7399375 0.08658333333333333 0.0302109375 0.1671111111111111
0 0.4131796875 0.02327777777777778 0.029984375 0.04656944444444445
0 0.1923125 0.01863888888888889 0.030625000000000003 0.03727777777777778
0 0.218546875 0.5497083333333334 0.041734375000000004 0.14963888888888888
0 0.9939609375 0.1336388888888889 0.0120390625 0.10065277777777777
0 0.1625859375 0.007125 0.022468750000000003 0.014013888888888888
0 0.42204687500000004 0.006750000000000001 0.015515625 0.012902777777777777
0 0.40165625 0.044222222222222225 0.0469453125 0.08845833333333333
