0 0.8407734375 0.71075 0.0488828125 0.17024999999999998
0 0.6201484374999999 0.3942222222222222 0.0345546875 0.12919444444444445
0 0.5880859375 0.16320833333333334 0.02628125 0.10054166666666667
0 0.6431171875 0.7615416666666666 0.0436171875 0.1527777777777778
0 0.9270625000000001 0.22225 0.0364375 0.13604166666666667
0 0.9311171874999999 0.30362500000000003 0.0409453125 0.13805555555555557
0 0.613109375 0.10780555555555556 0.0275703125 0.11094444444444444
0 0.5779765625 0.700875 0.0491015625 0.183
0 0.4962734375 0.31940277777777776 0.033265625 0.129625
0 0.895671875 0.12198611111111111 0.0319140625 0.11422222222222221
0 0.38225 0.17134722222222223 0.026296874999999997 0.12097222222222222
0 0.12296093749999999 0.6753194444444445 0.0517421875 0.18045833333333333
0 0.5643515625 0.9360972222222222 0.0380234375 0.12779166666666666
0 0.40573437500000004 0.3393055555555556 0.030851562500000002 0.13502777777777777
0 0.9194921875000001 0.5405 0.04853125 0.1642361111111111
0 0.8285781249999999 0.5572638888888889 0.04253125 0.15354166666666666
0 0.9795 0.2804861111111111 0.0356328125 0.13419444444444445
0 0.5335625 0.23545833333333333 0.036046875 0.14075000000000001
0 0.09469531249999999 0.8926805555555556 0.0614609375 0.17859722222222224
0 0.0265078125 0.11243055555555556 0.0293203125 0.09731944444444443
0 0.731 0.09691666666666666 0.0240234375 0.12519444444444444
0 0.663890625 0.05593055555555556 0.0242578125 0.10002777777777777
0 0.0585546875 0.16544444444444445 0.0308046875 0.12616666666666668
0 0.3698203125 0.46304166666666663 0.038265625 0.1575
0 0.20146875 0.034819444444444445 0.0294609375 0.069625
0 0.32214062499999996 0.4145 0.0438984375 0.14779166666666665
0 0.9532187499999999 0.018194444444444444 0.0187421875 0.03638888888888889
0 0.42825781249999995 0.10781944444444444 0.022945312500000002 0.11658333333333333
0 0.2408125 0.025277777777777777 0.0204375 0.05056944444444444
0 0.5024453125 0.06938888888888889 0.0220625 0.10379166666666667
0 0.679828125 0.04644444444444444 0.02134375 0.09290277777777778
0 0.8761875 0.07779166666666666 0.0202578125 0.09254166666666666
0 0.629828125 0.09854166666666667 0.026750000000000003 0.12652777777777777
0 0.7133984375 0.044736111111111115 0.023796875000000002 0.08948611111111113
0 0.224265625 0.4667916666666666 0.026273437500000003 0.062
0 0.4845625 0.07365277777777778 0.0229296875 0.11491666666666665
0 0.3143125 0.3027361111111111 0.034203125 0.10511111111111113
0 0.45787500000000003 0.11166666666666668 0.029859375 0.12456944444444444
0 0.8533046875 0.08990277777777779 0.020484375 0.10526388888888889
0 0.5183515625 0.01934722222222222 0.0185 0.03868055555555556
0 0.9915234375 0.17652777777777778 0.0169453125 0.09520833333333333
0 0.1450234375 0.024638888888888887 0.0283828125 0.049277777777777775
0 0.19051562500000002 0.5182777777777778 0.03740625 0.14369444444444443
0 0.4000859375 0.01161111111111111 0.0212109375 0.022819444444444444
0 0.21875 0.5349166666666666 0.0463515625 0.15484722222222222
0 0.252390625 0.5239444444444444 0.03984375 0.13211111111111112
0 0.1361015625 0.027180555555555555 0.0290234375 0.051430555555555556
0 0.9922656249999999 0.00811111111111111 0.014695312499999998 0.015611111111111112
0 0.8602421874999999 0.084125 0.02309375 0.10575
