0 0.786265625 0.5249444444444444 0.041625 0.1546111111111111
0 0.7601640625 0.7319444444444444 0.060429687499999996 0.18204166666666666
0 0.64134375 0.174 0.029312500000000002 0.12372222222222222
0 0.776828125 0.37872222222222224 0.0359453125 0.13904166666666667
0 0.6237890625 0.9208611111111111 0.05144531249999999 0.1515138888888889
0 0.611234375 0.5151388888888888 0.040695312500000004 0.1384027777777778
0 0.9164921874999999 0.12825 0.033523437499999996 0.1009861111111111
0 0.412578125 0.47175000000000006 0.034445312500000005 0.1452361111111111
0 0.57803125 0.10025 0.022703124999999998 0.09593055555555555
0 0.1476328125 0.4886388888888889 0.0396015625 0.15045833333333333
0 0.4984375 0.23470833333333335 0.0304140625 0.12658333333333333
0 0.6917109375 0.053402777777777785 0.0233984375 0.0931388888888889
0 0.061078125000000004 0.175375 0.0316015625 0.11781944444444445
0 0.9013515625 0.21484722222222222 0.044328125 0.12965277777777778
0 0.12546875 0.08429166666666667 0.0315546875 0.11694444444444445
0 0.3886796875 0.04533333333333334 0.027703125000000002 0.08979166666666667
0 0.5306640625 0.16719444444444445 0.0362109375 0.14172222222222222
0 0.3686171875 0.6545972222222223 0.040984375 0.17008333333333334
0 0.3865234375 0.2788055555555556 0.029414062499999998 0.13404166666666667
0 0.9536093749999999 0.20823611111111112 0.0316640625 0.11983333333333333
0 0.20612499999999997 0.07118055555555555 0.032859375 0.10683333333333334
0 0.8883984375 0.06663888888888889 0.030109375 0.11009722222222222
0 0.043710937500000005 0.8201111111111111 0.06003125 0.17758333333333334
0 0.9566874999999999 0.02363888888888889 0.0238515625 0.04727777777777778
0 0.31596875 0.3252638888888889 0.0401640625 0.13051388888888887
0 0.73878125 0.03783333333333333 0.025023437500000002 0.07062500000000001
0 0.31167968749999997 0.23119444444444445 0.030398437499999997 0.07990277777777778
0 0.43228906250000004 0.1305 0.031421875 0.11950000000000001
0 0.6232421875 0.19138888888888891 0.026250000000000002 0.119125
0 0.8516562499999999 0.067125 0.02734375 0.10436111111111111
0 0.0933359375 0.018847222222222224 0.0194609375 0.03768055555555556
0 0.47995312500000004 0.13998611111111112 0.0268359375 0.11154166666666666
0 0.98303125 0.7022777777777778 0.033945312500000005 0.1795972222222222
0 0.45461718749999996 0.1252638888888889 0.026640625 0.12509722222222222
0 0.41428906249999997 0.02326388888888889 0.030867187499999997 0.04652777777777778
0 0.48378125 0.038375 0.0187265625 0.07273611111111111
0 0.2521171875 0.5339722222222222 0.038843749999999996 0.13175
0 0.7409296875 0.08568055555555555 0.031328125 0.1711527777777778
0 0.22649218750000003 0.47475 0.0244375 0.059652777777777784
0 0.8352656250000001 0.06629166666666667 0.019984375 0.09920833333333334
0 0.1977734375 0.5301944444444444 0.0440078125 0.14929166666666666
0 0.1928515625 0.016791666666666667 0.0308046875 0.03359722222222222
0 0.2178359375 0.5501666666666667 0.0427890625 0.14870833333333333
0 0.9940078124999999 0.13234722222222223 0.011984375 0.10177777777777777
0 0.16296875 0.007263888888888889 0.0243203125 0.014416666666666668
0 0.6731874999999999 0.08380555555555556 0.0214296875 0.059277777777777776
