0 0.2733050847457627 0.924074074074074 0.025423728813559324 0.03148148148148148
0 0.6511299435028248 0.10972222222222222 0.02401129943502825 0.049074074074074076
0 0.6811440677966102 0.6564814814814814 0.033192090395480225 0.02962962962962963
0 0.2581214689265537 0.9532407407407407 0.02754237288135593 0.03611111111111111
0 0.4173728813559322 0.9208333333333333 0.01977401129943503 0.028703703703703703
0 0.3859463276836158 0.9083333333333333 0.020480225988700564 0.02962962962962963
0 0.6490112994350282 0.6671296296296296 0.03672316384180791 0.025
0 0.2524717514124294 0.9231481481481482 0.021892655367231638 0.02962962962962963
0 0.23375706214689265 0.9273148148148148 0.02401129943502825 0.03796296296296296
0 0.6483050847457628 0.8828703703703704 0.02401129943502825 0.03796296296296296
0 0.6751412429378532 0.8828703703703704 0.02401129943502825 0.03796296296296296
0 0.4332627118644068 0.8287037037037037 0.026129943502824857 0.02962962962962963
0 0.8852401129943502 0.6995370370370371 0.033192090395480225 0.03611111111111111
0 0.615819209039548 0.23564814814814813 0.01977401129943503 0.03981481481481482
0 0.6140536723163842 0.26944444444444443 0.036016949152542374 0.044444444444444446
0 0.3739406779661017 0.18009259259259258 0.019067796610169493 0.05092592592592592
0 0.3389830508474576 0.8430555555555556 0.03389830508474576 0.025
0 0.6101694915254238 0.21157407407407408 0.025423728813559324 0.03796296296296296
0 0.644774011299435 0.6921296296296297 0.031073446327683617 0.028703703703703703
