0 0.20903954802259886 0.9152777777777777 0.03954802259887006 0.03981481481481482
0 0.024717514124293787 0.3060185185185185 0.025423728813559324 0.028703703703703703
0 0.2768361581920904 0.9291666666666667 0.018361581920903956 0.041666666666666664
0 0.2623587570621469 0.9462962962962963 0.041666666666666664 0.02962962962962963
0 0.07521186440677965 0.5638888888888889 0.02754237288135593 0.05
0 0.1987994350282486 0.9305555555555556 0.04025423728813559 0.03518518518518519
0 0.4081920903954802 0.49166666666666664 0.03531073446327684 0.044444444444444446
0 0.2489406779661017 0.9208333333333333 0.020480225988700564 0.03796296296296296
0 0.2595338983050847 0.9166666666666666 0.021892655367231638 0.02962962962962963
0 0.4548022598870056 0.9064814814814814 0.022598870056497175 0.02962962962962963
0 0.4110169491525424 0.7300925925925926 0.02401129943502825 0.03796296296296296
0 0.6468926553672316 0.8842592592592593 0.0211864406779661 0.03518518518518519
0 0.6744350282485876 0.8810185185185185 0.022598870056497175 0.041666666666666664
0 0.10734463276836158 0.8958333333333334 0.025423728813559324 0.03796296296296296
0 0.3937146892655367 0.7453703703703703 0.036016949152542374 0.04814814814814815
0 0.6080508474576272 0.825462962962963 0.029661016949152543 0.026851851851851852
0 0.4011299435028249 0.3814814814814815 0.02401129943502825 0.05
0 0.031073446327683617 0.12222222222222222 0.04096045197740113 0.044444444444444446
0 0.6147598870056498 0.7449074074074075 0.03742937853107345 0.03796296296296296
0 0.22033898305084745 0.8726851851851852 0.031073446327683617 0.03796296296296296
0 0.254590395480226 0.8064814814814815 0.026129943502824857 0.03518518518518519
0 0.705861581920904 0.6550925925925926 0.028954802259887006 0.03981481481481482
0 0.4138418079096045 0.9699074074074074 0.026836158192090395 0.03981481481481482
0 0.688912429378531 0.6472222222222223 0.020480225988700564 0.044444444444444446