0 0.3467514124293785 0.8861111111111111 0.029661016949152543 0.027777777777777776
0 0.06179378531073446 0.775 0.023305084745762712 0.03148148148148148
0 0.3524011299435028 0.8472222222222222 0.04096045197740113 0.046296296296296294
0 0.1574858757062147 0.9254629629629629 0.03389830508474576 0.025
0 0.3305084745762712 0.9013888888888889 0.01977401129943503 0.023148148148148147
0 0.7062146892655368 0.36666666666666664 0.025423728813559324 0.03333333333333333
0 0.7097457627118644 0.3888888888888889 0.02401129943502825 0.03518518518518519
0 0.2838983050847458 0.7097222222222223 0.03531073446327684 0.05277777777777778
0 0.7069209039548022 0.12638888888888888 0.026836158192090395 0.04351851851851852
0 0.8661723163841808 0.5884259259259259 0.028954802259887006 0.05648148148148148
0 0.7379943502824858 0.7675925925925926 0.029661016949152543 0.04259259259259259
0 0.672316384180791 0.7842592592592592 0.03531073446327684 0.046296296296296294
0 0.6825564971751412 0.7680555555555556 0.02754237288135593 0.03796296296296296
0 0.4187853107344633 0.9041666666666667 0.022598870056497175 0.028703703703703703
0 0.4173728813559322 0.6962962962962963 0.031073446327683617 0.04259259259259259
0 0.6461864406779662 0.8819444444444444 0.025423728813559324 0.03611111111111111
0 0.6751412429378532 0.8791666666666667 0.02401129943502825 0.041666666666666664
0 0.4438559322033898 0.22824074074074074 0.024717514124293787 0.03796296296296296
0 0.4209039548022599 0.33935185185185185 0.03531073446327684 0.03796296296296296
0 0.5480225988700564 0.3625 0.026836158192090395 0.05092592592592592
0 0.7538841807909604 0.7319444444444444 0.021892655367231638 0.03425925925925926
0 0.4159604519774011 0.9662037037037037 0.025423728813559324 0.03611111111111111
0 0.6995056497175142 0.8212962962962963 0.019067796610169493 0.03518518518518519
0 0.2196327683615819 0.21157407407407408 0.029661016949152543 0.04537037037037037
0 0.8697033898305084 0.6231481481481481 0.041666666666666664 0.046296296296296294