0 0.4810126582278481 0.32546296296296295 0.026722925457102673 0.03981481481481482
0 0.4866385372714487 0.3398148148148148 0.026722925457102673 0.03888888888888889
0 0.7085091420534458 0.9407407407407408 0.034458509142053444 0.03333333333333333
0 0.9774964838255977 0.1712962962962963 0.02812939521800281 0.044444444444444446
0 0.16912798874824192 0.4773148148148148 0.0189873417721519 0.019444444444444445
0 0.5372714486638537 0.300462962962963 0.02250351617440225 0.026851851851851852
0 0.16631504922644164 0.45925925925925926 0.0189873417721519 0.016666666666666666
0 0.5457102672292545 0.2740740740740741 0.01969057665260197 0.020370370370370372
0 0.5372714486638537 0.26342592592592595 0.02531645569620253 0.025
0 0.7950070323488045 0.4009259259259259 0.034458509142053444 0.03333333333333333
0 0.3649789029535865 0.5634259259259259 0.030942334739803096 0.028703703703703703
0 0.3621659634317862 0.8976851851851851 0.030942334739803096 0.026851851851851852
0 0.2718002812939522 0.15138888888888888 0.02180028129395218 0.03796296296296296
0 0.9641350210970464 0.8759259259259259 0.026722925457102673 0.02962962962962963
