0 0.11427566807313642 0.7 0.04852320675105485 0.08888888888888889
0 0.47890295358649787 0.3449074074074074 0.03656821378340366 0.041666666666666664
0 0.5330520393811533 0.2824074074074074 0.03938115330520394 0.06666666666666667
0 0.8670886075949367 0.49907407407407406 0.035161744022503515 0.05
0 0.169831223628692 0.9800925925925926 0.06258790436005626 0.028703703703703703
0 0.2429676511954993 0.0412037037037037 0.04430379746835443 0.062037037037037036
0 0.22679324894514769 0.022685185185185187 0.034458509142053444 0.04537037037037037
0 0.21132208157524612 0.026851851851851852 0.03727144866385373 0.05
0 0.5931786216596343 0.6134259259259259 0.04852320675105485 0.0712962962962963
0 0.4954289732770745 0.43472222222222223 0.04430379746835443 0.0712962962962963
