0 0.08016877637130802 0.18888888888888888 0.03375527426160337 0.037037037037037035
0 0.08016877637130802 0.15555555555555556 0.03375527426160337 0.03333333333333333
0 0.3755274261603376 0.33564814814814814 0.02109704641350211 0.04722222222222222
0 0.3751758087201125 0.5777777777777777 0.03164556962025317 0.05
0 0.6670182841068917 0.20694444444444443 0.04289732770745429 0.03981481481481482
0 0.42334739803094235 0.05694444444444444 0.03938115330520394 0.04351851851851852
0 0.1308016877637131 0.24722222222222223 0.029535864978902954 0.02962962962962963
0 0.09599156118143459 0.43148148148148147 0.03727144866385373 0.05185185185185185
0 0.6283403656821378 0.2689814814814815 0.034458509142053444 0.030555555555555555
0 0.5636427566807314 0.44907407407407407 0.030239099859353025 0.053703703703703705
0 0.3073136427566807 0.45740740740740743 0.029535864978902954 0.053703703703703705
0 0.36779184247538677 0.28379629629629627 0.02812939521800281 0.05648148148148148
0 0.18424753867791843 0.05787037037037037 0.03375527426160337 0.04537037037037037
0 0.6269338959212377 0.2875 0.03727144866385373 0.026851851851851852
