0 0.35098335854765506 0.48657407407407405 0.02723146747352496 0.04537037037037037
0 0.6717095310136157 0.044444444444444446 0.0226928895612708 0.06851851851851852
0 0.7655068078668684 0.43796296296296294 0.018154311649016642 0.05185185185185185
0 0.823373676248109 0.4115740740740741 0.031013615733736764 0.062037037037037036
0 0.720499243570348 0.7226851851851852 0.04462934947049924 0.08981481481481482
0 0.955748865355522 0.05462962962962963 0.023449319213313162 0.06481481481481481
0 0.6108169440242057 0.7944444444444444 0.02798789712556732 0.046296296296296294
0 0.2813918305597579 0.8393518518518519 0.030257186081694403 0.04722222222222222
0 0.6115733736762481 0.7375 0.0264750378214826 0.04722222222222222
0 0.9689863842662633 0.2439814814814815 0.036308623298033284 0.04722222222222222
0 0.6739788199697428 0.8300925925925926 0.04084720121028744 0.05462962962962963
0 0.15015128593040847 0.1712962962962963 0.029500756429652043 0.04814814814814815
