0 0.42133131618759456 0.8935185185185185 0.03479576399394856 0.044444444444444446
0 0.10098335854765507 0.9236111111111112 0.02798789712556732 0.028703703703703703
0 0.18872919818456885 0.8643518518518518 0.024962178517397883 0.03611111111111111
0 0.245839636913767 0.8592592592592593 0.03479576399394856 0.03333333333333333
0 0.5885022692889561 0.7699074074074074 0.0529500756429652 0.041666666666666664
0 0.15393343419062028 0.7550925925925925 0.04462934947049924 0.03796296296296296
0 0.779500756429652 0.14814814814814814 0.037065052950075644 0.03148148148148148
0 0.613464447806354 0.8569444444444444 0.039334341906202726 0.03796296296296296
0 0.287821482602118 0.6134259259259259 0.0264750378214826 0.041666666666666664
0 0.9508320726172466 0.274537037037037 0.049924357034795766 0.041666666666666664
0 0.636535552193646 0.046296296296296294 0.04311649016641452 0.05185185185185185
0 0.14447806354009077 0.1736111111111111 0.03479576399394856 0.04351851851851852
