0 0.18229954614220878 0.774074074074074 0.048411497730711045 0.05
0 0.5329046898638427 0.7657407407407407 0.05521936459909228 0.05
0 0.4409984871406959 0.8444444444444444 0.06959152798789713 0.05
0 0.386535552193646 0.06296296296296296 0.03177004538577912 0.08148148148148149
0 0.9640695915279879 0.49166666666666664 0.04311649016641452 0.08888888888888889
0 0.2673978819969743 0.8393518518518519 0.04462934947049924 0.05277777777777778
0 0.2893343419062027 0.7300925925925926 0.040090771558245086 0.049074074074074076
0 0.5642965204236006 0.8425925925925926 0.04084720121028744 0.046296296296296294
0 0.9198184568835098 0.7620370370370371 0.037821482602118005 0.06851851851851852
0 0.5975794251134644 0.12685185185185185 0.03479576399394856 0.05
0 0.13502269288956126 0.16620370370370371 0.056732223903177004 0.058333333333333334