0 0.378515625 0.37916666666666665 0.08046875 0.14166666666666666
0 0.30703125 0.46041666666666664 0.0984375 0.14479166666666668
0 0.151953125 0.5958333333333333 0.11171875 0.14166666666666666
0 0.425 0.4921875 0.065625 0.10104166666666667
0 0.46640625 0.34375 0.0765625 0.13333333333333333
0 0.545703125 0.44635416666666666 0.08046875 0.15
0 0.655078125 0.38385416666666666 0.06484375 0.084375
0 0.653125 0.45260416666666664 0.071875 0.058333333333333334
0 0.6125 0.6171875 0.0859375 0.12604166666666666
0 0.787890625 0.49114583333333334 0.10390625 0.11145833333333334
0 0.696875 0.1875 0.0765625 0.146875
0 0.755859375 0.18385416666666668 0.04453125 0.10729166666666666
0 0.802734375 0.18125 0.04921875 0.103125
0 0.84765625 0.5973958333333333 0.11875 0.09583333333333334
0 0.691015625 0.5203125 0.08828125 0.090625
0 0.71796875 0.6213541666666667 0.096875 0.11770833333333333