0 0.39765625 0.45677083333333335 0.065625 0.10104166666666667
0 0.3953125 0.34010416666666665 0.0765625 0.13333333333333333
0 0.495703125 0.43125 0.08046875 0.15
0 0.543359375 0.590625 0.0859375 0.12604166666666666
0 0.697265625 0.18958333333333333 0.0765625 0.146875
0 0.77734375 0.1734375 0.04453125 0.10729166666666666
0 0.629296875 0.51875 0.08828125 0.090625
0 0.8125 0.19375 0.0609375 0.08020833333333334
0 0.645703125 0.6119791666666666 0.109375 0.1125
0 0.07734375 0.6583333333333333 0.115625 0.12083333333333333
0 0.594140625 0.3828125 0.06171875 0.10729166666666666
0 0.277734375 0.39375 0.08515625 0.12395833333333334
0 0.566015625 0.45416666666666666 0.040625 0.084375
0 0.809765625 0.4765625 0.09609375 0.128125
0 0.879296875 0.5802083333333333 0.14296875 0.128125
0 0.77265625 0.5916666666666667 0.1109375 0.11354166666666667
0 0.71484375 0.50625 0.0828125 0.084375
0 0.451953125 0.3536458333333333 0.065625 0.11666666666666667
0 0.4421875 0.20989583333333334 0.0765625 0.13645833333333332
0 0.522265625 0.1515625 0.08046875 0.175