0 0.66796875 0.5088541666666667 0.10546875 0.09479166666666666
0 0.498046875 0.43125 0.0671875 0.109375
0 0.38046875 0.5609375 0.0515625 0.10833333333333334
0 0.140234375 0.6015625 0.10390625 0.109375
0 0.073046875 0.19739583333333333 0.07265625 0.1
0 0.165625 0.4979166666666667 0.11171875 0.115625
0 0.305859375 0.4421875 0.096875 0.11145833333333334
0 0.65703125 0.6317708333333333 0.0953125 0.134375
0 0.425 0.45625 0.06484375 0.12916666666666668
0 0.509375 0.5296875 0.08828125 0.10833333333333334
0 0.3015625 0.5822916666666667 0.0921875 0.10520833333333333
0 0.723828125 0.5713541666666667 0.096875 0.1125
0 0.768359375 0.3828125 0.1109375 0.140625
0 0.614453125 0.3796875 0.12734375 0.090625
0 0.885546875 0.425 0.11484375 0.103125