0 0.617578125 0.49166666666666664 0.10546875 0.09479166666666666
0 0.419921875 0.41302083333333334 0.0671875 0.109375
0 0.058984375 0.6286458333333333 0.10390625 0.109375
0 0.07734375 0.196875 0.07265625 0.1
0 0.1984375 0.4588541666666667 0.096875 0.11145833333333334
0 0.6046875 0.65625 0.0953125 0.134375
0 0.340625 0.43802083333333336 0.06484375 0.12916666666666668
0 0.416015625 0.5338541666666666 0.08828125 0.10833333333333334
0 0.181640625 0.5880208333333333 0.0921875 0.10520833333333333
0 0.727734375 0.578125 0.096875 0.1125
0 0.768359375 0.3828125 0.1109375 0.140625
0 0.614453125 0.3796875 0.12734375 0.090625
0 0.874609375 0.4166666666666667 0.11484375 0.103125
0 0.746484375 0.20520833333333333 0.0859375 0.13854166666666667
0 0.291015625 0.5666666666666667 0.0953125 0.128125