0 0.408984375 0.415625 0.0671875 0.109375
0 0.053515625 0.6276041666666666 0.10390625 0.109375
0 0.07109375 0.19947916666666668 0.07265625 0.1
0 0.198828125 0.4588541666666667 0.096875 0.11145833333333334
0 0.5578125 0.6140625 0.0953125 0.134375
0 0.340625 0.43802083333333336 0.06484375 0.12916666666666668
0 0.417578125 0.5130208333333334 0.08828125 0.10833333333333334
0 0.180859375 0.5979166666666667 0.0921875 0.10520833333333333
0 0.6828125 0.44427083333333334 0.1109375 0.140625
0 0.80390625 0.409375 0.11484375 0.103125
0 0.770703125 0.1984375 0.0859375 0.13854166666666667
0 0.525 0.38333333333333336 0.078125 0.11354166666666667
0 0.301171875 0.5432291666666667 0.07890625 0.103125
0 0.820703125 0.515625 0.13359375 0.10833333333333334
0 0.656640625 0.5614583333333333 0.08984375 0.10729166666666666
0 0.57890625 0.4875 0.07890625 0.12083333333333333