0 0.5203125 0.6192708333333333 0.0953125 0.134375
0 0.804296875 0.409375 0.11484375 0.103125
0 0.753125 0.1796875 0.0859375 0.13854166666666667
0 0.796875 0.5057291666666667 0.13359375 0.10833333333333334
0 0.589453125 0.44583333333333336 0.07890625 0.12083333333333333
0 0.408984375 0.415625 0.0671875 0.109375
0 0.054296875 0.628125 0.10390625 0.109375
0 0.073046875 0.19635416666666666 0.07265625 0.1
0 0.1828125 0.453125 0.096875 0.11145833333333334
0 0.33828125 0.453125 0.06484375 0.12916666666666668
0 0.4171875 0.5130208333333334 0.08828125 0.10833333333333334
0 0.18359375 0.6072916666666667 0.0921875 0.10520833333333333
0 0.683203125 0.44479166666666664 0.1109375 0.140625
0 0.51640625 0.37916666666666665 0.078125 0.11354166666666667
0 0.2828125 0.5442708333333334 0.07890625 0.103125
0 0.59765625 0.5619791666666667 0.08984375 0.10729166666666666
0 0.93203125 0.4546875 0.1265625 0.09895833333333333