0 0.284375 0.3385416666666667 0.0765625 0.11354166666666667
0 0.559765625 0.6151041666666667 0.06171875 0.10833333333333334
0 0.57109375 0.80625 0.09140625 0.16145833333333334
0 0.81015625 0.9140625 0.12421875 0.140625
0 0.312109375 0.9432291666666667 0.084375 0.11354166666666667
0 0.107421875 0.8651041666666667 0.1109375 0.16770833333333332
0 0.67421875 0.8427083333333333 0.090625 0.14166666666666666
0 0.2265625 0.8864583333333333 0.0953125 0.15520833333333334
0 0.29921875 0.825 0.078125 0.12604166666666666
0 0.4125 0.8 0.08125 0.19166666666666668
0 0.469140625 0.9182291666666667 0.05390625 0.16354166666666667
0 0.294140625 0.1203125 0.0984375 0.109375
0 0.9375 0.8703125 0.1140625 0.17916666666666667