0 0.3 0.12760416666666666 0.07734375 0.084375
0 0.287890625 0.3411458333333333 0.09140625 0.09895833333333333
0 0.558984375 0.6088541666666667 0.06484375 0.1125
0 0.5609375 0.7942708333333334 0.0796875 0.146875
0 0.66953125 0.846875 0.0828125 0.13229166666666667
0 0.8015625 0.8791666666666667 0.103125 0.16145833333333334
0 0.925390625 0.8625 0.0953125 0.14479166666666668
0 0.415234375 0.8052083333333333 0.08984375 0.14583333333333334
0 0.2890625 0.8078125 0.0734375 0.134375
0 0.312109375 0.9369791666666667 0.08984375 0.12083333333333333
0 0.229296875 0.8817708333333333 0.05859375 0.16979166666666667
0 0.094921875 0.8598958333333333 0.12109375 0.15