0 0.904296875 0.115625 0.09375 0.16770833333333332
0 0.533203125 0.7130208333333333 0.078125 0.13854166666666667
0 0.128125 0.14947916666666666 0.1109375 0.15833333333333333
0 0.526953125 0.10677083333333333 0.071875 0.15104166666666666
0 0.604296875 0.7098958333333333 0.04609375 0.09479166666666666
0 0.422265625 0.9098958333333333 0.06796875 0.16354166666666667
0 0.63828125 0.70625 0.0421875 0.09895833333333333
0 0.15234375 0.9109375 0.0953125 0.14479166666666668
0 0.23359375 0.8895833333333333 0.08671875 0.14895833333333333
0 0.28671875 0.415625 0.08203125 0.17083333333333334
0 0.398046875 0.37083333333333335 0.08359375 0.11666666666666667
0 0.34453125 0.4 0.071875 0.15