0 0.68984375 0.17239583333333333 0.0703125 0.16354166666666667
0 0.642578125 0.49635416666666665 0.08984375 0.12395833333333334
0 0.54140625 0.5088541666666667 0.0828125 0.14583333333333334
0 0.50859375 0.6338541666666667 0.0859375 0.10520833333333333
0 0.771484375 0.17135416666666667 0.0921875 0.134375
0 0.743359375 0.48385416666666664 0.12578125 0.16770833333333332
0 0.277734375 0.4317708333333333 0.10078125 0.11666666666666667
0 0.16640625 0.4265625 0.1296875 0.11979166666666667
0 0.45546875 0.5234375 0.0734375 0.13020833333333334
0 0.628515625 0.6057291666666667 0.084375 0.12916666666666668
0 0.718359375 0.659375 0.11328125 0.1375
0 0.278125 0.5817708333333333 0.13125 0.125
0 0.36484375 0.4588541666666667 0.1 0.12604166666666666
0 0.841015625 0.5567708333333333 0.10078125 0.10833333333333334