0 0.68984375 0.17239583333333333 0.0703125 0.16354166666666667
0 0.77109375 0.17552083333333332 0.0921875 0.134375
0 0.237109375 0.4354166666666667 0.11953125 0.14895833333333333
0 0.137890625 0.4546875 0.08046875 0.12395833333333334
0 0.31875 0.47239583333333335 0.08671875 0.11979166666666667
0 0.457421875 0.4942708333333333 0.06953125 0.13333333333333333
0 0.727734375 0.51875 0.13203125 0.14270833333333333
0 0.5765625 0.6197916666666666 0.08203125 0.128125
0 0.107421875 0.6515625 0.1375 0.1375
0 0.24375 0.5703125 0.121875 0.1375
0 0.691015625 0.6515625 0.10234375 0.128125
0 0.80859375 0.5026041666666666 0.103125 0.16979166666666667
0 0.45546875 0.6276041666666666 0.08984375 0.12395833333333334
0 0.562890625 0.5026041666666666 0.06796875 0.128125
0 0.38671875 0.3515625 0.08125 0.18020833333333333
0 0.39765625 0.5333333333333333 0.0625 0.15