0 0.645703125 0.55625 0.0890625 0.10416666666666667
0 0.416015625 0.47552083333333334 0.0859375 0.15416666666666667
0 0.205859375 0.4296875 0.14609375 0.10729166666666666
0 0.181640625 0.5328125 0.15234375 0.09270833333333334
0 0.669921875 0.42083333333333334 0.08046875 0.146875
0 0.786328125 0.38177083333333334 0.14296875 0.15520833333333334
0 0.6859375 0.175 0.0765625 0.20520833333333333
0 0.773046875 0.1734375 0.0765625 0.175
0 0.5609375 0.4265625 0.0921875 0.16354166666666667
0 0.476171875 0.44114583333333335 0.08515625 0.19583333333333333
0 0.3078125 0.5713541666666667 0.109375 0.12083333333333333
0 0.80625 0.54375 0.1703125 0.140625