0 0.686328125 0.175 0.0765625 0.20520833333333333
0 0.783984375 0.17291666666666666 0.0765625 0.175
0 0.438671875 0.4078125 0.065625 0.14166666666666666
0 0.573046875 0.36822916666666666 0.08203125 0.15520833333333334
0 0.49609375 0.3890625 0.065625 0.140625
0 0.69375 0.36666666666666664 0.109375 0.13645833333333332
0 0.789453125 0.440625 0.10390625 0.13854166666666667
0 0.676953125 0.5177083333333333 0.11953125 0.12916666666666668
0 0.13046875 0.5182291666666666 0.140625 0.10520833333333333
0 0.145703125 0.65 0.1375 0.11979166666666667
0 0.544921875 0.5067708333333333 0.08046875 0.115625
0 0.931640625 0.4114583333333333 0.13203125 0.0875
0 0.216015625 0.5026041666666666 0.12578125 0.125
0 0.34765625 0.4671875 0.1109375 0.12604166666666666