0 0.686328125 0.175 0.0765625 0.20520833333333333
0 0.784765625 0.17291666666666666 0.0765625 0.175
0 0.438671875 0.4078125 0.065625 0.14166666666666666
0 0.573046875 0.36822916666666666 0.08203125 0.15520833333333334
0 0.49609375 0.3885416666666667 0.065625 0.140625
0 0.69375 0.36666666666666664 0.109375 0.13645833333333332
0 0.789453125 0.440625 0.10390625 0.13854166666666667
0 0.6734375 0.5067708333333333 0.11953125 0.12916666666666668
0 0.13046875 0.5182291666666666 0.140625 0.10520833333333333
0 0.545703125 0.5083333333333333 0.08046875 0.115625
0 0.931640625 0.4114583333333333 0.13203125 0.0875
0 0.182421875 0.45260416666666664 0.11484375 0.11145833333333334
0 0.126953125 0.6473958333333333 0.14921875 0.11666666666666667
0 0.328515625 0.45364583333333336 0.10859375 0.14583333333333334