0 0.6875 0.15833333333333333 0.0890625 0.15520833333333334
0 0.766796875 0.1703125 0.0390625 0.14166666666666666
0 0.81484375 0.18229166666666666 0.0640625 0.13020833333333334
0 0.631640625 0.42291666666666666 0.08359375 0.14270833333333333
0 0.565625 0.5484375 0.0828125 0.14166666666666666
0 0.801953125 0.5317708333333333 0.125 0.109375
0 0.211328125 0.4322916666666667 0.10390625 0.11354166666666667
0 0.808203125 0.4114583333333333 0.11171875 0.10729166666666666
0 0.728125 0.496875 0.0875 0.13854166666666667
0 0.2703125 0.4359375 0.07578125 0.14479166666666668
0 0.07734375 0.48541666666666666 0.1421875 0.1125
0 0.3203125 0.36666666666666664 0.0734375 0.146875
0 0.923046875 0.3692708333333333 0.09296875 0.13854166666666667
0 0.533203125 0.39791666666666664 0.08515625 0.13229166666666667
0 0.41015625 0.36041666666666666 0.0796875 0.14270833333333333
0 0.3515625 0.5796875 0.0953125 0.165625
0 0.45078125 0.5286458333333334 0.0921875 0.140625
0 0.06796875 0.5807291666666666 0.1328125 0.075