0 0.696875 0.16614583333333333 0.07578125 0.15416666666666667
0 0.75390625 0.378125 0.09921875 0.08333333333333333
0 0.832421875 0.6 0.11015625 0.10416666666666667
0 0.811328125 0.5067708333333333 0.10703125 0.103125
0 0.723046875 0.46041666666666664 0.0625 0.07083333333333333
0 0.725 0.5786458333333333 0.11171875 0.10833333333333334
0 0.778125 0.17864583333333334 0.0796875 0.10520833333333333
0 0.290625 0.4921875 0.1046875 0.12604166666666666
0 0.435546875 0.3807291666666667 0.07578125 0.12916666666666668
0 0.47578125 0.4953125 0.06640625 0.11666666666666667
0 0.374609375 0.4828125 0.08671875 0.109375
0 0.51953125 0.3734375 0.0875 0.13854166666666667
0 0.608203125 0.4473958333333333 0.07734375 0.14166666666666666
0 0.182421875 0.5854166666666667 0.10546875 0.07395833333333333
0 0.23046875 0.6692708333333334 0.115625 0.11979166666666667
0 0.09296875 0.5317708333333333 0.1453125 0.11354166666666667