0 0.41328125 0.3848958333333333 0.0671875 0.11666666666666667
0 0.56484375 0.46822916666666664 0.07578125 0.11354166666666667
0 0.660546875 0.44427083333333334 0.065625 0.06666666666666667
0 0.651953125 0.38697916666666665 0.08828125 0.09479166666666666
0 0.7203125 0.5109375 0.096875 0.10520833333333333
0 0.237890625 0.5119791666666667 0.12109375 0.12083333333333333
0 0.648046875 0.6015625 0.096875 0.11666666666666667
0 0.778125 0.19375 0.09609375 0.09583333333333334
0 0.921875 0.5786458333333333 0.11328125 0.12916666666666668
0 0.751171875 0.6036458333333333 0.11015625 0.11770833333333333
0 0.815234375 0.5270833333333333 0.08359375 0.12083333333333333
0 0.189453125 0.65625 0.11875 0.11979166666666667
0 0.48046875 0.3578125 0.090625 0.12916666666666668
0 0.083984375 0.6015625 0.11015625 0.10520833333333333
0 0.69296875 0.1796875 0.0765625 0.15729166666666666
0 0.33671875 0.49166666666666664 0.09375 0.121875
0 0.453515625 0.47239583333333335 0.05703125 0.10833333333333334