0 0.564453125 0.46822916666666664 0.07578125 0.11354166666666667
0 0.66015625 0.44427083333333334 0.065625 0.06666666666666667
0 0.651953125 0.38697916666666665 0.08828125 0.09479166666666666
0 0.7203125 0.5109375 0.096875 0.10520833333333333
0 0.237890625 0.5119791666666667 0.12109375 0.12083333333333333
0 0.647265625 0.5989583333333334 0.096875 0.11666666666666667
0 0.92265625 0.5796875 0.11328125 0.12916666666666668
0 0.751171875 0.6036458333333333 0.11015625 0.11770833333333333
0 0.815234375 0.5270833333333333 0.08359375 0.12083333333333333
0 0.190625 0.6604166666666667 0.11875 0.11979166666666667
0 0.48046875 0.3578125 0.090625 0.12916666666666668
0 0.083984375 0.6020833333333333 0.11015625 0.10520833333333333
0 0.69375 0.17916666666666667 0.0765625 0.15729166666666666
0 0.40078125 0.3796875 0.0734375 0.115625
0 0.440625 0.4786458333333333 0.0625 0.09895833333333333
0 0.33046875 0.46197916666666666 0.0828125 0.12395833333333334
0 0.755078125 0.17135416666666667 0.04765625 0.09270833333333334