0 0.752734375 0.19427083333333334 0.0828125 0.146875
0 0.595703125 0.4348958333333333 0.07578125 0.146875
0 0.0484375 0.18020833333333333 0.09140625 0.12395833333333334
0 0.23984375 0.46927083333333336 0.078125 0.103125
0 0.169140625 0.5244791666666667 0.08046875 0.14270833333333333
0 0.091015625 0.5723958333333333 0.084375 0.1
0 0.680078125 0.4161458333333333 0.07578125 0.1
0 0.69140625 0.5135416666666667 0.10390625 0.09479166666666666
0 0.921875 0.4276041666666667 0.14375 0.14166666666666666
0 0.261328125 0.5682291666666667 0.10546875 0.08854166666666667
0 0.343359375 0.44166666666666665 0.09765625 0.11354166666666667
0 0.437890625 0.39791666666666664 0.09609375 0.12916666666666668
0 0.401171875 0.5661458333333333 0.09609375 0.12083333333333333
0 0.79453125 0.4578125 0.10625 0.15416666666666667
0 0.872265625 0.5979166666666667 0.17109375 0.134375
0 0.938671875 0.76875 0.12109375 0.17083333333333334