0 0.754296875 0.2015625 0.09453125 0.16666666666666666
0 0.5140625 0.4203125 0.0828125 0.14583333333333334
0 0.60625 0.3932291666666667 0.084375 0.128125
0 0.59453125 0.5140625 0.08828125 0.11770833333333333
0 0.72578125 0.5005208333333333 0.1234375 0.16770833333333332
0 0.16953125 0.4583333333333333 0.1265625 0.11354166666666667
0 0.2890625 0.4234375 0.10625 0.10833333333333334
0 0.3515625 0.5541666666666667 0.11171875 0.115625
0 0.192578125 0.5625 0.13984375 0.1
0 0.37421875 0.42135416666666664 0.075 0.15416666666666667
0 0.841796875 0.4432291666666667 0.14609375 0.11979166666666667
0 0.832421875 0.5932291666666667 0.12734375 0.121875