0 0.719921875 0.5375 0.1359375 0.103125
0 0.58125 0.6369791666666667 0.11328125 0.18020833333333333
0 0.756640625 0.6661458333333333 0.13046875 0.12604166666666666
0 0.926171875 0.4244791666666667 0.08984375 0.140625
0 0.750390625 0.20833333333333334 0.08984375 0.15104166666666666
0 0.821875 0.43072916666666666 0.103125 0.14166666666666666
0 0.66171875 0.4234375 0.096875 0.13854166666666667
0 0.58125 0.46927083333333336 0.08359375 0.13020833333333334
0 0.472265625 0.44427083333333334 0.07109375 0.19479166666666667
0 0.233203125 0.4921875 0.08671875 0.14583333333333334
0 0.32421875 0.5541666666666667 0.0921875 0.11354166666666667
0 0.343359375 0.4453125 0.09296875 0.109375