0 0.750390625 0.20833333333333334 0.08984375 0.15104166666666666
0 0.37421875 0.44427083333333334 0.0828125 0.15833333333333333
0 0.271484375 0.43020833333333336 0.11640625 0.13645833333333332
0 0.44375 0.5203125 0.090625 0.10104166666666667
0 0.501953125 0.45 0.07421875 0.15520833333333334
0 0.14296875 0.3953125 0.115625 0.159375
0 0.4578125 0.6380208333333334 0.10546875 0.12083333333333333
0 0.8703125 0.4557291666666667 0.1390625 0.10520833333333333
0 0.58984375 0.44166666666666665 0.090625 0.19166666666666668
0 0.30859375 0.6270833333333333 0.1328125 0.1625
0 0.75625 0.4661458333333333 0.0984375 0.140625
0 0.683203125 0.37552083333333336 0.10234375 0.1375
0 0.894140625 0.5984375 0.146875 0.13020833333333334