0 0.750390625 0.20833333333333334 0.08984375 0.15104166666666666
0 0.501953125 0.45 0.07421875 0.15520833333333334
0 0.683203125 0.37552083333333336 0.10234375 0.1375
0 0.852734375 0.42604166666666665 0.10859375 0.13854166666666667
0 0.76171875 0.44114583333333335 0.0671875 0.17604166666666668
0 0.873828125 0.5802083333333333 0.12734375 0.10729166666666666
0 0.111328125 0.22760416666666666 0.1390625 0.11770833333333333
0 0.59296875 0.4328125 0.0796875 0.17395833333333333
0 0.24453125 0.6255208333333333 0.15546875 0.16770833333333332
0 0.330078125 0.41041666666666665 0.08515625 0.165625
0 0.427734375 0.50625 0.09375 0.09583333333333334
0 0.462890625 0.6385416666666667 0.121875 0.128125
0 0.2046875 0.44583333333333336 0.1328125 0.11979166666666667
0 0.06875 0.42291666666666666 0.1359375 0.14895833333333333