0 0.750390625 0.20833333333333334 0.08984375 0.15104166666666666
0 0.852734375 0.4265625 0.10859375 0.13854166666666667
0 0.1015625 0.20416666666666666 0.0890625 0.128125
0 0.85859375 0.5791666666666667 0.13828125 0.12604166666666666
0 0.3265625 0.6291666666666667 0.11875 0.13020833333333334
0 0.29765625 0.5036458333333333 0.12109375 0.09479166666666666
0 0.088671875 0.6317708333333333 0.17734375 0.16145833333333334
0 0.1875 0.39375 0.140625 0.11770833333333333
0 0.411328125 0.44427083333333334 0.08984375 0.16354166666666667
0 0.51796875 0.43385416666666665 0.0796875 0.14583333333333334
0 0.613671875 0.4005208333333333 0.09453125 0.1625
0 0.712109375 0.4390625 0.08984375 0.15