0 0.75859375 0.20052083333333334 0.1015625 0.17604166666666668
0 0.8125 0.5890625 0.1234375 0.11979166666666667
0 0.75 0.3984375 0.1359375 0.146875
0 0.64453125 0.4234375 0.0703125 0.11666666666666667
0 0.571875 0.3963541666666667 0.06875 0.17083333333333334
0 0.497265625 0.43072916666666666 0.06796875 0.15520833333333334
0 0.39375 0.4515625 0.0875 0.15833333333333333
0 0.251171875 0.49583333333333335 0.10390625 0.078125
0 0.140234375 0.40625 0.14453125 0.12395833333333334
0 0.11328125 0.2125 0.09375 0.128125
0 0.090625 0.6890625 0.1484375 0.16145833333333334
0 0.271875 0.6244791666666667 0.1375 0.14270833333333333
0 0.891015625 0.4666666666666667 0.14453125 0.09479166666666666