0 0.75 0.3984375 0.1359375 0.146875
0 0.751171875 0.19635416666666666 0.11640625 0.15104166666666666
0 0.071484375 0.6703125 0.1359375 0.14479166666666668
0 0.778125 0.56875 0.12890625 0.12604166666666666
0 0.8453125 0.43385416666666665 0.0984375 0.11770833333333333
0 0.94609375 0.4119791666666667 0.10625 0.14895833333333333
0 0.13125 0.4078125 0.18671875 0.109375
0 0.193359375 0.6223958333333334 0.14765625 0.125
0 0.4875 0.43802083333333336 0.08125 0.15729166666666666
0 0.598828125 0.43802083333333336 0.08984375 0.140625
0 0.230078125 0.28958333333333336 0.14453125 0.12083333333333333
0 0.401171875 0.4453125 0.07578125 0.13229166666666667
0 0.30234375 0.4578125 0.096875 0.15729166666666666
0 0.20234375 0.5046875 0.121875 0.090625
0 0.10078125 0.29791666666666666 0.1265625 0.10104166666666667
0 0.10859375 0.17916666666666667 0.0890625 0.10833333333333334