0 0.754296875 0.18177083333333333 0.09375 0.15520833333333334
0 0.08046875 0.2015625 0.075 0.09270833333333334
0 0.80078125 0.3723958333333333 0.1171875 0.13645833333333332
0 0.805859375 0.4979166666666667 0.1140625 0.10520833333333333
0 0.932421875 0.4625 0.13203125 0.09166666666666666
0 0.1625 0.603125 0.15625 0.11979166666666667
0 0.40234375 0.459375 0.0859375 0.10833333333333334
0 0.30078125 0.5229166666666667 0.0875 0.084375
0 0.39140625 0.59375 0.07421875 0.11354166666666667
0 0.29765625 0.6109375 0.1 0.08854166666666667
0 0.56484375 0.45625 0.071875 0.15729166666666666
0 0.627734375 0.5125 0.08515625 0.1125
0 0.502734375 0.48072916666666665 0.05859375 0.146875
0 0.61953125 0.40572916666666664 0.0796875 0.11145833333333334
0 0.8046875 0.6015625 0.125 0.11354166666666667
0 0.7328125 0.6692708333333334 0.11875 0.13645833333333332