0 0.75 0.1875 0.09375 0.15520833333333334
0 0.08046875 0.2015625 0.075 0.09270833333333334
0 0.61953125 0.40520833333333334 0.0796875 0.11145833333333334
0 0.68828125 0.6765625 0.08984375 0.121875
0 0.74140625 0.3640625 0.1359375 0.121875
0 0.866015625 0.4661458333333333 0.11171875 0.12395833333333334
0 0.240625 0.6447916666666667 0.1015625 0.10833333333333334
0 0.538671875 0.4427083333333333 0.0953125 0.128125
0 0.744140625 0.459375 0.10546875 0.11145833333333334
0 0.08046875 0.5989583333333334 0.146875 0.10729166666666666
0 0.258984375 0.5302083333333333 0.11640625 0.10520833333333333
0 0.76953125 0.5973958333333333 0.1015625 0.115625
0 0.639453125 0.4890625 0.09921875 0.08854166666666667
0 0.45625 0.4921875 0.0671875 0.12395833333333334
0 0.363671875 0.58125 0.10859375 0.09895833333333333
0 0.35859375 0.4505208333333333 0.0828125 0.109375