0 0.35859375 0.4505208333333333 0.0828125 0.109375
0 0.35 0.5614583333333333 0.084375 0.12916666666666668
0 0.44453125 0.5104166666666666 0.07421875 0.125
0 0.104296875 0.5989583333333334 0.159375 0.10520833333333333
0 0.2375 0.61875 0.10234375 0.09166666666666666
0 0.49375 0.446875 0.0640625 0.13854166666666667
0 0.75234375 0.5942708333333333 0.1140625 0.10833333333333334
0 0.7046875 0.3333333333333333 0.1015625 0.121875
0 0.5609375 0.39375 0.0765625 0.10104166666666667
0 0.233203125 0.5286458333333334 0.1046875 0.10833333333333334
0 0.832421875 0.42604166666666665 0.13828125 0.1375
0 0.090234375 0.19114583333333332 0.07734375 0.109375
0 0.68515625 0.4671875 0.10078125 0.12083333333333333
0 0.758203125 0.18541666666666667 0.096875 0.153125
0 0.576171875 0.4895833333333333 0.08046875 0.10833333333333334
0 0.6625 0.6453125 0.09296875 0.1375