0 0.691015625 0.33697916666666666 0.10703125 0.13333333333333333
0 0.779296875 0.33125 0.0609375 0.125
0 0.6875 0.4817708333333333 0.0984375 0.115625
0 0.135546875 0.4557291666666667 0.1328125 0.08229166666666667
0 0.157421875 0.35833333333333334 0.11953125 0.10833333333333334
0 0.0671875 0.3807291666666667 0.1234375 0.121875
0 0.411328125 0.39166666666666666 0.08828125 0.13854166666666667
0 0.373046875 0.5619791666666667 0.13515625 0.128125
0 0.553125 0.6401041666666667 0.0875 0.13854166666666667
0 0.53828125 0.46979166666666666 0.0921875 0.11354166666666667
0 0.280078125 0.42291666666666666 0.10546875 0.12916666666666668