0 0.691015625 0.3359375 0.10703125 0.13333333333333333
0 0.6953125 0.4703125 0.0984375 0.115625
0 0.157421875 0.3578125 0.11953125 0.10833333333333334
0 0.513671875 0.44583333333333336 0.08671875 0.1375
0 0.50078125 0.6135416666666667 0.0875 0.15416666666666667
0 0.691015625 0.3359375 0.10703125 0.13333333333333333
0 0.6953125 0.4703125 0.0984375 0.115625
0 0.157421875 0.3578125 0.11953125 0.10833333333333334
0 0.513671875 0.44583333333333336 0.08671875 0.1375
0 0.499609375 0.6145833333333334 0.0875 0.15416666666666667
0 0.1421875 0.4276041666666667 0.14921875 0.08645833333333333
0 0.4109375 0.3984375 0.084375 0.13645833333333332
0 0.358984375 0.5604166666666667 0.1 0.11979166666666667
0 0.787109375 0.29270833333333335 0.07890625 0.11354166666666667
0 0.2640625 0.4296875 0.11875 0.12604166666666666
0 0.04921875 0.3203125 0.0875 0.11666666666666667