0 0.29296875 0.33177083333333335 0.1125 0.14479166666666668
0 0.307421875 0.13489583333333333 0.0984375 0.1125
0 0.565234375 0.6166666666666667 0.096875 0.16145833333333334
0 0.729296875 0.9119791666666667 0.09765625 0.15416666666666667
0 0.82421875 0.865625 0.10703125 0.15
0 0.948046875 0.928125 0.10234375 0.134375
0 0.209375 0.8619791666666666 0.0984375 0.12916666666666668
0 0.834375 0.9604166666666667 0.10625 0.07083333333333333
0 0.3546875 0.8671875 0.0671875 0.15729166666666666
0 0.540625 0.9182291666666667 0.06875 0.146875
0 0.295703125 0.9322916666666666 0.06171875 0.12604166666666666
0 0.58046875 0.7973958333333333 0.0734375 0.153125
0 0.441015625 0.9489583333333333 0.09296875 0.08854166666666667
0 0.416796875 0.8265625 0.06171875 0.14166666666666666