0 0.29296875 0.33177083333333335 0.1125 0.14479166666666668
0 0.565234375 0.6166666666666667 0.096875 0.16145833333333334
0 0.759375 0.871875 0.0921875 0.14166666666666666
0 0.3125 0.13541666666666666 0.09140625 0.12083333333333333
0 0.168359375 0.8703125 0.11015625 0.14895833333333333
0 0.29296875 0.33177083333333335 0.1125 0.14479166666666668
0 0.565234375 0.6166666666666667 0.096875 0.16145833333333334
0 0.759375 0.871875 0.0921875 0.14166666666666666
0 0.3125 0.13541666666666666 0.09140625 0.12083333333333333
0 0.168359375 0.8703125 0.11015625 0.14895833333333333
0 0.29296875 0.33177083333333335 0.1125 0.14479166666666668
0 0.565234375 0.6166666666666667 0.096875 0.16145833333333334
0 0.759375 0.871875 0.0921875 0.14166666666666666
0 0.3125 0.13541666666666666 0.09140625 0.12083333333333333
0 0.168359375 0.8703125 0.11015625 0.14895833333333333
0 0.29296875 0.33177083333333335 0.1125 0.14479166666666668
0 0.565234375 0.6166666666666667 0.096875 0.16145833333333334
0 0.759375 0.871875 0.0921875 0.14166666666666666
0 0.3125 0.13541666666666666 0.09140625 0.12083333333333333
0 0.168359375 0.8703125 0.11015625 0.14895833333333333
0 0.875 0.9109375 0.115625 0.16666666666666666
0 0.48125 0.7760416666666666 0.0875 0.13020833333333334
0 0.627734375 0.8619791666666666 0.08203125 0.190625
0 0.29765625 0.8682291666666667 0.0703125 0.18854166666666666
0 0.48125 0.9067708333333333 0.0609375 0.11145833333333334
0 0.378515625 0.9333333333333333 0.08515625 0.10833333333333334
0 0.373046875 0.8145833333333333 0.07109375 0.12916666666666668