0 0.930078125 0.10572916666666667 0.103125 0.159375
0 0.584375 0.4166666666666667 0.084375 0.16979166666666667
0 0.67109375 0.4114583333333333 0.0796875 0.175
0 0.905859375 0.5427083333333333 0.1 0.14479166666666668
0 0.8953125 0.7484375 0.1140625 0.190625
0 0.531640625 0.7026041666666667 0.07421875 0.153125
0 0.15703125 0.9307291666666667 0.14296875 0.134375
0 0.9765625 0.7494791666666667 0.0453125 0.134375
0 0.119140625 0.125 0.0453125 0.065625
0 0.116796875 0.31979166666666664 0.075 0.10729166666666666
0 0.101953125 0.46510416666666665 0.0765625 0.11979166666666667
0 0.26796875 0.17552083333333332 0.06953125 0.125
0 0.0390625 0.3171875 0.053125 0.09479166666666666
0 0.24375 0.35833333333333334 0.15 0.14166666666666666
0 0.18359375 0.465625 0.0890625 0.10729166666666666
0 0.6 0.11666666666666667 0.08671875 0.16354166666666667
0 0.448828125 0.14635416666666667 0.08671875 0.15729166666666666
0 0.178125 0.6598958333333333 0.1203125 0.18333333333333332