0 0.5265625 0.10677083333333333 0.071875 0.15104166666666666
0 0.9046875 0.11614583333333334 0.09375 0.16770833333333332
0 0.12734375 0.15 0.1109375 0.15833333333333333
0 0.36796875 0.6166666666666667 0.1 0.14166666666666666
0 0.273046875 0.6567708333333333 0.09609375 0.10520833333333333
0 0.63828125 0.7067708333333333 0.0421875 0.09895833333333333
0 0.604296875 0.7098958333333333 0.04609375 0.09479166666666666
0 0.5328125 0.7130208333333333 0.078125 0.13854166666666667
0 0.2984375 0.7979166666666667 0.0953125 0.1375
0 0.2171875 0.8734375 0.0984375 0.13645833333333332
0 0.422265625 0.9098958333333333 0.06796875 0.16354166666666667
0 0.15234375 0.9109375 0.0953125 0.14479166666666668
