0 0.38496932515337423 0.4050925925925926 0.03067484662576687 0.03981481481481482
0 0.40107361963190186 0.362962962962963 0.032208588957055216 0.027777777777777776
0 0.8103271983640081 0.2569444444444444 0.032719836400818 0.03796296296296296
0 0.7561349693251533 0.7185185185185186 0.03067484662576687 0.04259259259259259
0 0.3412576687116564 0.31574074074074077 0.03936605316973415 0.046296296296296294
0 0.33588957055214724 0.3611111111111111 0.03374233128834356 0.03148148148148148
0 0.6002044989775052 0.23796296296296296 0.053169734151329244 0.05925925925925926
0 0.25996932515337423 0.2212962962962963 0.031186094069529654 0.046296296296296294
0 0.7167689161554193 0.12083333333333333 0.03067484662576687 0.05277777777777778
0 0.7569018404907976 0.062037037037037036 0.032208588957055216 0.03148148148148148
0 0.36247443762781184 0.38333333333333336 0.03067484662576687 0.03333333333333333
