0 0.2359406952965235 0.17453703703703705 0.019938650306748466 0.041666666666666664
0 0.3394683026584867 0.5879629629629629 0.026584867075664622 0.03333333333333333
0 0.24309815950920247 0.13842592592592592 0.025051124744376277 0.03796296296296296
0 0.7576687116564417 0.7185185185185186 0.022494887525562373 0.046296296296296294
0 0.35710633946830267 0.09768518518518518 0.028118609406952964 0.03611111111111111
0 0.12576687116564417 0.19444444444444445 0.03783231083844581 0.03518518518518519
0 0.7709611451942741 0.9592592592592593 0.02147239263803681 0.046296296296296294
0 0.7295501022494888 0.3768518518518518 0.03374233128834356 0.03333333333333333
0 0.342280163599182 0.32314814814814813 0.032208588957055216 0.044444444444444446
0 0.33588957055214724 0.3675925925925926 0.03374233128834356 0.03148148148148148
0 0.36451942740286297 0.3888888888888889 0.026584867075664622 0.03148148148148148
0 0.36733128834355827 0.12685185185185185 0.024028629856850715 0.03148148148148148
0 0.3721881390593047 0.14907407407407408 0.022494887525562373 0.02962962962962963
0 0.23824130879345604 0.10925925925925926 0.02965235173824131 0.02962962962962963
