0 0.4504089979550102 0.3527777777777778 0.034764826175869123 0.027777777777777776
0 0.5531697341513292 0.33796296296296297 0.026584867075664622 0.04814814814814815
0 0.2632924335378323 0.22916666666666666 0.026584867075664622 0.05462962962962963
0 0.9465746421267893 0.18518518518518517 0.032208588957055216 0.06296296296296296
0 0.3934049079754601 0.36944444444444446 0.025051124744376277 0.040740740740740744
0 0.3801124744376278 0.41064814814814815 0.020961145194274028 0.041666666666666664
0 0.7584355828220859 0.7236111111111111 0.020961145194274028 0.03981481481481482
0 0.07847648261758691 0.10787037037037037 0.01687116564417178 0.023148148148148147
0 0.07924335378323108 0.07777777777777778 0.018404907975460124 0.02962962962962963
0 0.02581799591002045 0.2967592592592593 0.020961145194274028 0.03796296296296296
0 0.7625255623721882 0.06388888888888888 0.029141104294478526 0.040740740740740744
0 0.1439161554192229 0.45694444444444443 0.020961145194274028 0.03425925925925926
0 0.7315950920245399 0.38935185185185184 0.034764826175869123 0.025
0 0.5529141104294478 0.7976851851851852 0.024028629856850715 0.03611111111111111
0 0.5388548057259713 0.8629629629629629 0.026584867075664622 0.040740740740740744
0 0.3440695296523517 0.32175925925925924 0.03374233128834356 0.03796296296296296
0 0.3351226993865031 0.3662037037037037 0.029141104294478526 0.025
0 0.36528629856850714 0.3907407407407407 0.028118609406952964 0.03148148148148148