0 0.6656441717791411 0.09861111111111111 0.02965235173824131 0.03796296296296296
0 0.6339468302658486 0.08518518518518518 0.03680981595092025 0.04814814814814815
0 0.6710122699386503 0.12824074074074074 0.020961145194274028 0.025
0 0.5789877300613497 0.7870370370370371 0.04754601226993865 0.044444444444444446
0 0.6730572597137015 0.1527777777777778 0.028118609406952964 0.03148148148148148
0 0.6878834355828221 0.14814814814814814 0.020961145194274028 0.03148148148148148
0 0.6894171779141104 0.12222222222222222 0.024028629856850715 0.02962962962962963
0 0.6656441717791411 0.06620370370370371 0.02965235173824131 0.03981481481481482
0 0.13471370143149283 0.9685185185185186 0.03936605316973415 0.04814814814814815
0 0.8770449897750511 0.8912037037037037 0.05061349693251534 0.03796296296296296
0 0.5692740286298569 0.34629629629629627 0.028118609406952964 0.044444444444444446
0 0.570040899795501 0.38333333333333336 0.026584867075664622 0.02962962962962963
0 0.7344069529652352 0.1587962962962963 0.024028629856850715 0.03611111111111111
0 0.7484662576687117 0.12268518518518519 0.026584867075664622 0.03981481481481482
