0 0.3934049079754601 0.5615740740740741 0.028118609406952964 0.03981481481481482
0 0.7351738241308794 0.15462962962962962 0.022494887525562373 0.03148148148148148
0 0.6712678936605317 0.16527777777777777 0.018404907975460124 0.03611111111111111
0 0.3126278118609407 0.3597222222222222 0.0270961145194274 0.03796296296296296
0 0.7983128834355828 0.8277777777777777 0.04754601226993865 0.07592592592592592
0 0.6653885480572597 0.34120370370370373 0.057770961145194276 0.08425925925925926
0 0.25869120654396727 0.8037037037037037 0.05623721881390593 0.07407407407407407
0 0.7119120654396728 0.2564814814814815 0.04959100204498978 0.06296296296296296
0 0.6909509202453987 0.15462962962962962 0.020961145194274028 0.03518518518518519
0 0.6929959100204499 0.11990740740740741 0.028118609406952964 0.041666666666666664
0 0.7497443762781186 0.13333333333333333 0.024028629856850715 0.03518518518518519
