0 0.028629856850715747 0.6680555555555555 0.03783231083844581 0.041666666666666664
0 0.11094069529652352 0.8481481481481481 0.019427402862985686 0.044444444444444446
0 0.03144171779141104 0.6921296296296297 0.0352760736196319 0.06944444444444445
0 0.7315950920245399 0.15231481481481482 0.02147239263803681 0.03981481481481482
0 0.10812883435582822 0.8166666666666667 0.019938650306748466 0.03518518518518519
0 0.12423312883435583 0.8300925925925926 0.02147239263803681 0.041666666666666664
0 0.6661554192229039 0.12638888888888888 0.019427402862985686 0.03796296296296296
0 0.6705010224948875 0.16111111111111112 0.019938650306748466 0.044444444444444446
0 0.26278118609406953 0.9717592592592592 0.03374233128834356 0.05462962962962963
0 0.6878834355828221 0.1597222222222222 0.024028629856850715 0.03796296296296296
0 0.6873721881390593 0.11805555555555555 0.025051124744376277 0.03796296296296296
0 0.7492331288343558 0.13240740740740742 0.025051124744376277 0.03333333333333333