0 0.3145833333333333 0.1925925925925926 0.0375 0.12222222222222222
0 0.18385416666666668 0.225 0.046875 0.10925925925925926
0 0.2682291666666667 0.24444444444444444 0.046875 0.1259259259259259
0 0.8239583333333333 0.262037037037037 0.08125 0.09814814814814815
0 0.42135416666666664 0.27314814814814814 0.046875 0.11666666666666667
0 0.30885416666666665 0.3194444444444444 0.03854166666666667 0.09814814814814815
0 0.2453125 0.32685185185185184 0.042708333333333334 0.1425925925925926
0 0.8333333333333334 0.3296296296296296 0.052083333333333336 0.07407407407407407
0 0.45 0.3685185185185185 0.05625 0.06296296296296296
0 0.8333333333333334 0.37962962962962965 0.06041666666666667 0.08518518518518518
0 0.8088541666666667 0.03981481481481482 0.051041666666666666 0.07962962962962963
0 0.30572916666666666 0.38981481481481484 0.036458333333333336 0.10925925925925926
0 0.03854166666666667 0.42685185185185187 0.07708333333333334 0.12777777777777777
0 0.4546875 0.42777777777777776 0.028125 0.1
0 0.9635416666666666 0.4361111111111111 0.07083333333333333 0.09444444444444444
0 0.209375 0.44814814814814813 0.06458333333333334 0.09259259259259259
0 0.13072916666666667 0.4685185185185185 0.07395833333333333 0.1037037037037037
0 0.8697916666666666 0.47685185185185186 0.058333333333333334 0.10555555555555556
0 0.2911458333333333 0.487962962962963 0.053125 0.10925925925925926
0 0.96875 0.4962962962962963 0.06041666666666667 0.0962962962962963
0 0.8776041666666666 0.5712962962962963 0.046875 0.10185185185185185
0 0.4265625 0.062037037037037036 0.03229166666666667 0.09444444444444444
0 0.9223958333333333 0.6305555555555555 0.06770833333333333 0.12037037037037036
0 0.7015625 0.6564814814814814 0.051041666666666666 0.08333333333333333
0 0.39791666666666664 0.06666666666666667 0.03958333333333333 0.1037037037037037
0 0.4859375 0.6851851851851852 0.053125 0.1037037037037037
0 0.25104166666666666 0.6953703703703704 0.06041666666666667 0.11296296296296296
0 0.9463541666666667 0.7064814814814815 0.057291666666666664 0.12037037037037036
0 0.7166666666666667 0.737037037037037 0.058333333333333334 0.11851851851851852
0 0.5296875 0.7425925925925926 0.04479166666666667 0.08888888888888889
0 0.27239583333333334 0.8240740740740741 0.059375 0.07777777777777778
0 0.9114583333333334 0.8657407407407407 0.05 0.08333333333333333
0 0.28229166666666666 0.9027777777777778 0.06041666666666667 0.08333333333333333
0 0.9119791666666667 0.9453703703703704 0.06979166666666667 0.06851851851851852
0 0.6984375 0.10462962962962963 0.040625 0.11666666666666667
0 0.2984375 0.11018518518518519 0.030208333333333334 0.09074074074074075
0 0.32708333333333334 0.15185185185185185 0.05625 0.12222222222222222
0 0.8958333333333334 0.1537037037037037 0.07291666666666667 0.1111111111111111
0 0.7020833333333333 0.15555555555555556 0.06041666666666667 0.14444444444444443