0 0.7864583333333334 0.20092592592592592 0.06458333333333334 0.13518518518518519
0 0.20052083333333334 0.20555555555555555 0.053125 0.12222222222222222
0 0.309375 0.22037037037037038 0.04583333333333333 0.1
0 0.346875 0.24722222222222223 0.04375 0.13148148148148148
0 0.7229166666666667 0.275 0.06458333333333334 0.13518518518518519
0 0.5026041666666666 0.28425925925925927 0.026041666666666668 0.10925925925925926
0 0.32083333333333336 0.31296296296296294 0.05416666666666667 0.13333333333333333
0 0.38333333333333336 0.33425925925925926 0.0375 0.09814814814814815
0 0.5515625 0.37037037037037035 0.053125 0.1037037037037037
0 0.9541666666666667 0.37037037037037035 0.0625 0.09259259259259259
0 0.3765625 0.4046296296296296 0.04895833333333333 0.1537037037037037
0 0.9598958333333333 0.4222222222222222 0.057291666666666664 0.10740740740740741
0 0.12239583333333333 0.42685185185185187 0.059375 0.13148148148148148
0 0.5635416666666667 0.4324074074074074 0.052083333333333336 0.09814814814814815
0 0.21354166666666666 0.4842592592592593 0.06041666666666667 0.10555555555555556
0 0.4197916666666667 0.48518518518518516 0.052083333333333336 0.09259259259259259
0 0.32395833333333335 0.4925925925925926 0.05625 0.0962962962962963
0 0.7203125 0.05185185185185185 0.042708333333333334 0.1037037037037037
0 0.9296875 0.6527777777777778 0.06979166666666667 0.12407407407407407
0 0.8260416666666667 0.6731481481481482 0.06875 0.11666666666666667
0 0.5880208333333333 0.6768518518518518 0.046875 0.09814814814814815
0 0.7989583333333333 0.06944444444444445 0.05625 0.11666666666666667
0 0.3609375 0.6935185185185185 0.04895833333333333 0.10555555555555556
0 0.16302083333333334 0.7 0.06979166666666667 0.1111111111111111
0 0.9427083333333334 0.7166666666666667 0.06041666666666667 0.09259259259259259
0 0.8395833333333333 0.7407407407407407 0.06041666666666667 0.09259259259259259
0 0.6114583333333333 0.7509259259259259 0.058333333333333334 0.09444444444444444
0 0.421875 0.07685185185185185 0.029166666666666667 0.10925925925925926
0 0.3802083333333333 0.7592592592592593 0.08125 0.09259259259259259
0 0.8979166666666667 0.7833333333333333 0.07291666666666667 0.12222222222222222
0 0.3885416666666667 0.08055555555555556 0.035416666666666666 0.09444444444444444
0 0.10729166666666666 0.8046296296296296 0.08125 0.12777777777777777
0 0.3885416666666667 0.8824074074074074 0.06875 0.07962962962962963
0 0.08385416666666666 0.9175925925925926 0.090625 0.10185185185185185
0 0.39739583333333334 0.9527777777777777 0.065625 0.09074074074074075
0 0.2328125 0.11666666666666667 0.04895833333333333 0.10740740740740741
0 0.8145833333333333 0.125 0.04375 0.12777777777777777
0 0.9385416666666667 0.12685185185185185 0.075 0.11296296296296296
0 0.21145833333333333 0.1527777777777778 0.05416666666666667 0.12407407407407407
0 0.9520833333333333 0.16574074074074074 0.075 0.10925925925925926