0 0.7786458333333334 0.19814814814814816 0.03854166666666667 0.1111111111111111
0 0.45260416666666664 0.21203703703703702 0.03229166666666667 0.12037037037037036
0 0.7255208333333333 0.21574074074074073 0.04895833333333333 0.09444444444444444
0 0.8791666666666667 0.22407407407407406 0.05416666666666667 0.1259259259259259
0 0.5359375 0.2675925925925926 0.030208333333333334 0.13148148148148148
0 0.9682291666666667 0.28055555555555556 0.06145833333333333 0.1425925925925926
0 0.7098958333333333 0.2814814814814815 0.06770833333333333 0.1111111111111111
0 0.8911458333333333 0.2824074074074074 0.065625 0.10925925925925926
0 0.5114583333333333 0.3074074074074074 0.04375 0.12222222222222222
0 0.7296875 0.35185185185185186 0.057291666666666664 0.1037037037037037
0 0.9729166666666667 0.3537037037037037 0.052083333333333336 0.10740740740740741
0 0.5697916666666667 0.35833333333333334 0.04583333333333333 0.15
0 0.8270833333333333 0.3731481481481482 0.06041666666666667 0.10925925925925926
0 0.49583333333333335 0.040740740740740744 0.05 0.08148148148148149
0 0.18020833333333333 0.4388888888888889 0.0625 0.1111111111111111
0 0.8385416666666666 0.4398148148148148 0.058333333333333334 0.11666666666666667
0 0.3703125 0.44166666666666665 0.03229166666666667 0.12777777777777777
0 0.6302083333333334 0.4787037037037037 0.052083333333333336 0.09814814814814815
0 0.7614583333333333 0.48703703703703705 0.058333333333333334 0.11481481481481481
0 0.43125 0.49166666666666664 0.05416666666666667 0.10185185185185185
0 0.7947916666666667 0.05462962962962963 0.07291666666666667 0.10925925925925926
0 0.8203125 0.5953703703703703 0.06770833333333333 0.09814814814814815
0 0.03802083333333333 0.6055555555555555 0.07604166666666666 0.09259259259259259
0 0.659375 0.6370370370370371 0.07083333333333333 0.10740740740740741
0 0.5822916666666667 0.6555555555555556 0.04375 0.07777777777777778
0 0.8364583333333333 0.6620370370370371 0.04791666666666667 0.09444444444444444
0 0.3296875 0.6666666666666666 0.051041666666666666 0.1
0 0.033854166666666664 0.7046296296296296 0.06770833333333333 0.08333333333333333
0 0.5734375 0.7305555555555555 0.053125 0.09444444444444444
0 0.6869791666666667 0.7314814814814815 0.046875 0.1111111111111111
0 0.434375 0.07592592592592592 0.04375 0.11851851851851852
0 0.3223958333333333 0.7712962962962963 0.05520833333333333 0.09444444444444444
0 0.47552083333333334 0.7907407407407407 0.034375 0.13333333333333333
0 0.6567708333333333 0.8037037037037037 0.057291666666666664 0.0962962962962963
0 0.7510416666666667 0.8074074074074075 0.07083333333333333 0.1037037037037037
0 0.740625 0.8814814814814815 0.04583333333333333 0.0962962962962963
0 0.43020833333333336 0.8972222222222223 0.06458333333333334 0.11666666666666667
0 0.29322916666666665 0.9259259259259259 0.06770833333333333 0.1037037037037037
0 0.6723958333333333 0.937037037037037 0.040625 0.1037037037037037
0 0.42916666666666664 0.9694444444444444 0.05 0.05740740740740741
0 0.2791666666666667 0.9777777777777777 0.052083333333333336 0.040740740740740744
0 0.6635416666666667 0.09814814814814815 0.04791666666666667 0.0962962962962963
0 0.051041666666666666 0.11018518518518519 0.06875 0.13148148148148148
0 0.965625 0.11203703703703703 0.06666666666666667 0.12777777777777777
0 0.8671875 0.1175925925925926 0.06145833333333333 0.12777777777777777
0 0.8713541666666667 0.15092592592592594 0.05520833333333333 0.10555555555555556
0 0.7671875 0.1537037037037037 0.059375 0.1037037037037037
0 0.5421875 0.16111111111111112 0.036458333333333336 0.11851851851851852
0 0.971875 0.17777777777777778 0.05416666666666667 0.1111111111111111
