0 0.54375 0.21203703703703702 0.04375 0.12407407407407407
0 0.11927083333333334 0.25833333333333336 0.06145833333333333 0.12037037037037036
0 0.23020833333333332 0.26481481481481484 0.0375 0.12222222222222222
0 0.5473958333333333 0.26666666666666666 0.057291666666666664 0.12222222222222222
0 0.09166666666666666 0.31666666666666665 0.06458333333333334 0.1111111111111111
0 0.5651041666666666 0.3314814814814815 0.051041666666666666 0.1
0 0.16666666666666666 0.3453703703703704 0.06458333333333334 0.11666666666666667
0 0.575 0.36666666666666664 0.05 0.12222222222222222
0 0.16041666666666668 0.38425925925925924 0.052083333333333336 0.10925925925925926
0 0.04739583333333333 0.3990740740740741 0.06770833333333333 0.11296296296296296
0 0.7114583333333333 0.4083333333333333 0.035416666666666666 0.09814814814814815
0 0.21822916666666667 0.43703703703703706 0.06145833333333333 0.11481481481481481
0 0.6979166666666666 0.4759259259259259 0.058333333333333334 0.1037037037037037
0 0.2390625 0.48148148148148145 0.06770833333333333 0.1037037037037037
0 0.42916666666666664 0.05092592592592592 0.04375 0.10185185185185185
0 0.5890625 0.5018518518518519 0.04479166666666667 0.12222222222222222
0 0.5989583333333334 0.6055555555555555 0.0625 0.1037037037037037
0 0.13802083333333334 0.06111111111111111 0.07395833333333333 0.12222222222222222
0 0.9255208333333333 0.6453703703703704 0.08020833333333334 0.09814814814814815
0 0.057291666666666664 0.6962962962962963 0.08125 0.08518518518518518
0 0.9453125 0.6990740740740741 0.059375 0.08703703703703704
0 0.7307291666666667 0.7083333333333334 0.057291666666666664 0.07962962962962963
0 0.4270833333333333 0.712037037037037 0.04583333333333333 0.12037037037037036
0 0.05572916666666667 0.7638888888888888 0.090625 0.10185185185185185
0 0.7302083333333333 0.7962962962962963 0.03958333333333333 0.08148148148148149
0 0.621875 0.7972222222222223 0.052083333333333336 0.09444444444444444
0 0.8041666666666667 0.8231481481481482 0.06041666666666667 0.13518518518518519
0 0.7640625 0.8425925925925926 0.05520833333333333 0.1259259259259259
0 0.6244791666666667 0.8740740740740741 0.040625 0.06296296296296296
0 0.3260416666666667 0.8962962962962963 0.07291666666666667 0.10740740740740741
0 0.9244791666666666 0.9009259259259259 0.078125 0.10925925925925926
0 0.053125 0.0962962962962963 0.07916666666666666 0.12222222222222222
0 0.31666666666666665 0.9638888888888889 0.0625 0.06851851851851852
0 0.4510416666666667 0.09814814814814815 0.04375 0.12962962962962962
0 0.546875 0.13796296296296295 0.03958333333333333 0.13518518518518519
0 0.46927083333333336 0.14351851851851852 0.051041666666666666 0.11666666666666667
0 0.0453125 0.15925925925925927 0.084375 0.13703703703703704
0 0.4895833333333333 0.1648148148148148 0.04375 0.12222222222222222
