0 0.4166666666666667 0.23055555555555557 0.05416666666666667 0.12777777777777777
0 0.1953125 0.2324074074074074 0.046875 0.12777777777777777
0 0.050520833333333334 0.2490740740740741 0.06145833333333333 0.10555555555555556
0 0.33697916666666666 0.28055555555555556 0.06979166666666667 0.10925925925925926
0 0.946875 0.287962962962963 0.07083333333333333 0.11296296296296296
0 0.6989583333333333 0.325 0.05416666666666667 0.10185185185185185
0 0.16979166666666667 0.33796296296296297 0.0625 0.1388888888888889
0 0.2390625 0.3453703703703704 0.06145833333333333 0.1537037037037037
0 0.1125 0.35648148148148145 0.052083333333333336 0.10555555555555556
0 0.7114583333333333 0.3712962962962963 0.06041666666666667 0.10925925925925926
0 0.2421875 0.3851851851851852 0.051041666666666666 0.12222222222222222
0 0.3463541666666667 0.40185185185185185 0.06145833333333333 0.10740740740740741
0 0.859375 0.4074074074074074 0.05625 0.1037037037037037
0 0.04791666666666667 0.44814814814814813 0.07291666666666667 0.1111111111111111
0 0.359375 0.4601851851851852 0.06041666666666667 0.08703703703703704
0 0.8385416666666666 0.49722222222222223 0.07291666666666667 0.10185185185185185
0 0.7416666666666667 0.5074074074074074 0.052083333333333336 0.11851851851851852
0 0.4421875 0.05185185185185185 0.04479166666666667 0.1037037037037037
0 0.4125 0.05462962962962963 0.03333333333333333 0.09814814814814815
0 0.049479166666666664 0.05740740740740741 0.065625 0.11481481481481481
0 0.7630208333333334 0.5907407407407408 0.046875 0.11481481481481481
0 0.803125 0.6666666666666666 0.06041666666666667 0.11851851851851852
0 0.3265625 0.7018518518518518 0.053125 0.11851851851851852
0 0.69375 0.0712962962962963 0.06666666666666667 0.1425925925925926
0 0.5973958333333333 0.7055555555555556 0.053125 0.10740740740740741
0 0.8260416666666667 0.7138888888888889 0.04791666666666667 0.09814814814814815
0 0.6692708333333334 0.7324074074074074 0.078125 0.11296296296296296
0 0.16979166666666667 0.7657407407407407 0.06875 0.11666666666666667
0 0.846875 0.8277777777777777 0.075 0.06666666666666667
0 0.7729166666666667 0.8314814814814815 0.06041666666666667 0.08518518518518518
0 0.16510416666666666 0.8462962962962963 0.059375 0.0962962962962963
0 0.8744791666666667 0.8907407407407407 0.06354166666666666 0.13333333333333333
0 0.7739583333333333 0.9194444444444444 0.05625 0.07592592592592592
0 0.5 0.9537037037037037 0.075 0.08888888888888889
0 0.3770833333333333 0.10833333333333334 0.04791666666666667 0.12037037037037036
0 0.5994791666666667 0.12222222222222222 0.040625 0.1037037037037037
0 0.42552083333333335 0.1675925925925926 0.051041666666666666 0.13148148148148148
0 0.6083333333333333 0.1675925925925926 0.029166666666666667 0.13148148148148148