0 0.7039473684210527 0.29678362573099415 0.029605263157894735 0.10818713450292397
0 0.7269736842105263 0.3157894736842105 0.023026315789473683 0.10526315789473684
0 0.08388157894736842 0.3260233918128655 0.02631578947368421 0.0847953216374269
0 0.10855263157894737 0.34941520467836257 0.023026315789473683 0.09064327485380116
0 0.7713815789473685 0.6652046783625731 0.023026315789473683 0.0847953216374269
0 0.7738486842105263 0.7017543859649122 0.02138157894736842 0.09941520467836257
0 0.6217105263157895 0.8552631578947368 0.029605263157894735 0.1023391812865497
0 0.6200657894736842 0.966374269005848 0.03289473684210526 0.06140350877192982
0 0.7105263157894737 0.10526315789473684 0.023026315789473683 0.08187134502923976
0 0.6636513157894737 0.1388888888888889 0.014802631578947368 0.07894736842105263
0 0.6776315789473685 0.14327485380116958 0.01644736842105263 0.0935672514619883
0 0.03289473684210526 0.15350877192982457 0.019736842105263157 0.09064327485380116
0 0.01644736842105263 0.1739766081871345 0.019736842105263157 0.09064327485380116
0 0.71875 0.18128654970760233 0.019736842105263157 0.0935672514619883
0 0.9736842105263158 0.18567251461988304 0.019736842105263157 0.09649122807017543
0 0.7302631578947368 0.19005847953216373 0.019736842105263157 0.09941520467836257
0 0.08223684210526316 0.2134502923976608 0.023026315789473683 0.08771929824561403
0 0.06578947368421052 0.2149122807017544 0.019736842105263157 0.09064327485380116
0 0.578125 0.25877192982456143 0.024671052631578948 0.1023391812865497
0 0.36348684210526316 0.2646198830409357 0.023026315789473683 0.1023391812865497
0 0.3092105263157895 0.2719298245614035 0.023026315789473683 0.1111111111111111
0 0.1118421052631579 0.2733918128654971 0.023026315789473683 0.09064327485380116
