0 0.513771186440678 0.6711229946524064 0.033192090395480225 0.07219251336898395
0 0.5561440677966102 0.9164438502673797 0.03742937853107345 0.06283422459893048
0 0.5342514124293786 0.23729946524064172 0.03036723163841808 0.06283422459893048
0 0.559322033898305 0.22459893048128343 0.031073446327683617 0.053475935828877004
0 0.678319209039548 0.12433155080213903 0.03742937853107345 0.06684491978609626
0 0.8580508474576272 0.8542780748663101 0.031073446327683617 0.06417112299465241
0 0.3209745762711864 0.2887700534759358 0.028954802259887006 0.045454545454545456
0 0.2983757062146893 0.27606951871657753 0.024717514124293787 0.07085561497326204
0 0.18608757062146894 0.33088235294117646 0.03884180790960452 0.05481283422459893
0 0.3206214689265537 0.3201871657754011 0.025423728813559324 0.05481283422459893
0 0.15007062146892655 0.7473262032085561 0.04590395480225989 0.058823529411764705
0 0.6175847457627118 0.9137700534759359 0.03036723163841808 0.05481283422459893
