0 0.5474198047419805 0.1967654986522911 0.02092050209205021 0.06199460916442048
0 0.7754532775453278 0.6320754716981132 0.02510460251046025 0.029649595687331536
0 0.8695955369595537 0.6549865229110512 0.019525801952580194 0.029649595687331536
0 0.903068340306834 0.6630727762803235 0.02510460251046025 0.04582210242587601
0 0.9504881450488145 0.9615902964959568 0.02510460251046025 0.0444743935309973
0 0.9456066945606695 0.9845013477088949 0.023709902370990237 0.022911051212938006
0 0.5617154811715481 0.3045822102425876 0.01882845188284519 0.04582210242587601
0 0.7426778242677824 0.6516172506738545 0.026499302649930265 0.0444743935309973
0 0.7503486750348675 0.621967654986523 0.02510460251046025 0.04177897574123989
0 0.7200139470013946 0.6172506738544474 0.024407252440725245 0.03773584905660377
0 0.9428172942817294 0.6340970350404312 0.029288702928870293 0.04986522911051213
0 0.5271966527196653 0.7284366576819407 0.019525801952580194 0.06873315363881402
0 0.5118549511854951 0.7243935309973046 0.02510460251046025 0.07412398921832884
0 0.5592747559274756 0.7109164420485176 0.019525801952580194 0.06334231805929919
