0 0.5495118549511855 0.4110512129380054 0.019525801952580194 0.03773584905660377
0 0.5411436541143654 0.3045822102425876 0.016736401673640166 0.04582210242587601
0 0.560320781032078 0.29245283018867924 0.021617852161785217 0.03773584905660377
0 0.5495118549511855 0.3032345013477089 0.01394700139470014 0.05390835579514825
0 0.5578800557880056 0.330188679245283 0.016736401673640166 0.03773584905660377
0 0.5571827057182706 0.36792452830188677 0.026499302649930265 0.04582210242587601
0 0.5645048814504882 0.42318059299191374 0.01882845188284519 0.04582210242587601
0 0.5397489539748954 0.3867924528301887 0.019525801952580194 0.04582210242587601
0 0.5104602510460251 0.8200808625336927 0.030683403068340307 0.03908355795148248
0 0.50697350069735 0.20485175202156333 0.026499302649930265 0.04582210242587601
0 0.5578800557880056 0.05188679245283019 0.016736401673640166 0.04986522911051213
0 0.5425383542538355 0.0431266846361186 0.019525801952580194 0.05390835579514825
0 0.5453277545327755 0.09501347708894879 0.030683403068340307 0.04986522911051213
0 0.44839609483960946 0.02021563342318059 0.03486750348675035 0.04043126684636118
0 0.8047419804741981 0.3719676549865229 0.030683403068340307 0.07008086253369272
0 0.9832635983263598 0.8376010781671159 0.026499302649930265 0.04986522911051213
0 0.5617154811715481 0.9474393530997305 0.027196652719665274 0.04582210242587601
