0 0.608786610878661 0.5579514824797843 0.019525801952580194 0.04043126684636118
0 0.5523012552301255 0.48787061994609165 0.016736401673640166 0.04582210242587601
0 0.5686889818688982 0.4568733153638814 0.021617852161785217 0.03773584905660377
0 0.5634588563458857 0.4797843665768194 0.01394700139470014 0.05390835579514825
0 0.5756624825662483 0.5006738544474394 0.01603905160390516 0.03638814016172507
0 0.5652022315202232 0.1738544474393531 0.02580195258019526 0.04582210242587601
0 0.6192468619246861 0.5525606469002695 0.02092050209205021 0.04582210242587601
0 0.5742677824267782 0.5417789757412399 0.01882845188284519 0.04582210242587601
0 0.5076708507670851 0.11253369272237197 0.030683403068340307 0.03908355795148248
0 0.5418410041841004 0.08153638814016173 0.02092050209205021 0.05525606469002695
0 0.5585774058577406 0.09097035040431267 0.015341701534170154 0.0660377358490566
0 0.5536959553695955 0.22439353099730458 0.016736401673640166 0.04986522911051213
0 0.5404463040446305 0.21361185983827494 0.01813110181311018 0.05525606469002695
0 0.5195258019525802 0.1954177897574124 0.02092050209205021 0.04582210242587601
0 0.5481171548117155 0.25943396226415094 0.030683403068340307 0.04986522911051213
0 0.43479776847977686 0.0215633423180593 0.03417015341701534 0.0431266846361186
0 0.799163179916318 0.3423180592991914 0.030683403068340307 0.07008086253369272