0 0.556497175141243 0.2411556603773585 0.01977401129943503 0.03419811320754717
0 0.8587570621468926 0.11202830188679246 0.03248587570621469 0.049528301886792456
0 0.475635593220339 0.25471698113207547 0.04025423728813559 0.05660377358490566
0 0.5981638418079096 0.5483490566037735 0.025423728813559324 0.030660377358490566
0 0.7344632768361582 0.5141509433962265 0.01977401129943503 0.04245283018867924
0 0.1260593220338983 0.5412735849056604 0.02754237288135593 0.0330188679245283
0 0.7401129943502824 0.5454009433962265 0.01977401129943503 0.0294811320754717
0 0.8287429378531074 0.46403301886792453 0.019067796610169493 0.045990566037735846
0 0.6532485875706214 0.47641509433962265 0.015536723163841809 0.0330188679245283
0 0.6384180790960452 0.4658018867924528 0.025423728813559324 0.03773584905660377
0 0.7372881355932204 0.5300707547169812 0.022598870056497175 0.027122641509433963
0 0.7718926553672316 0.43514150943396224 0.025423728813559324 0.03773584905660377
0 0.5413135593220338 0.24528301886792453 0.019067796610169493 0.04245283018867924
