0 0.6439393939393939 0.5287958115183246 0.1590909090909091 0.19895287958115182
0 0.9564393939393939 0.612565445026178 0.07954545454545454 0.18848167539267016
0 0.3162878787878788 0.6230366492146597 0.10984848484848485 0.19895287958115182
0 0.7159090909090909 0.6465968586387435 0.12878787878787878 0.193717277486911
0 0.44507575757575757 0.7068062827225131 0.1553030303030303 0.17801047120418848
0 0.7386363636363636 0.7853403141361257 0.1590909090909091 0.2198952879581152
0 0.07954545454545454 0.806282722513089 0.10606060606060606 0.17801047120418848
0 0.5549242424242424 0.13089005235602094 0.14772727272727273 0.2617801047120419
0 0.6837121212121212 0.18586387434554974 0.10227272727272728 0.20418848167539266
0 0.08522727272727272 0.19895287958115182 0.1553030303030303 0.2094240837696335
0 0.7613636363636364 0.27486910994764396 0.12878787878787878 0.18324607329842932
0 0.9375 0.3010471204188482 0.11742424242424243 0.20418848167539266
0 0.06818181818181818 0.31151832460732987 0.13636363636363635 0.20418848167539266
0 0.4678030303030303 0.3298429319371728 0.14772727272727273 0.23036649214659685
0 0.7859848484848485 0.38481675392670156 0.10227272727272728 0.193717277486911
0 0.5776515151515151 0.42408376963350786 0.13257575757575757 0.23036649214659685
0 0.32575757575757575 0.45549738219895286 0.12121212121212122 0.23036649214659685
0 0.9583333333333334 0.4869109947643979 0.07575757575757576 0.15706806282722513
0 0.4602272727272727 0.4869109947643979 0.07954545454545454 0.23036649214659685