0 0.6636363636363637 0.5901639344262295 0.06909090909090909 0.19672131147540983
0 0.8745454545454545 0.5901639344262295 0.08363636363636363 0.2185792349726776
0 0.04363636363636364 0.06284153005464481 0.06545454545454546 0.12568306010928962
0 0.09272727272727273 0.7540983606557377 0.06181818181818182 0.19672131147540983
0 0.3490909090909091 0.7868852459016393 0.06545454545454546 0.18579234972677597
0 0.9381818181818182 0.8387978142076503 0.08 0.15846994535519127
0 0.13454545454545455 0.860655737704918 0.06545454545454546 0.20218579234972678
0 0.2018181818181818 0.8743169398907104 0.06909090909090909 0.17486338797814208
0 0.6272727272727273 0.9098360655737705 0.08363636363636363 0.16939890710382513
0 0.49272727272727274 0.9344262295081968 0.06181818181818182 0.12021857923497267
0 0.8727272727272727 0.09836065573770492 0.06545454545454546 0.19672131147540983
0 0.2381818181818182 0.11475409836065574 0.05454545454545454 0.18579234972677597
0 0.3381818181818182 0.14207650273224043 0.05818181818181818 0.2185792349726776
0 0.7381818181818182 0.19398907103825136 0.05818181818181818 0.20218579234972678
0 0.12363636363636364 0.22131147540983606 0.06545454545454546 0.20218579234972678
0 0.43636363636363634 0.34972677595628415 0.05818181818181818 0.2185792349726776
0 0.9254545454545454 0.3551912568306011 0.06909090909090909 0.18579234972677597
0 0.09272727272727273 0.43169398907103823 0.06909090909090909 0.18579234972677597
0 0.3090909090909091 0.4426229508196721 0.06545454545454546 0.19672131147540983
0 0.7909090909090909 0.45901639344262296 0.07636363636363637 0.16393442622950818
0 0.3927272727272727 0.4726775956284153 0.05818181818181818 0.22404371584699453
0 0.02 0.5109289617486339 0.04 0.1912568306010929
0 0.5618181818181818 0.5163934426229508 0.04727272727272727 0.18032786885245902
