0 0.4 0.6101190476190477 0.06 0.16071428571428573
0 0.7566666666666667 0.6101190476190477 0.08 0.17261904761904762
0 0.7816666666666666 0.6815476190476191 0.03666666666666667 0.08928571428571429
0 0.17166666666666666 0.6934523809523809 0.056666666666666664 0.13690476190476192
0 0.155 0.7559523809523809 0.06333333333333334 0.15476190476190477
0 0.5783333333333334 0.2767857142857143 0.06333333333333334 0.16071428571428573
0 0.92 0.30952380952380953 0.05333333333333334 0.16666666666666666
0 0.3433333333333333 0.31547619047619047 0.06666666666666667 0.17857142857142858
0 0.6083333333333333 0.3601190476190476 0.043333333333333335 0.16071428571428573
0 0.8483333333333334 0.39880952380952384 0.06333333333333334 0.11904761904761904
0 0.8516666666666667 0.47023809523809523 0.05 0.14285714285714285
0 0.22833333333333333 0.4851190476190476 0.043333333333333335 0.1488095238095238
0 0.08333333333333333 0.5297619047619048 0.06666666666666667 0.19047619047619047
