0 0.635 0.6696428571428571 0.05 0.1488095238095238
0 0.6616666666666666 0.7380952380952381 0.056666666666666664 0.17857142857142858
0 0.43666666666666665 0.8035714285714286 0.06 0.17857142857142858
0 0.66 0.8928571428571429 0.06666666666666667 0.14285714285714285
0 0.86 0.18452380952380953 0.06 0.16666666666666666
0 0.415 0.19940476190476192 0.043333333333333335 0.1130952380952381
0 0.495 0.3005952380952381 0.043333333333333335 0.1130952380952381
0 0.4683333333333333 0.37797619047619047 0.05 0.17261904761904762
0 0.6566666666666666 0.42857142857142855 0.05333333333333334 0.15476190476190477
0 0.8583333333333333 0.49702380952380953 0.05 0.17261904761904762
