0 0.29930795847750863 0.6371428571428571 0.03806228373702422 0.14285714285714285
0 0.11591695501730104 0.06857142857142857 0.04498269896193772 0.13714285714285715
0 0.5882352941176471 0.6885714285714286 0.04152249134948097 0.12
0 0.40484429065743943 0.7085714285714285 0.03460207612456748 0.10285714285714286
0 0.38581314878892736 0.7514285714285714 0.04498269896193772 0.10857142857142857
0 0.02768166089965398 0.7971428571428572 0.04152249134948097 0.15428571428571428
0 0.8304498269896193 0.8371428571428572 0.06228373702422145 0.08571428571428572
0 0.6401384083044983 0.8657142857142858 0.05536332179930796 0.07428571428571429
0 0.7698961937716263 0.8914285714285715 0.03806228373702422 0.06857142857142857
0 0.5778546712802768 0.29428571428571426 0.04152249134948097 0.12
0 0.4982698961937716 0.34285714285714286 0.02768166089965398 0.11428571428571428
0 0.5363321799307958 0.38571428571428573 0.04844290657439446 0.12
0 0.36678200692041524 0.41714285714285715 0.04152249134948097 0.11428571428571428
0 0.45501730103806226 0.44857142857142857 0.031141868512110725 0.10857142857142857
0 0.698961937716263 0.4514285714285714 0.04844290657439446 0.18285714285714286
0 0.5 0.5142857142857142 0.031141868512110725 0.10285714285714286
0 0.41695501730103807 0.5571428571428572 0.04498269896193772 0.10857142857142857
