0 0.9716666666666667 0.6130952380952381 0.05 0.16666666666666666
0 0.525 0.7232142857142857 0.03666666666666667 0.16071428571428573
0 0.305 0.7232142857142857 0.05 0.16071428571428573
0 0.7383333333333333 0.7559523809523809 0.05 0.14285714285714285
0 0.19666666666666666 0.8095238095238095 0.04 0.14285714285714285
0 0.7816666666666666 0.8244047619047619 0.043333333333333335 0.16071428571428573
0 0.7433333333333333 0.30654761904761907 0.05333333333333334 0.1488095238095238
0 0.8333333333333334 0.36904761904761907 0.04 0.14285714285714285
0 0.8316666666666667 0.4255952380952381 0.05 0.13690476190476192
0 0.9666666666666667 0.4523809523809524 0.04 0.14285714285714285
0 0.3466666666666667 0.5386904761904762 0.04 0.1488095238095238
0 0.37666666666666665 0.5714285714285714 0.04 0.15476190476190477
