0 0.7046875 0.19907407407407407 0.11979166666666667 0.387037037037037
0 0.8411458333333334 0.33240740740740743 0.13645833333333332 0.3574074074074074
0 0.40208333333333335 0.42777777777777776 0.11041666666666666 0.31851851851851853
0 0.13385416666666666 0.5092592592592593 0.18645833333333334 0.2962962962962963
0 0.5755208333333334 0.5648148148148148 0.115625 0.2777777777777778
0 0.26666666666666666 0.7027777777777777 0.175 0.3314814814814815
0 0.13489583333333333 0.08425925925925926 0.096875 0.1685185185185185
0 0.8713541666666667 0.8694444444444445 0.228125 0.2574074074074074
0 0.6166666666666667 0.13703703703703704 0.10416666666666667 0.2740740740740741
0 0.24270833333333333 0.17037037037037037 0.125 0.34074074074074073
