0 0.10729166666666666 0.2388888888888889 0.18125 0.37407407407407406
0 0.9286458333333333 0.24722222222222223 0.140625 0.29444444444444445
0 0.2677083333333333 0.3435185185185185 0.15416666666666667 0.30925925925925923
0 0.8135416666666667 0.42407407407407405 0.13958333333333334 0.2814814814814815
0 0.05625 0.4361111111111111 0.1125 0.29074074074074074
0 0.81875 0.6666666666666666 0.16666666666666666 0.2777777777777778
0 0.30833333333333335 0.7148148148148148 0.17916666666666667 0.28888888888888886
0 0.5557291666666667 0.7555555555555555 0.115625 0.26666666666666666
0 0.8453125 0.9481481481481482 0.15520833333333334 0.1
0 0.44583333333333336 0.9611111111111111 0.13125 0.07407407407407407
0 0.4828125 0.1527777777777778 0.134375 0.3055555555555556
0 0.771875 0.17407407407407408 0.11458333333333333 0.3