0 0.2296875 0.19814814814814816 0.021875 0.07037037037037037
0 0.19947916666666668 0.24537037037037038 0.023958333333333335 0.08333333333333333
0 0.8213541666666667 0.3138888888888889 0.030208333333333334 0.07962962962962963
0 0.6973958333333333 0.4111111111111111 0.03854166666666667 0.11851851851851852
0 0.7375 0.575 0.03125 0.09444444444444444
0 0.6572916666666667 0.6018518518518519 0.029166666666666667 0.11481481481481481
0 0.008854166666666666 0.6129629629629629 0.017708333333333333 0.1037037037037037
0 0.675 0.6546296296296297 0.035416666666666666 0.09814814814814815
0 0.7244791666666667 0.6648148148148149 0.036458333333333336 0.11481481481481481
0 0.8203125 0.07037037037037037 0.028125 0.08518518518518518
0 0.79375 0.0712962962962963 0.029166666666666667 0.09444444444444444
0 0.909375 0.725 0.03958333333333333 0.09814814814814815
0 0.8432291666666667 0.7444444444444445 0.026041666666666668 0.1
0 0.7697916666666667 0.09074074074074075 0.029166666666666667 0.0962962962962963
0 0.2708333333333333 0.09907407407407408 0.03333333333333333 0.09444444444444444
0 0.22708333333333333 0.10277777777777777 0.025 0.10185185185185185
0 0.18072916666666666 0.10833333333333334 0.023958333333333335 0.10555555555555556
0 0.2015625 0.16944444444444445 0.026041666666666668 0.06851851851851852
0 0.7463541666666667 0.18425925925925926 0.030208333333333334 0.09814814814814815
