0 0.6392276422764228 0.8870370370370371 0.014227642276422764 0.02962962962962963
0 0.661839430894309 0.9513888888888888 0.019817073170731708 0.023148148148148147
0 0.6260162601626016 0.6375 0.018292682926829267 0.025
0 0.6854674796747967 0.6060185185185185 0.019308943089430895 0.028703703703703703
0 0.5274390243902439 0.21388888888888888 0.019308943089430895 0.02962962962962963
0 0.6415142276422764 0.1884259259259259 0.020833333333333332 0.028703703703703703
0 0.791920731707317 0.08564814814814815 0.024898373983739838 0.025
0 0.13948170731707318 0.8180555555555555 0.01676829268292683 0.021296296296296296
0 0.12017276422764228 0.6574074074074074 0.013719512195121951 0.018518518518518517
0 0.18292682926829268 0.7824074074074074 0.011178861788617886 0.025925925925925925
0 0.08231707317073171 0.4708333333333333 0.011178861788617886 0.019444444444444445
0 0.38185975609756095 0.07083333333333333 0.013719512195121951 0.021296296296296296
