0 0.6491361788617886 0.8958333333333334 0.013719512195121951 0.028703703703703703
0 0.6532012195121951 0.9495370370370371 0.019817073170731708 0.023148148148148147
0 0.6189024390243902 0.6273148148148148 0.018292682926829267 0.025
0 0.6742886178861789 0.5935185185185186 0.019308943089430895 0.02962962962962963
0 0.551829268292683 0.2222222222222222 0.018292682926829267 0.02962962962962963
0 0.6496443089430894 0.19074074074074074 0.020833333333333332 0.02962962962962963
0 0.8183434959349594 0.10694444444444444 0.024898373983739838 0.025
0 0.14405487804878048 0.8180555555555555 0.01676829268292683 0.021296296296296296
0 0.12576219512195122 0.6615740740740741 0.013719512195121951 0.019444444444444445
0 0.18851626016260162 0.7824074074074074 0.011178861788617886 0.025925925925925925
0 0.08231707317073171 0.4708333333333333 0.011178861788617886 0.019444444444444445
0 0.3874491869918699 0.07731481481481481 0.013719512195121951 0.021296296296296296