0 0.6686991869918699 0.9125 0.014227642276422764 0.028703703703703703
0 0.6351626016260162 0.9449074074074074 0.019308943089430895 0.023148148148148147
0 0.6021341463414634 0.6041666666666666 0.018292682926829267 0.025
0 0.6519308943089431 0.5638888888888889 0.019308943089430895 0.02962962962962963
0 0.604420731707317 0.24074074074074073 0.019817073170731708 0.02962962962962963
0 0.6679369918699187 0.1925925925925926 0.020833333333333332 0.02962962962962963
0 0.8757621951219512 0.14675925925925926 0.024898373983739838 0.025
0 0.15523373983739838 0.8199074074074074 0.01676829268292683 0.021296296296296296
0 0.1369410569105691 0.6722222222222223 0.013719512195121951 0.018518518518518517
0 0.19867886178861788 0.7824074074074074 0.011178861788617886 0.025925925925925925
0 0.08231707317073171 0.4708333333333333 0.011178861788617886 0.019444444444444445
0 0.4014227642276423 0.0875 0.014227642276422764 0.021296296296296296