0 0.4636686991869919 0.3731481481481482 0.028963414634146343 0.037037037037037035
0 0.8353658536585366 0.6657407407407407 0.022357723577235773 0.027777777777777776
0 0.8366361788617886 0.6217592592592592 0.013719512195121951 0.026851851851851852
0 0.8897357723577236 0.6648148148148149 0.014227642276422764 0.020370370370370372
0 0.8841463414634146 0.6504629629629629 0.014227642276422764 0.021296296296296296
0 0.9232723577235772 0.6407407407407407 0.014227642276422764 0.027777777777777776
0 0.9771341463414634 0.5875 0.01524390243902439 0.025
0 0.967479674796748 0.6217592592592592 0.01524390243902439 0.019444444444444445
0 0.9883130081300813 0.6208333333333333 0.01524390243902439 0.021296296296296296
0 0.9029471544715447 0.8675925925925926 0.018292682926829267 0.027777777777777776
0 0.9115853658536586 0.7689814814814815 0.026422764227642278 0.026851851851851852
0 0.914380081300813 0.7518518518518519 0.020833333333333332 0.03148148148148148
0 0.00050412804051821 0.00044324417009602193 0.000008520473924251437 0.000029149519890260628