0 0.4375 0.24375 0.0421875 0.11666666666666667
0 0.31171875 0.2677083333333333 0.05 0.18541666666666667
0 0.23671875 0.27291666666666664 0.053125 0.07916666666666666
0 0.36015625 0.27708333333333335 0.04375 0.12916666666666668
0 0.2453125 0.334375 0.0609375 0.16041666666666668
0 0.203125 0.33541666666666664 0.0453125 0.16666666666666666
0 0.45625 0.3541666666666667 0.0359375 0.1125
0 0.4 0.396875 0.0453125 0.19375
0 0.67421875 0.409375 0.028125 0.09375
0 0.64375 0.5239583333333333 0.0453125 0.22291666666666668
0 0.6953125 0.5302083333333333 0.0484375 0.24375
0 0.8859375 0.5489583333333333 0.075 0.2520833333333333
0 0.82109375 0.5802083333333333 0.0546875 0.2604166666666667
0 0.5 0.596875 0.0421875 0.18125
0 0.5609375 0.6375 0.0859375 0.2375
0 0.2078125 0.8208333333333333 0.0578125 0.24583333333333332
0 0.16953125 0.8541666666666666 0.065625 0.2791666666666667
0 0.89609375 0.9177083333333333 0.0890625 0.16458333333333333
0 0.9828125 0.9354166666666667 0.034375 0.12916666666666668
0 0.2390625 0.10833333333333334 0.0328125 0.05416666666666667
0 0.265625 0.11875 0.0296875 0.09583333333333334
0 0.3046875 0.11875 0.0421875 0.075
0 0.346875 0.11979166666666667 0.0328125 0.06458333333333334
0 0.66875 0.153125 0.0234375 0.12291666666666666
0 0.2421875 0.15416666666666667 0.0546875 0.075
0 0.215625 0.16666666666666666 0.0296875 0.1
0 0.71484375 0.16875 0.071875 0.1
0 0.225 0.18541666666666667 0.0203125 0.03333333333333333
