0 0.24296875 0.215625 0.040625 0.11875
0 0.20234375 0.21875 0.04375 0.12083333333333333
0 0.32890625 0.22916666666666666 0.0390625 0.11041666666666666
0 0.26640625 0.26666666666666666 0.040625 0.125
0 0.396875 0.33125 0.0546875 0.17083333333333334
0 0.34609375 0.3333333333333333 0.040625 0.15625
0 0.68203125 0.33645833333333336 0.04375 0.1125
0 0.65546875 0.39895833333333336 0.053125 0.17708333333333334
0 0.6125 0.39895833333333336 0.05 0.18958333333333333
0 0.19765625 0.4197916666666667 0.04375 0.16666666666666666
0 0.15390625 0.4270833333333333 0.0515625 0.16666666666666666
0 0.684375 0.4875 0.071875 0.20833333333333334
0 0.82109375 0.48854166666666665 0.05 0.21458333333333332
0 0.896875 0.5114583333333333 0.0625 0.19791666666666666
0 0.38984375 0.5229166666666667 0.0546875 0.058333333333333334
0 0.50390625 0.6083333333333333 0.065625 0.18333333333333332
0 0.20234375 0.7541666666666667 0.059375 0.15416666666666667
0 0.16875 0.846875 0.046875 0.28541666666666665
0 0.2328125 0.9302083333333333 0.1 0.13958333333333334
0 0.24296875 0.10520833333333333 0.0265625 0.08541666666666667
0 0.3078125 0.11770833333333333 0.03125 0.075
0 0.2125 0.125 0.0265625 0.075
0 0.18515625 0.13229166666666667 0.025 0.03958333333333333
0 0.6734375 0.15104166666666666 0.03125 0.09791666666666667
0 0.7125 0.1625 0.04375 0.08541666666666667
