0 0.68046875 0.22291666666666668 0.0375 0.11666666666666667
0 0.353125 0.2375 0.0515625 0.14583333333333334
0 0.26796875 0.23854166666666668 0.0390625 0.12916666666666668
0 0.659375 0.24270833333333333 0.04375 0.13541666666666666
0 0.62109375 0.24270833333333333 0.0375 0.13125
0 0.228125 0.253125 0.0375 0.11875
0 0.39296875 0.5229166666666667 0.059375 0.058333333333333334
0 0.5046875 0.609375 0.06875 0.18125
0 0.3546875 0.06770833333333333 0.0265625 0.07708333333333334
0 0.20546875 0.6875 0.078125 0.18541666666666667
0 0.184375 0.83125 0.0796875 0.2520833333333333
0 0.24140625 0.8697916666666666 0.0890625 0.2604166666666667
0 0.81953125 0.9229166666666667 0.1078125 0.15208333333333332
0 0.1890625 0.10520833333333333 0.0328125 0.08958333333333333
0 0.303125 0.1125 0.0421875 0.0875
0 0.58203125 0.14270833333333333 0.028125 0.08125
0 0.66875 0.14375 0.0265625 0.07916666666666666
