0 0.59296875 0.20833333333333334 0.040625 0.11875
0 0.7046875 0.215625 0.040625 0.12083333333333333
0 0.6609375 0.29583333333333334 0.05 0.15416666666666667
0 0.715625 0.303125 0.040625 0.13125
0 0.28671875 0.33125 0.05 0.16666666666666666
0 0.253125 0.334375 0.0421875 0.15
0 0.32890625 0.334375 0.0453125 0.16458333333333333
0 0.2109375 0.33958333333333335 0.04375 0.1625
0 0.8484375 0.33958333333333335 0.046875 0.12916666666666668
0 0.3796875 0.3416666666666667 0.0421875 0.15208333333333332
0 0.8078125 0.35520833333333335 0.0421875 0.1625
0 0.7125 0.41875 0.05625 0.10833333333333334
0 0.884375 0.4510416666666667 0.0546875 0.19166666666666668
0 0.83671875 0.459375 0.0484375 0.17291666666666666
0 0.1171875 0.509375 0.05625 0.19791666666666666
0 0.06953125 0.5125 0.065625 0.19583333333333333
0 0.38359375 0.525 0.0421875 0.05416666666666667
0 0.59375 0.5635416666666667 0.115625 0.17083333333333334
0 0.5046875 0.6083333333333333 0.0625 0.17916666666666667
0 0.8203125 0.6802083333333333 0.065625 0.26458333333333334
0 0.76796875 0.6875 0.1328125 0.25416666666666665
0 0.73828125 0.6885416666666667 0.0703125 0.23541666666666666
0 0.9390625 0.7510416666666667 0.0828125 0.26875
0 0.45390625 0.8260416666666667 0.084375 0.2875
0 0.73359375 0.8916666666666667 0.096875 0.21666666666666667
0 0.28125 0.14375 0.0375 0.12291666666666666
0 0.6484375 0.2 0.040625 0.0875
