0 0.6796875 0.21354166666666666 0.0375 0.12916666666666668
0 0.34296875 0.25 0.034375 0.12916666666666668
0 0.64765625 0.26875 0.0515625 0.14791666666666667
0 0.7296875 0.27708333333333335 0.040625 0.1375
0 0.24765625 0.3020833333333333 0.0484375 0.15
0 0.284375 0.309375 0.0390625 0.15208333333333332
0 0.70625 0.36666666666666664 0.0828125 0.1375
0 0.309375 0.3729166666666667 0.046875 0.17708333333333334
0 0.36796875 0.378125 0.05 0.16041666666666668
0 0.84453125 0.3854166666666667 0.0453125 0.1375
0 0.79375 0.39895833333333336 0.0515625 0.18333333333333332
0 0.4125 0.4875 0.0359375 0.05416666666666667
0 0.8953125 0.5020833333333333 0.0671875 0.20833333333333334
0 0.39140625 0.5072916666666667 0.025 0.052083333333333336
0 0.83203125 0.5125 0.0625 0.1875
0 0.40703125 0.5375 0.03125 0.04583333333333333
0 0.03828125 0.5614583333333333 0.0734375 0.20625
0 0.08984375 0.5635416666666667 0.0578125 0.21041666666666667
0 0.60625 0.56875 0.1109375 0.17916666666666667
0 0.59453125 0.5822916666666667 0.11875 0.13333333333333333
0 0.7828125 0.5958333333333333 0.065625 0.24166666666666667
0 0.50234375 0.6 0.0625 0.1625
0 0.7203125 0.60625 0.0609375 0.22083333333333333
0 0.93203125 0.746875 0.078125 0.2708333333333333
0 0.04140625 0.7552083333333334 0.065625 0.23333333333333334
0 0.72890625 0.8052083333333333 0.0765625 0.17916666666666667
0 0.4625 0.8260416666666667 0.0796875 0.29375
0 0.23046875 0.153125 0.03125 0.1
0 0.621875 0.20416666666666666 0.0296875 0.1125
