0 0.5283854166666667 0.28379629629629627 0.0171875 0.03425925925925926
0 0.5375 0.4097222222222222 0.025 0.04537037037037037
0 0.6036458333333333 0.4699074074074074 0.022916666666666665 0.03796296296296296
0 0.5768229166666666 0.4981481481481482 0.0203125 0.037037037037037035
0 0.5419270833333333 0.4986111111111111 0.016145833333333335 0.04722222222222222
0 0.5565104166666667 0.5027777777777778 0.016145833333333335 0.05185185185185185
0 0.4856770833333333 0.5055555555555555 0.0140625 0.044444444444444446
0 0.5106770833333333 0.5074074074074074 0.021354166666666667 0.046296296296296294
0 0.45598958333333334 0.5407407407407407 0.021354166666666667 0.03518518518518519
0 0.7083333333333334 0.6652777777777777 0.01875 0.049074074074074076
