0 0.52890625 0.3416666666666667 0.015104166666666667 0.044444444444444446
0 0.4895833333333333 0.44675925925925924 0.014583333333333334 0.04722222222222222
0 0.5763020833333333 0.45 0.0203125 0.04259259259259259
0 0.53515625 0.46435185185185185 0.021354166666666667 0.049074074074074076
0 0.59921875 0.5087962962962963 0.024479166666666666 0.058333333333333334
0 0.5401041666666667 0.5583333333333333 0.021875 0.04259259259259259
0 0.55625 0.5652777777777778 0.01875 0.041666666666666664
0 0.5046875 0.5671296296296297 0.022916666666666665 0.03796296296296296
0 0.45677083333333335 0.5824074074074074 0.023958333333333335 0.053703703703703705
0 0.7078125 0.6601851851851852 0.028125 0.05185185185185185
