0 0.49453125 0.3597222222222222 0.021354166666666667 0.05648148148148148
0 0.5700520833333333 0.3638888888888889 0.015104166666666667 0.05185185185185185
0 0.5286458333333334 0.41435185185185186 0.019791666666666666 0.03796296296296296
0 0.5333333333333333 0.5356481481481481 0.022916666666666665 0.04722222222222222
0 0.58828125 0.5847222222222223 0.022395833333333334 0.049074074074074076
0 0.5401041666666667 0.6467592592592593 0.01875 0.05648148148148148
0 0.5018229166666667 0.6472222222222223 0.019270833333333334 0.053703703703703705
0 0.5583333333333333 0.6592592592592592 0.025 0.053703703703703705
0 0.7088541666666667 0.6620370370370371 0.022916666666666665 0.04259259259259259
0 0.4596354166666667 0.6638888888888889 0.019270833333333334 0.046296296296296294
