0 0.5674479166666667 0.3106481481481482 0.021354166666666667 0.05092592592592592
0 0.5013020833333334 0.3143518518518518 0.019270833333333334 0.041666666666666664
0 0.5255208333333333 0.45787037037037037 0.023958333333333335 0.032407407407407406
0 0.53203125 0.5837962962962963 0.016145833333333335 0.04722222222222222
0 0.57421875 0.6282407407407408 0.016145833333333335 0.028703703703703703
0 0.7088541666666667 0.6652777777777777 0.022916666666666665 0.04722222222222222
0 0.4549479166666667 0.7027777777777777 0.0171875 0.044444444444444446
0 0.49947916666666664 0.7027777777777777 0.022916666666666665 0.053703703703703705
0 0.5377604166666666 0.7037037037037037 0.021354166666666667 0.046296296296296294
0 0.1234375 0.7101851851851851 0.03333333333333333 0.046296296296296294
0 0.5533854166666666 0.7212962962962963 0.019270833333333334 0.053703703703703705
