0 0.56953125 0.18703703703703703 0.0203125 0.046296296296296294
0 0.5140625 0.19490740740740742 0.013541666666666667 0.032407407407407406
0 0.5153645833333333 0.5680555555555555 0.021354166666666667 0.03796296296296296
0 0.7080729166666667 0.6666666666666666 0.024479166666666666 0.046296296296296294
0 0.5244791666666667 0.6986111111111111 0.01875 0.03981481481481482
0 0.12161458333333333 0.7282407407407407 0.034895833333333334 0.058333333333333334
0 0.565625 0.7347222222222223 0.01875 0.04722222222222222
0 0.45755208333333336 0.8189814814814815 0.0203125 0.049074074074074076
0 0.49947916666666664 0.8203703703703704 0.01875 0.05185185185185185
0 0.5322916666666667 0.8263888888888888 0.016666666666666666 0.05648148148148148
0 0.5505208333333333 0.8449074074074074 0.017708333333333333 0.06574074074074074
