0 0.5713541666666667 0.12962962962962962 0.017708333333333333 0.05185185185185185
0 0.52265625 0.13703703703703704 0.016145833333333335 0.06111111111111111
0 0.5109375 0.6222222222222222 0.027083333333333334 0.053703703703703705
0 0.71328125 0.6736111111111112 0.025520833333333333 0.06018518518518518
0 0.5182291666666666 0.7537037037037037 0.019791666666666666 0.053703703703703705
0 0.5567708333333333 0.787962962962963 0.023958333333333335 0.06111111111111111
0 0.4596354166666667 0.8666666666666667 0.019270833333333334 0.053703703703703705
0 0.4953125 0.8685185185185185 0.01875 0.05185185185185185
0 0.5296875 0.8824074074074074 0.030208333333333334 0.05555555555555555
0 0.5479166666666667 0.8944444444444445 0.0125 0.06111111111111111
