0 0.5666666666666667 0.11157407407407408 0.016666666666666666 0.04722222222222222
0 0.5208333333333334 0.12685185185185185 0.016666666666666666 0.05555555555555555
0 0.5111979166666667 0.6435185185185185 0.016145833333333335 0.046296296296296294
0 0.7130208333333333 0.6699074074074074 0.023958333333333335 0.03981481481481482
0 0.12109375 0.7337962962962963 0.04010416666666667 0.05648148148148148
0 0.5182291666666666 0.7708333333333334 0.01875 0.05648148148148148
0 0.5580729166666667 0.7972222222222223 0.025520833333333333 0.044444444444444446
0 0.45703125 0.8777777777777778 0.021354166666666667 0.05185185185185185
0 0.49375 0.8828703703703704 0.017708333333333333 0.04722222222222222
0 0.5263020833333333 0.8870370370370371 0.0203125 0.05185185185185185
0 0.5502604166666667 0.9023148148148148 0.0203125 0.06759259259259259
