0 0.2181208053691275 0.375 0.030201342281879196 0.03571428571428571
0 0.11325503355704698 0.3869047619047619 0.03859060402684564 0.047619047619047616
0 0.5805369127516778 0.39285714285714285 0.026845637583892617 0.047619047619047616
0 0.21224832214765102 0.40922619047619047 0.04194630872483222 0.044642857142857144
0 0.20469798657718122 0.4494047619047619 0.040268456375838924 0.047619047619047616
0 0.2550335570469799 0.5327380952380952 0.03691275167785235 0.05952380952380952
0 0.18456375838926176 0.5654761904761905 0.030201342281879196 0.047619047619047616
0 0.19630872483221476 0.6517857142857143 0.03355704697986577 0.041666666666666664
0 0.2701342281879195 0.6845238095238095 0.030201342281879196 0.05952380952380952
0 0.5251677852348994 0.7395833333333334 0.026845637583892617 0.050595238095238096
0 0.2978187919463087 0.7693452380952381 0.025167785234899327 0.050595238095238096
0 0.6518456375838926 0.7797619047619048 0.03859060402684564 0.047619047619047616
0 0.022651006711409395 0.7901785714285714 0.03859060402684564 0.03869047619047619
0 0.8439597315436241 0.8318452380952381 0.03355704697986577 0.050595238095238096
0 0.28104026845637586 0.8794642857142857 0.028523489932885907 0.05654761904761905
0 0.22231543624161074 0.11160714285714286 0.03859060402684564 0.06845238095238096
