0 0.1174496644295302 0.3125 0.03691275167785235 0.09523809523809523
0 0.8716442953020134 0.31547619047619047 0.03859060402684564 0.125
0 0.5645973154362416 0.36160714285714285 0.05536912751677853 0.11607142857142858
0 0.03942953020134228 0.375 0.04530201342281879 0.10119047619047619
0 0.040268456375838924 0.40476190476190477 0.04697986577181208 0.10119047619047619
0 0.015100671140939598 0.44047619047619047 0.026845637583892617 0.08928571428571429
0 0.1988255033557047 0.44345238095238093 0.03859060402684564 0.125
0 0.5486577181208053 0.44642857142857145 0.03691275167785235 0.10119047619047619
0 0.5125838926174496 0.46577380952380953 0.03859060402684564 0.09226190476190477
0 0.03607382550335571 0.5059523809523809 0.04530201342281879 0.10714285714285714
0 0.5360738255033557 0.5297619047619048 0.04194630872483222 0.11904761904761904
0 0.5016778523489933 0.5535714285714286 0.026845637583892617 0.10119047619047619
0 0.28523489932885904 0.5714285714285714 0.03355704697986577 0.1130952380952381
0 0.2684563758389262 0.5892857142857143 0.026845637583892617 0.10714285714285714
0 0.13003355704697986 0.6220238095238095 0.05201342281879195 0.10119047619047619
0 0.44211409395973156 0.6413690476190477 0.06208053691275168 0.11011904761904762
0 0.1912751677852349 0.06696428571428571 0.05704697986577181 0.11011904761904762
0 0.1174496644295302 0.6666666666666666 0.050335570469798654 0.08928571428571429
0 0.9656040268456376 0.6979166666666666 0.03859060402684564 0.11607142857142858
0 0.4286912751677852 0.07142857142857142 0.031879194630872486 0.08928571428571429
0 0.9454697986577181 0.7291666666666666 0.031879194630872486 0.10714285714285714
0 0.42197986577181207 0.7306547619047619 0.05201342281879195 0.09821428571428571
0 0.7843959731543624 0.7797619047619048 0.04194630872483222 0.13095238095238096
0 0.07298657718120806 0.8005952380952381 0.05536912751677853 0.1130952380952381
0 0.39932885906040266 0.8050595238095238 0.053691275167785234 0.13988095238095238
0 0.10654362416107382 0.9241071428571429 0.04530201342281879 0.10416666666666667
0 0.8011744966442953 0.10416666666666667 0.03523489932885906 0.125
0 0.42449664429530204 0.11458333333333333 0.030201342281879196 0.09821428571428571
0 0.38338926174496646 0.15029761904761904 0.03859060402684564 0.13988095238095238
0 0.3447986577181208 0.17261904761904762 0.02181208053691275 0.05952380952380952
0 0.2558724832214765 0.19345238095238096 0.031879194630872486 0.125
0 0.6451342281879194 0.20089285714285715 0.031879194630872486 0.11607142857142858
0 0.3573825503355705 0.21726190476190477 0.03355704697986577 0.10714285714285714
0 0.6124161073825504 0.22321428571428573 0.030201342281879196 0.1130952380952381
0 0.1342281879194631 0.24553571428571427 0.05704697986577181 0.12797619047619047
0 0.9018456375838926 0.25892857142857145 0.05201342281879195 0.13690476190476192
0 0.6669463087248322 0.27529761904761907 0.03859060402684564 0.11011904761904762
