0 0.09479865771812081 0.3020833333333333 0.04865771812080537 0.09226190476190477
0 0.8934563758389261 0.3229166666666667 0.03523489932885906 0.12202380952380952
0 0.5360738255033557 0.3645833333333333 0.04530201342281879 0.11607142857142858
0 0.06208053691275168 0.36904761904761907 0.053691275167785234 0.10119047619047619
0 0.5343959731543624 0.4270833333333333 0.03523489932885906 0.08035714285714286
0 0.20218120805369127 0.43898809523809523 0.04530201342281879 0.13988095238095238
0 0.511744966442953 0.4583333333333333 0.03355704697986577 0.09523809523809523
0 0.024328859060402684 0.4880952380952381 0.04865771812080537 0.11904761904761904
0 0.5335570469798657 0.5029761904761905 0.03355704697986577 0.11904761904761904
0 0.4974832214765101 0.5401785714285714 0.028523489932885907 0.09226190476190477
0 0.28104026845637586 0.5580357142857143 0.03523489932885906 0.11011904761904762
0 0.20721476510067113 0.05654761904761905 0.04530201342281879 0.09523809523809523
0 0.2651006711409396 0.5863095238095238 0.030201342281879196 0.10119047619047619
0 0.1644295302013423 0.6175595238095238 0.050335570469798654 0.10416666666666667
0 0.4848993288590604 0.6502976190476191 0.05704697986577181 0.11607142857142858
0 0.14681208053691275 0.6681547619047619 0.04194630872483222 0.09821428571428571
0 0.9840604026845637 0.6755952380952381 0.028523489932885907 0.07142857142857142
0 0.4521812080536913 0.7113095238095238 0.03859060402684564 0.10119047619047619
0 0.4286912751677852 0.07142857142857142 0.031879194630872486 0.09523809523809523
0 0.9832214765100671 0.7366071428571429 0.030201342281879196 0.11011904761904762
0 0.7869127516778524 0.7410714285714286 0.040268456375838924 0.11904761904761904
0 0.11493288590604027 0.7663690476190477 0.04530201342281879 0.05654761904761905
0 0.4278523489932886 0.7782738095238095 0.06375838926174497 0.11011904761904762
0 0.12332214765100671 0.9375 0.04530201342281879 0.10119047619047619
0 0.42197986577181207 0.11458333333333333 0.03859060402684564 0.11607142857142858
0 0.8380872483221476 0.125 0.031879194630872486 0.11904761904761904
0 0.401006711409396 0.1488095238095238 0.03355704697986577 0.1130952380952381
0 0.31543624161073824 0.17559523809523808 0.02348993288590604 0.07738095238095238
0 0.6434563758389261 0.1875 0.031879194630872486 0.10119047619047619
0 0.2348993288590604 0.20089285714285715 0.03355704697986577 0.12202380952380952
0 0.33053691275167785 0.21875 0.030201342281879196 0.11011904761904762
0 0.6149328859060402 0.22172619047619047 0.025167785234899327 0.12202380952380952
0 0.1098993288590604 0.23511904761904762 0.05201342281879195 0.1130952380952381
0 0.6644295302013423 0.26785714285714285 0.0436241610738255 0.1130952380952381
0 0.9186241610738255 0.2693452380952381 0.03859060402684564 0.13392857142857142