0 0.9395833333333333 0.2675925925925926 0.06041666666666667 0.10925925925925926
0 0.8098958333333334 0.2777777777777778 0.04479166666666667 0.1111111111111111
0 0.7604166666666666 0.30277777777777776 0.06041666666666667 0.1388888888888889
0 0.8729166666666667 0.3074074074074074 0.07291666666666667 0.12222222222222222
0 0.10989583333333333 0.32685185185185184 0.08229166666666667 0.12407407407407407
0 0.25677083333333334 0.337037037037037 0.06354166666666666 0.11481481481481481
0 0.7885416666666667 0.3527777777777778 0.04583333333333333 0.10555555555555556
0 0.6130208333333333 0.362962962962963 0.04479166666666667 0.1111111111111111
0 0.8098958333333334 0.39351851851851855 0.059375 0.11296296296296296
0 0.36614583333333334 0.43425925925925923 0.046875 0.10555555555555556
0 0.7526041666666666 0.4361111111111111 0.06354166666666666 0.13148148148148148
0 0.634375 0.46296296296296297 0.03333333333333333 0.11851851851851852
0 0.46979166666666666 0.5333333333333333 0.05416666666666667 0.12222222222222222
0 0.8536458333333333 0.5398148148148149 0.096875 0.12777777777777777
0 0.23958333333333334 0.5527777777777778 0.05625 0.09814814814814815
0 0.33489583333333334 0.5601851851851852 0.059375 0.10555555555555556
0 0.23802083333333332 0.6129629629629629 0.06770833333333333 0.08518518518518518
0 0.5380208333333333 0.6481481481481481 0.06145833333333333 0.12962962962962962
0 0.03854166666666667 0.07222222222222222 0.07708333333333334 0.14444444444444443