0 0.2125 0.24537037037037038 0.058333333333333334 0.11666666666666667
0 0.9046875 0.29444444444444445 0.071875 0.15555555555555556
0 0.10052083333333334 0.32592592592592595 0.06979166666666667 0.12222222222222222
0 0.9635416666666666 0.39351851851851855 0.07083333333333333 0.12407407407407407
0 0.22291666666666668 0.39537037037037037 0.06041666666666667 0.12407407407407407
0 0.8953125 0.44074074074074077 0.065625 0.12222222222222222
0 0.6869791666666667 0.4722222222222222 0.053125 0.1037037037037037
0 0.1671875 0.5 0.078125 0.10740740740740741
0 0.7682291666666666 0.6203703703703703 0.078125 0.1111111111111111
0 0.9104166666666667 0.65 0.09375 0.0962962962962963
0 0.8411458333333334 0.6833333333333333 0.06770833333333333 0.10740740740740741
0 0.6869791666666667 0.7203703703703703 0.078125 0.10740740740740741
0 0.071875 0.16203703703703703 0.06041666666666667 0.13148148148148148
0 0.16822916666666668 0.16574074074074074 0.059375 0.13518518518518519