0 0.28229166666666666 0.262037037037037 0.1 0.3685185185185185
0 0.043229166666666666 0.26944444444444443 0.08645833333333333 0.32407407407407407
0 0.94375 0.3138888888888889 0.11041666666666666 0.3574074074074074
0 0.8708333333333333 0.3351851851851852 0.13333333333333333 0.35555555555555557
0 0.3203125 0.3592592592592593 0.10729166666666666 0.28888888888888886
0 0.6385416666666667 0.3888888888888889 0.13125 0.4
0 0.8380208333333333 0.07037037037037037 0.040625 0.14074074074074075
0 0.06458333333333334 0.8148148148148148 0.12916666666666668 0.36666666666666664
0 0.715625 0.8166666666666667 0.2 0.362962962962963
0 0.8463541666666666 0.8916666666666667 0.17604166666666668 0.21296296296296297
0 0.3484375 0.15185185185185185 0.10520833333333333 0.3037037037037037