0 0.35098335854765506 0.48657407407407405 0.02723146747352496 0.04537037037037037
0 0.737518910741301 0.45 0.018154311649016642 0.05185185185185185
0 0.8286686838124054 0.4074074074074074 0.031013615733736764 0.06296296296296296
0 0.6592284417549168 0.7268518518518519 0.04462934947049924 0.08888888888888889
0 0.955748865355522 0.05462962962962963 0.023449319213313162 0.06481481481481481
0 0.33925869894099847 0.7861111111111111 0.029500756429652043 0.046296296296296294
0 0.989409984871407 0.7060185185185185 0.018154311649016642 0.06018518518518518
0 0.5204236006051437 0.8416666666666667 0.030257186081694403 0.04814814814814815
0 0.541981845688351 0.7375 0.0264750378214826 0.04722222222222222
0 0.981089258698941 0.3814814814814815 0.03479576399394856 0.04814814814814815
0 0.874054462934947 0.7217592592592592 0.040090771558245086 0.05462962962962963
0 0.15015128593040847 0.1712962962962963 0.029500756429652043 0.04814814814814815