0 0.480225988700565 0.8263888888888888 0.01977401129943503 0.028703703703703703
0 0.4046610169491525 0.45185185185185184 0.025423728813559324 0.06111111111111111
0 0.8845338983050848 0.2828703703703704 0.0346045197740113 0.03796296296296296
0 0.9745762711864406 0.2537037037037037 0.0423728813559322 0.046296296296296294
0 0.3531073446327684 0.7833333333333333 0.03389830508474576 0.03148148148148148
0 0.13241525423728814 0.8277777777777777 0.02754237288135593 0.044444444444444446
0 0.2740112994350282 0.5287037037037037 0.029661016949152543 0.05
0 0.1016949152542373 0.6689814814814815 0.025423728813559324 0.03425925925925926
0 0.3446327683615819 0.9064814814814814 0.01977401129943503 0.02962962962962963
0 0.2051553672316384 0.562037037037037 0.041666666666666664 0.04259259259259259
0 0.17266949152542374 0.6240740740740741 0.033192090395480225 0.044444444444444446
0 0.02754237288135593 0.13935185185185187 0.03672316384180791 0.03611111111111111
0 0.08545197740112995 0.6805555555555556 0.018361581920903956 0.03148148148148148
0 0.9611581920903954 0.6847222222222222 0.03248587570621469 0.026851851851851852
0 0.4502118644067797 0.8875 0.03177966101694915 0.03796296296296296
0 0.4272598870056497 0.9185185185185185 0.025423728813559324 0.02962962962962963
0 0.4166666666666667 0.7203703703703703 0.029661016949152543 0.03518518518518519
0 0.6483050847457628 0.8842592592592593 0.026836158192090395 0.03518518518518519
0 0.6772598870056498 0.8819444444444444 0.02824858757062147 0.03981481481481482