0 0.3066104078762307 0.5083333333333333 0.02250351617440225 0.03148148148148148
0 0.9760900140646976 0.5842592592592593 0.0450070323488045 0.06296296296296296
0 0.7260900140646976 0.9342592592592592 0.02180028129395218 0.037037037037037035
0 0.49331926863572434 0.4388888888888889 0.023206751054852322 0.02962962962962963
0 0.5073839662447257 0.3365740740740741 0.020393811533052038 0.03796296296296296
0 0.5295358649789029 0.26666666666666666 0.01828410689170183 0.03518518518518519
0 0.16420534458509142 0.4564814814814815 0.020393811533052038 0.03518518518518519
0 0.27039381153305203 0.04537037037037037 0.02180028129395218 0.02962962962962963
0 0.5488748241912799 0.2708333333333333 0.014767932489451477 0.026851851851851852
0 0.5488748241912799 0.29212962962962963 0.017580872011251757 0.023148148148148147
0 0.29535864978902954 0.028703703703703703 0.02250351617440225 0.02962962962962963
0 0.5689170182841069 0.2898148148148148 0.02531645569620253 0.03148148148148148
0 0.7148382559774965 0.837037037037037 0.04149085794655415 0.05185185185185185
0 0.26476793248945146 0.037037037037037035 0.030239099859353025 0.053703703703703705
0 0.6329113924050633 0.9819444444444444 0.03656821378340366 0.025
0 0.169831223628692 0.47962962962962963 0.03164556962025317 0.03148148148148148
0 0.9767932489451476 0.20972222222222223 0.02109704641350211 0.058333333333333334
0 0.9901547116736991 0.20046296296296295 0.014064697609001406 0.06388888888888888