0 0.7421875 0.20885416666666667 0.0921875 0.14895833333333333
0 0.753125 0.36041666666666666 0.1046875 0.14583333333333334
0 0.748046875 0.4609375 0.10546875 0.09479166666666666
0 0.69375 0.6697916666666667 0.096875 0.14479166666666668
0 0.759765625 0.5786458333333333 0.0890625 0.08229166666666667
0 0.617578125 0.40677083333333336 0.0671875 0.109375
0 0.626953125 0.5166666666666667 0.09609375 0.09895833333333333
0 0.549609375 0.45416666666666666 0.0703125 0.11979166666666667
0 0.5015625 0.5302083333333333 0.0515625 0.10833333333333334
0 0.3890625 0.5822916666666667 0.0671875 0.103125
0 0.24765625 0.6328125 0.10390625 0.109375
0 0.11796875 0.6140625 0.1484375 0.12083333333333333
0 0.073828125 0.18229166666666666 0.07265625 0.1
0 0.26640625 0.5130208333333334 0.11171875 0.115625
0 0.868359375 0.48333333333333334 0.10078125 0.125
0 0.95078125 0.43802083333333336 0.0953125 0.09583333333333334
0 0.4984375 0.27760416666666665 0.084375 0.13854166666666667
0 0.40390625 0.46927083333333336 0.096875 0.11145833333333334