0 0.68984375 0.3546875 0.1015625 0.10520833333333333
0 0.68203125 0.48541666666666666 0.10390625 0.1125
0 0.78984375 0.30520833333333336 0.0484375 0.08020833333333334
0 0.49921875 0.5947916666666667 0.0734375 0.15104166666666666
0 0.08359375 0.34270833333333334 0.10078125 0.103125
0 0.25390625 0.4239583333333333 0.10078125 0.13333333333333333
0 0.08984375 0.465625 0.1359375 0.1
0 0.388671875 0.47239583333333335 0.07890625 0.12604166666666666
0 0.505859375 0.4078125 0.07734375 0.13645833333333332
0 0.33515625 0.5484375 0.08671875 0.09166666666666666
0 0.2625 0.8052083333333333 0.0828125 0.15104166666666666
0 0.419140625 0.6875 0.08515625 0.15