0 0.291796875 0.14427083333333332 0.09453125 0.084375
0 0.284375 0.3390625 0.0765625 0.11354166666666667
0 0.559375 0.6140625 0.06171875 0.10833333333333334
0 0.659765625 0.8817708333333333 0.09140625 0.16145833333333334
0 0.755859375 0.8708333333333333 0.09921875 0.16354166666666667
0 0.884375 0.9307291666666667 0.12421875 0.13854166666666667
0 0.406640625 0.9401041666666666 0.084375 0.11354166666666667
0 0.53984375 0.9125 0.0671875 0.09895833333333333
0 0.25234375 0.9177083333333333 0.065625 0.16458333333333333
0 0.319140625 0.8640625 0.06484375 0.165625
0 0.390625 0.8364583333333333 0.0546875 0.128125
0 0.17421875 0.8744791666666667 0.1109375 0.16770833333333332
0 0.553125 0.7953125 0.09765625 0.13854166666666667