0 0.68984375 0.17239583333333333 0.0703125 0.16354166666666667
0 0.77109375 0.19010416666666666 0.09140625 0.13020833333333334
0 0.373046875 0.4942708333333333 0.08203125 0.15520833333333334
0 0.365234375 0.6088541666666667 0.1109375 0.11145833333333334
0 0.45546875 0.6286458333333333 0.084375 0.125
0 0.49375 0.4979166666666667 0.0765625 0.12083333333333333
0 0.577734375 0.45260416666666664 0.06953125 0.16354166666666667
0 0.6390625 0.42291666666666666 0.065625 0.14583333333333334
0 0.223828125 0.571875 0.1375 0.096875
0 0.91171875 0.5546875 0.159375 0.115625
0 0.88359375 0.3963541666666667 0.1484375 0.10104166666666667
0 0.704296875 0.4583333333333333 0.07890625 0.08854166666666667
0 0.698828125 0.55 0.13828125 0.09479166666666666
0 0.26171875 0.49375 0.1046875 0.109375
0 0.12734375 0.5067708333333333 0.1375 0.08333333333333333