0 0.38125 0.42239583333333336 0.08125 0.096875
0 0.489453125 0.5104166666666666 0.08359375 0.17083333333333334
0 0.15078125 0.45208333333333334 0.1390625 0.14583333333333334
0 0.6921875 0.42552083333333335 0.1140625 0.115625
0 0.758203125 0.5291666666666667 0.11640625 0.11145833333333334
0 0.6015625 0.484375 0.0953125 0.13645833333333332
0 0.748046875 0.20677083333333332 0.121875 0.15416666666666667
0 0.05234375 0.4161458333333333 0.1046875 0.115625
0 0.090234375 0.5838541666666667 0.16015625 0.12916666666666668
0 0.254296875 0.5041666666666667 0.12421875 0.14479166666666668
0 0.358984375 0.54375 0.11171875 0.12604166666666666
0 0.745703125 0.6526041666666667 0.14609375 0.13333333333333333
0 0.84375 0.4484375 0.1265625 0.13645833333333332
0 0.58828125 0.6229166666666667 0.121875 0.140625