0 0.76015625 0.18229166666666666 0.09375 0.15520833333333334
0 0.08046875 0.20572916666666666 0.075 0.09270833333333334
0 0.74140625 0.3640625 0.1359375 0.121875
0 0.866015625 0.4661458333333333 0.11171875 0.12395833333333334
0 0.7453125 0.45989583333333334 0.10546875 0.11145833333333334
0 0.258984375 0.5302083333333333 0.11640625 0.10520833333333333
0 0.6171875 0.5166666666666667 0.09921875 0.08854166666666667
0 0.35859375 0.4505208333333333 0.0828125 0.109375
0 0.35625 0.5828125 0.084375 0.12916666666666668
0 0.454296875 0.5223958333333333 0.07421875 0.125
0 0.10390625 0.596875 0.159375 0.10520833333333333
0 0.5140625 0.43125 0.0734375 0.140625
0 0.240625 0.63125 0.09921875 0.084375
0 0.5890625 0.40625 0.06875 0.10729166666666666
0 0.68203125 0.6630208333333333 0.109375 0.1375
0 0.755859375 0.5869791666666667 0.10078125 0.10416666666666667