0 0.752734375 0.19427083333333334 0.0828125 0.146875
0 0.595703125 0.4348958333333333 0.07578125 0.146875
0 0.4484375 0.3953125 0.09375 0.134375
0 0.36171875 0.45260416666666664 0.0875 0.11979166666666667
0 0.048828125 0.18020833333333333 0.09140625 0.12395833333333334
0 0.23984375 0.46979166666666666 0.078125 0.103125
0 0.24296875 0.5614583333333333 0.11328125 0.128125
0 0.169140625 0.5244791666666667 0.08046875 0.14270833333333333
0 0.090625 0.5723958333333333 0.084375 0.1
0 0.680078125 0.4166666666666667 0.07578125 0.1
0 0.68515625 0.5098958333333333 0.10390625 0.09479166666666666
0 0.79296875 0.47552083333333334 0.11875 0.140625
0 0.860546875 0.6088541666666667 0.15859375 0.10729166666666666
0 0.921875 0.4276041666666667 0.14375 0.14166666666666666
0 0.7265625 0.6979166666666666 0.1125 0.15104166666666666
0 0.396875 0.5916666666666667 0.0984375 0.14166666666666666