0 0.584765625 0.40729166666666666 0.078125 0.15729166666666666
0 0.659375 0.409375 0.06171875 0.16770833333333332
0 0.5984375 0.1203125 0.0859375 0.178125
0 0.16796875 0.6442708333333333 0.1140625 0.17395833333333333
0 0.108203125 0.43854166666666666 0.08984375 0.12395833333333334
0 0.52578125 0.715625 0.0859375 0.16354166666666667
0 0.930859375 0.11614583333333334 0.090625 0.15416666666666667
0 0.250390625 0.10364583333333334 0.11796875 0.16979166666666667
0 0.19765625 0.4552083333333333 0.09296875 0.12916666666666668
0 0.96484375 0.7572916666666667 0.0640625 0.15520833333333334
0 0.90390625 0.553125 0.1109375 0.125
0 0.182421875 0.3171875 0.08359375 0.115625
0 0.111328125 0.3067708333333333 0.06171875 0.10520833333333333
0 0.087890625 0.9057291666666667 0.13203125 0.16979166666666667
0 0.067578125 0.0859375 0.13515625 0.16354166666666667
0 0.166015625 0.11197916666666667 0.05078125 0.09895833333333333