0 0.584765625 0.4078125 0.078125 0.15729166666666666
0 0.66015625 0.4161458333333333 0.06171875 0.16770833333333332
0 0.90078125 0.5536458333333333 0.1046875 0.14479166666666668
0 0.90234375 0.7421875 0.1046875 0.17083333333333334
0 0.21640625 0.06354166666666666 0.1203125 0.12395833333333334
0 0.59765625 0.1203125 0.0859375 0.178125
0 0.178125 0.65 0.1140625 0.17395833333333333
0 0.17421875 0.32395833333333335 0.0796875 0.11770833333333333
0 0.188671875 0.44635416666666666 0.115625 0.11770833333333333
0 0.094921875 0.45416666666666666 0.08984375 0.12395833333333334
0 0.115234375 0.3140625 0.05078125 0.1375
0 0.156640625 0.8734375 0.14140625 0.184375
0 0.52578125 0.7151041666666667 0.0859375 0.16354166666666667
0 0.931640625 0.11458333333333333 0.090625 0.15416666666666667