0 0.691015625 0.33697916666666666 0.10703125 0.13333333333333333
0 0.779296875 0.3307291666666667 0.0609375 0.125
0 0.68828125 0.4828125 0.0984375 0.115625
0 0.15703125 0.3578125 0.11953125 0.10833333333333334
0 0.362109375 0.5526041666666667 0.1109375 0.11666666666666667
0 0.513671875 0.44635416666666666 0.08671875 0.1375
0 0.279296875 0.39375 0.10078125 0.14583333333333334
0 0.503125 0.6041666666666666 0.0875 0.15416666666666667
0 0.691015625 0.33697916666666666 0.10703125 0.13333333333333333
0 0.779296875 0.3307291666666667 0.0609375 0.125
0 0.68828125 0.4828125 0.0984375 0.115625
0 0.15703125 0.3578125 0.11953125 0.10833333333333334
0 0.362109375 0.5526041666666667 0.1109375 0.11666666666666667
0 0.513671875 0.44635416666666666 0.08671875 0.1375
0 0.279296875 0.39375 0.10078125 0.14583333333333334
0 0.503125 0.6041666666666666 0.0875 0.15416666666666667
0 0.40234375 0.38645833333333335 0.11875 0.13333333333333333
0 0.051171875 0.36041666666666666 0.09296875 0.12395833333333334
0 0.151953125 0.43020833333333336 0.15546875 0.09270833333333334