0 0.691015625 0.33645833333333336 0.10703125 0.13333333333333333
0 0.687109375 0.4822916666666667 0.0984375 0.115625
0 0.691015625 0.33645833333333336 0.10703125 0.13333333333333333
0 0.687109375 0.4822916666666667 0.0984375 0.115625
0 0.78671875 0.29322916666666665 0.07890625 0.11354166666666667
0 0.08359375 0.3296875 0.15 0.109375
0 0.080859375 0.41770833333333335 0.14765625 0.09270833333333334
0 0.342578125 0.371875 0.10078125 0.13020833333333334
0 0.451953125 0.4005208333333333 0.07421875 0.1125
0 0.476953125 0.5578125 0.08984375 0.159375
0 0.56171875 0.6026041666666667 0.078125 0.13645833333333332
0 0.359765625 0.5479166666666667 0.11953125 0.12916666666666668
0 0.21015625 0.3953125 0.1421875 0.115625