0 0.691015625 0.33697916666666666 0.10703125 0.13333333333333333
0 0.69375 0.4708333333333333 0.0984375 0.115625
0 0.691015625 0.33697916666666666 0.10703125 0.13333333333333333
0 0.69375 0.4708333333333333 0.0984375 0.115625
0 0.4984375 0.6057291666666667 0.0875 0.15416666666666667
0 0.78671875 0.29322916666666665 0.07890625 0.11354166666666667
0 0.2578125 0.4192708333333333 0.1203125 0.128125
0 0.25546875 0.7953125 0.115625 0.17916666666666667
0 0.4265625 0.7645833333333333 0.1140625 0.14583333333333334
0 0.1234375 0.4265625 0.1484375 0.13645833333333332
0 0.136328125 0.325 0.13515625 0.10520833333333333
0 0.391796875 0.4359375 0.09921875 0.10833333333333334
0 0.514453125 0.44635416666666666 0.07734375 0.14270833333333333
0 0.36328125 0.5515625 0.1109375 0.121875