0 0.75703125 0.1953125 0.09375 0.15520833333333334
0 0.080859375 0.20052083333333334 0.075 0.09270833333333334
0 0.372265625 0.6161458333333333 0.09765625 0.0875
0 0.371484375 0.5208333333333334 0.0875 0.10520833333333333
0 0.47578125 0.4578125 0.078125 0.090625
0 0.6140625 0.4296875 0.0828125 0.109375
0 0.75546875 0.6635416666666667 0.09140625 0.121875
0 0.80078125 0.3723958333333333 0.1171875 0.13645833333333332
0 0.808984375 0.49635416666666665 0.1140625 0.10520833333333333
0 0.932421875 0.4625 0.13203125 0.09166666666666666
0 0.462890625 0.5901041666666667 0.08125 0.11145833333333334
0 0.808984375 0.6088541666666667 0.103125 0.109375
0 0.558203125 0.5083333333333333 0.07421875 0.103125
0 0.176171875 0.5958333333333333 0.16953125 0.103125
0 0.690625 0.521875 0.0859375 0.10416666666666667
0 0.676953125 0.3885416666666667 0.07890625 0.12395833333333334