0 0.584765625 0.40729166666666666 0.078125 0.15729166666666666
0 0.661328125 0.4161458333333333 0.06171875 0.16770833333333332
0 0.92734375 0.1390625 0.1046875 0.15520833333333334
0 0.900390625 0.5536458333333333 0.1046875 0.14479166666666668
0 0.90234375 0.7427083333333333 0.1046875 0.17083333333333334
0 0.21640625 0.06302083333333333 0.1203125 0.12395833333333334
0 0.59765625 0.11666666666666667 0.0859375 0.178125
0 0.178125 0.6494791666666667 0.1140625 0.17395833333333333
0 0.1765625 0.32395833333333335 0.0796875 0.11770833333333333
0 0.205859375 0.45989583333333334 0.115625 0.11770833333333333
0 0.519921875 0.7369791666666666 0.09609375 0.14583333333333334
0 0.096875 0.4473958333333333 0.08984375 0.12395833333333334
0 0.169140625 0.8458333333333333 0.14375 0.178125
0 0.105078125 0.3109375 0.059375 0.14583333333333334