0 0.73828125 0.615625 0.1375 0.146875
0 0.758203125 0.44427083333333334 0.10859375 0.125
0 0.873046875 0.42864583333333334 0.11484375 0.12395833333333334
0 0.871875 0.653125 0.15234375 0.16666666666666666
0 0.112890625 0.41822916666666665 0.11015625 0.121875
0 0.63828125 0.4473958333333333 0.1 0.16979166666666667
0 0.225390625 0.42916666666666664 0.13515625 0.13333333333333333
0 0.47734375 0.5192708333333333 0.1 0.10104166666666667
0 0.466015625 0.4015625 0.10703125 0.121875
0 0.332421875 0.49635416666666665 0.1265625 0.13229166666666667
0 0.170703125 0.5625 0.14609375 0.103125
0 0.766796875 0.20572916666666666 0.10390625 0.16145833333333334