0 0.68828125 0.15833333333333333 0.0890625 0.15520833333333334
0 0.760546875 0.17552083333333332 0.0390625 0.14166666666666666
0 0.81484375 0.18229166666666666 0.0640625 0.13020833333333334
0 0.631640625 0.42291666666666666 0.08359375 0.14270833333333333
0 0.56484375 0.5453125 0.0828125 0.14166666666666666
0 0.806640625 0.5317708333333333 0.125 0.109375
0 0.211328125 0.4322916666666667 0.10390625 0.11354166666666667
0 0.808203125 0.4114583333333333 0.11171875 0.10729166666666666
0 0.728125 0.496875 0.0875 0.13854166666666667
0 0.299609375 0.4473958333333333 0.07578125 0.14479166666666668
0 0.07734375 0.48541666666666666 0.1421875 0.1125
0 0.35 0.4 0.0734375 0.146875
0 0.923046875 0.3692708333333333 0.09296875 0.13854166666666667
0 0.324609375 0.6083333333333333 0.11328125 0.15
0 0.428515625 0.5265625 0.09296875 0.146875
0 0.533203125 0.39791666666666664 0.08515625 0.13229166666666667
0 0.41015625 0.36041666666666666 0.0796875 0.14270833333333333
0 0.103125 0.6494791666666667 0.165625 0.12916666666666668