0 0.12578125 0.05 0.05703125 0.1
0 0.584765625 0.40729166666666666 0.078125 0.15729166666666666
0 0.66015625 0.4161458333333333 0.06171875 0.16770833333333332
0 0.9 0.5536458333333333 0.1046875 0.14479166666666668
0 0.901953125 0.7411458333333333 0.1046875 0.17083333333333334
0 0.59765625 0.1203125 0.0859375 0.178125
0 0.178515625 0.6505208333333333 0.1140625 0.17395833333333333
0 0.096875 0.4578125 0.08984375 0.12395833333333334
0 0.108984375 0.3229166666666667 0.05078125 0.1375
0 0.52578125 0.715625 0.0859375 0.16354166666666667
0 0.932421875 0.11458333333333333 0.090625 0.15416666666666667
0 0.1734375 0.4666666666666667 0.09609375 0.13854166666666667
0 0.18203125 0.14635416666666667 0.128125 0.15416666666666667
0 0.180859375 0.33125 0.078125 0.11145833333333334
0 0.122265625 0.8744791666666667 0.13828125 0.1625