0 0.584765625 0.40729166666666666 0.078125 0.15729166666666666
0 0.662109375 0.4161458333333333 0.06171875 0.16770833333333332
0 0.919921875 0.10833333333333334 0.1046875 0.15520833333333334
0 0.901171875 0.5541666666666667 0.1046875 0.14479166666666668
0 0.903515625 0.7453125 0.1046875 0.17083333333333334
0 0.21640625 0.06302083333333333 0.1203125 0.12395833333333334
0 0.125 0.05 0.06171875 0.1
0 0.18359375 0.3302083333333333 0.08125 0.10416666666666667
0 0.351953125 0.9166666666666666 0.11015625 0.16354166666666667
0 0.59765625 0.11666666666666667 0.0859375 0.178125
0 0.189453125 0.45 0.109375 0.13645833333333332
0 0.17890625 0.6515625 0.1140625 0.17395833333333333
0 0.101953125 0.47604166666666664 0.06953125 0.15416666666666667
0 0.52890625 0.7020833333333333 0.1078125 0.17604166666666668
0 0.101953125 0.30572916666666666 0.06640625 0.146875