0 0.584765625 0.40729166666666666 0.078125 0.15729166666666666
0 0.67109375 0.41510416666666666 0.06171875 0.16770833333333332
0 0.59921875 0.121875 0.0859375 0.178125
0 0.16640625 0.6458333333333334 0.1140625 0.17395833333333333
0 0.52578125 0.715625 0.0859375 0.16354166666666667
0 0.926953125 0.115625 0.090625 0.15416666666666667
0 0.96953125 0.7515625 0.0609375 0.15520833333333334
0 0.9078125 0.553125 0.1109375 0.125
0 0.13984375 0.12604166666666666 0.05078125 0.09895833333333333
0 0.09921875 0.4546875 0.07578125 0.12916666666666668
0 0.326953125 0.3515625 0.065625 0.11145833333333334
0 0.121875 0.3223958333333333 0.04375 0.1
0 0.2234375 0.34427083333333336 0.140625 0.16979166666666667
0 0.189453125 0.45989583333333334 0.09609375 0.1
0 0.22265625 0.12708333333333333 0.115625 0.15729166666666666
0 0.05078125 0.0984375 0.1 0.11979166666666667
0 0.89921875 0.7546875 0.0828125 0.12604166666666666
0 0.14375 0.9286458333333333 0.1328125 0.1375