0 0.750390625 0.20833333333333334 0.08984375 0.15104166666666666
0 0.16171875 0.39166666666666666 0.146875 0.175
0 0.37421875 0.44427083333333334 0.0828125 0.15833333333333333
0 0.271484375 0.43020833333333336 0.11640625 0.13645833333333332
0 0.292578125 0.621875 0.159375 0.15416666666666667
0 0.44375 0.5203125 0.090625 0.10104166666666667
0 0.61953125 0.4395833333333333 0.0828125 0.16770833333333332
0 0.46953125 0.6635416666666667 0.125 0.14583333333333334
0 0.501953125 0.45 0.07421875 0.15520833333333334
0 0.768359375 0.48125 0.11484375 0.12916666666666668
0 0.691796875 0.37447916666666664 0.09921875 0.1375
0 0.914453125 0.45 0.16328125 0.096875