0 0.701953125 0.18020833333333333 0.07578125 0.15416666666666667
0 0.40859375 0.4666666666666667 0.07421875 0.134375
0 0.666015625 0.4744791666666667 0.08203125 0.134375
0 0.753515625 0.378125 0.09921875 0.08333333333333333
0 0.47578125 0.48802083333333335 0.071875 0.115625
0 0.832421875 0.5994791666666667 0.11015625 0.10416666666666667
0 0.811328125 0.5067708333333333 0.10703125 0.103125
0 0.52734375 0.41875 0.06484375 0.10104166666666667
0 0.796484375 0.1703125 0.0609375 0.10833333333333334
0 0.350390625 0.6255208333333333 0.090625 0.15729166666666666
0 0.7296875 0.44375 0.0625 0.07083333333333333
0 0.565625 0.3411458333333333 0.078125 0.134375
0 0.7171875 0.5791666666666667 0.11875 0.10729166666666666
0 0.243359375 0.4432291666666667 0.11796875 0.13854166666666667
0 0.322265625 0.5109375 0.07421875 0.096875
0 0.11875 0.5192708333333333 0.1484375 0.11145833333333334
0 0.5734375 0.4786458333333333 0.05625 0.09270833333333334