0 0.584765625 0.40729166666666666 0.078125 0.15729166666666666
0 0.661328125 0.4161458333333333 0.06171875 0.16770833333333332
0 0.90078125 0.5536458333333333 0.1046875 0.14479166666666668
0 0.90234375 0.74375 0.1046875 0.17083333333333334
0 0.21640625 0.06302083333333333 0.1203125 0.12395833333333334
0 0.59765625 0.11822916666666666 0.0859375 0.178125
0 0.177734375 0.65 0.1140625 0.17395833333333333
0 0.17421875 0.32447916666666665 0.0796875 0.11770833333333333
0 0.1890625 0.44583333333333336 0.115625 0.11770833333333333
0 0.090625 0.465625 0.08984375 0.12395833333333334
0 0.114453125 0.3145833333333333 0.05078125 0.1375
0 0.152734375 0.8838541666666667 0.14140625 0.184375
0 0.52578125 0.7151041666666667 0.0859375 0.16354166666666667
0 0.931640625 0.11458333333333333 0.090625 0.15416666666666667