0 0.29296875 0.33177083333333335 0.1125 0.14479166666666668
0 0.565234375 0.6166666666666667 0.096875 0.16145833333333334
0 0.670703125 0.8911458333333333 0.09453125 0.17604166666666668
0 0.759765625 0.8723958333333334 0.0921875 0.14166666666666666
0 0.89765625 0.9109375 0.11875 0.16354166666666667
0 0.30625 0.146875 0.09140625 0.12083333333333333
0 0.55234375 0.7901041666666667 0.09921875 0.16145833333333334
0 0.168359375 0.8703125 0.11015625 0.14895833333333333
0 0.314453125 0.8791666666666667 0.07890625 0.18854166666666666
0 0.5375 0.9166666666666666 0.05625 0.10833333333333334
0 0.37265625 0.8125 0.0734375 0.13333333333333333
0 0.389453125 0.9328125 0.08984375 0.11770833333333333