0 0.92578125 0.10208333333333333 0.103125 0.159375
0 0.584375 0.4166666666666667 0.084375 0.16979166666666667
0 0.669921875 0.4114583333333333 0.0796875 0.175
0 0.9078125 0.5427083333333333 0.1 0.14479166666666668
0 0.894921875 0.7505208333333333 0.1140625 0.190625
0 0.531640625 0.7026041666666667 0.07421875 0.153125
0 0.171484375 0.6463541666666667 0.1046875 0.13854166666666667
0 0.094921875 0.46770833333333334 0.078125 0.12604166666666666
0 0.1890625 0.125 0.10390625 0.121875
0 0.266015625 0.159375 0.06484375 0.11354166666666667
0 0.2578125 0.3807291666666667 0.1171875 0.146875
0 0.158984375 0.9265625 0.14296875 0.134375
0 0.119140625 0.3098958333333333 0.0515625 0.08854166666666667
0 0.12734375 0.1453125 0.065625 0.10104166666666667
0 0.178515625 0.3609375 0.05078125 0.09479166666666666
0 0.03984375 0.1203125 0.0796875 0.15416666666666667
0 0.1890625 0.46822916666666664 0.0859375 0.11145833333333334
0 0.60078125 0.11927083333333334 0.0859375 0.15833333333333333