0 0.696484375 0.17864583333333334 0.07578125 0.15416666666666667
0 0.780078125 0.1953125 0.0796875 0.10520833333333333
0 0.41328125 0.3848958333333333 0.0671875 0.11666666666666667
0 0.3703125 0.4744791666666667 0.0859375 0.11145833333333334
0 0.564453125 0.46822916666666664 0.07578125 0.11354166666666667
0 0.169921875 0.6755208333333333 0.13828125 0.11979166666666667
0 0.66015625 0.44427083333333334 0.065625 0.06666666666666667
0 0.651953125 0.38697916666666665 0.08828125 0.09479166666666666
0 0.749609375 0.6098958333333333 0.1015625 0.10416666666666667
0 0.91875 0.5859375 0.1171875 0.125
0 0.8140625 0.4828125 0.0859375 0.12916666666666668
0 0.1765625 0.47239583333333335 0.1390625 0.08020833333333334
0 0.13515625 0.5645833333333333 0.12890625 0.07604166666666666
0 0.7203125 0.5109375 0.096875 0.10520833333333333
0 0.64453125 0.6135416666666667 0.1 0.12604166666666666
0 0.475 0.3541666666666667 0.084375 0.11979166666666667
0 0.46640625 0.47552083333333334 0.0765625 0.109375