0 0.584765625 0.40729166666666666 0.078125 0.15729166666666666
0 0.659375 0.415625 0.06171875 0.16770833333333332
0 0.9 0.5541666666666667 0.1046875 0.14479166666666668
0 0.901953125 0.7416666666666667 0.1046875 0.17083333333333334
0 0.598046875 0.1203125 0.0859375 0.178125
0 0.178515625 0.6505208333333333 0.1140625 0.17395833333333333
0 0.11015625 0.48802083333333335 0.08984375 0.12395833333333334
0 0.108984375 0.3229166666666667 0.05078125 0.1375
0 0.52578125 0.715625 0.0859375 0.16354166666666667
0 0.928515625 0.11458333333333333 0.090625 0.15416666666666667
0 0.18125 0.4671875 0.09609375 0.13854166666666667
0 0.188671875 0.3328125 0.078125 0.11145833333333334
0 0.124609375 0.9036458333333334 0.14609375 0.14895833333333333
0 0.181640625 0.12760416666666666 0.11953125 0.153125