0 0.63828125 0.6416666666666667 0.13046875 0.12604166666666666
0 0.750390625 0.20833333333333334 0.08984375 0.15104166666666666
0 0.212890625 0.4432291666666667 0.12421875 0.11979166666666667
0 0.19921875 0.5307291666666667 0.11484375 0.09166666666666666
0 0.31875 0.440625 0.109375 0.175
0 0.6546875 0.5348958333333333 0.0875 0.1
0 0.75859375 0.4744791666666667 0.13359375 0.121875
0 0.88046875 0.4119791666666667 0.1140625 0.12916666666666668
0 0.430078125 0.4276041666666667 0.08359375 0.14479166666666668
0 0.562109375 0.43802083333333336 0.07265625 0.1375
0 0.463671875 0.6270833333333333 0.11640625 0.19270833333333334