0 0.7963541666666667 0.20462962962962963 0.07395833333333333 0.15
0 0.21041666666666667 0.20555555555555555 0.05 0.12222222222222222
0 0.29322916666666665 0.23703703703703705 0.03854166666666667 0.12962962962962962
0 0.3333333333333333 0.24259259259259258 0.05 0.13333333333333333
0 0.7296875 0.2777777777777778 0.065625 0.11481481481481481
0 0.496875 0.2796296296296296 0.0625 0.12962962962962962
0 0.3151041666666667 0.30925925925925923 0.040625 0.1111111111111111
0 0.37604166666666666 0.3333333333333333 0.052083333333333336 0.1037037037037037
0 0.9390625 0.36574074074074076 0.06979166666666667 0.09074074074074075
0 0.36770833333333336 0.39537037037037037 0.041666666666666664 0.12777777777777777
0 0.5484375 0.3972222222222222 0.053125 0.14629629629629629
0 0.11510416666666666 0.42407407407407405 0.057291666666666664 0.11481481481481481
0 0.9453125 0.42407407407407405 0.057291666666666664 0.1037037037037037
0 0.2078125 0.48703703703703705 0.06145833333333333 0.11481481481481481
0 0.41458333333333336 0.49166666666666664 0.06666666666666667 0.10185185185185185
0 0.31979166666666664 0.4962962962962963 0.06458333333333334 0.1037037037037037
0 0.7182291666666667 0.05185185185185185 0.040625 0.1037037037037037
0 0.9395833333333333 0.6444444444444445 0.07708333333333334 0.1037037037037037
0 0.7932291666666667 0.06574074074074074 0.046875 0.10555555555555556
0 0.8223958333333333 0.6703703703703704 0.07604166666666666 0.12222222222222222
0 0.5947916666666667 0.675 0.058333333333333334 0.09814814814814815
0 0.3802083333333333 0.6888888888888889 0.07708333333333334 0.1111111111111111
0 0.16666666666666666 0.700925925925926 0.06666666666666667 0.12037037037037036
0 0.42083333333333334 0.07222222222222222 0.03125 0.13703703703703704
0 0.8447916666666667 0.7453703703703703 0.06458333333333334 0.10555555555555556
0 0.6135416666666667 0.7462962962962963 0.05625 0.08518518518518518
0 0.3921875 0.7537037037037037 0.08229166666666667 0.09259259259259259
0 0.38958333333333334 0.07685185185185185 0.035416666666666666 0.09814814814814815
0 0.9072916666666667 0.7870370370370371 0.07708333333333334 0.12222222222222222
0 0.09895833333333333 0.7962962962962963 0.0875 0.12962962962962962
0 0.3828125 0.8796296296296297 0.071875 0.09259259259259259
0 0.07135416666666666 0.9157407407407407 0.09270833333333334 0.09814814814814815
0 0.37916666666666665 0.9435185185185185 0.052083333333333336 0.07962962962962963
0 0.8088541666666667 0.11666666666666667 0.046875 0.10740740740740741
0 0.23802083333333332 0.12314814814814815 0.059375 0.12777777777777777
0 0.9453125 0.12685185185185185 0.07604166666666666 0.10555555555555556
0 0.21302083333333333 0.15555555555555556 0.051041666666666666 0.13703703703703704
0 0.9578125 0.1675925925925926 0.065625 0.12037037037037036