0 0.6199442119944212 0.44061757719714967 0.02789400278940028 0.04513064133016627
0 0.5798465829846583 0.7880047505938242 0.038354253835425386 0.05344418052256532
0 0.5467224546722455 0.7862232779097387 0.030683403068340307 0.0498812351543943
0 0.1300557880055788 0.43646080760095013 0.0299860529986053 0.05344418052256532
0 0.5 0.7903800475059383 0.029288702928870293 0.03681710213776722
0 0.18549511854951187 0.7036817102137767 0.02510460251046025 0.048693586698337295
0 0.3800557880055788 0.47565320665083133 0.02510460251046025 0.04631828978622328
0 0.43688981868898186 0.6258907363420427 0.024407252440725245 0.028503562945368172
0 0.46582984658298465 0.6383610451306413 0.03626220362622036 0.04631828978622328
0 0.7880055788005579 0.7505938242280285 0.03626220362622036 0.05463182897862233
0 0.5658995815899581 0.05344418052256532 0.024407252440725245 0.04513064133016627
0 0.9476987447698745 0.20665083135391923 0.02789400278940028 0.047505938242280284
0 0.9205020920502092 0.27315914489311166 0.02092050209205021 0.047505938242280284
0 0.4860529986052999 0.2814726840855107 0.026499302649930265 0.05938242280285035
0 0.5397489539748954 0.024346793349168647 0.030683403068340307 0.04631828978622328
0 0.7405857740585774 0.7001187648456056 0.03347280334728033 0.05819477434679335
0 0.5509065550906556 0.6460807600950119 0.03347280334728033 0.0498812351543943
0 0.5146443514644351 0.09619952494061758 0.03626220362622036 0.04275534441805225
0 0.08926080892608089 0.7381235154394299 0.029288702928870293 0.04631828978622328
0 0.23640167364016737 0.6918052256532067 0.026499302649930265 0.05819477434679335