0 0.513771186440678 0.6731283422459893 0.033192090395480225 0.07352941176470588
0 0.5554378531073446 0.9137700534759359 0.036016949152542374 0.06283422459893048
0 0.5342514124293786 0.23462566844919786 0.03036723163841808 0.06283422459893048
0 0.557909604519774 0.22259358288770054 0.031073446327683617 0.05481283422459893
0 0.676906779661017 0.12433155080213903 0.03742937853107345 0.06684491978609626
0 0.8580508474576272 0.8542780748663101 0.031073446327683617 0.06417112299465241
0 0.3223870056497175 0.2887700534759358 0.028954802259887006 0.045454545454545456
0 0.2997881355932203 0.2747326203208556 0.024717514124293787 0.07085561497326204
0 0.18608757062146894 0.33088235294117646 0.03884180790960452 0.05481283422459893
0 0.3206214689265537 0.3201871657754011 0.025423728813559324 0.05481283422459893
0 0.15007062146892655 0.7433155080213903 0.04590395480225989 0.058823529411764705
0 0.6175847457627118 0.9137700534759359 0.03036723163841808 0.05481283422459893