0 0.5536723163841808 0.14705882352941177 0.022598870056497175 0.053475935828877004
0 0.5225988700564972 0.058823529411764705 0.0211864406779661 0.06149732620320856
0 0.6776129943502824 0.2787433155080214 0.024717514124293787 0.04946524064171123
0 0.3538135593220339 0.29211229946524064 0.02824858757062147 0.03877005347593583
0 0.715042372881356 0.21524064171122995 0.03036723163841808 0.040106951871657755
0 0.5155367231638418 0.32286096256684493 0.02401129943502825 0.04411764705882353
0 0.1105225988700565 0.40975935828877 0.03036723163841808 0.04946524064171123
0 0.5635593220338984 0.0481283422459893 0.031073446327683617 0.03208556149732621
0 0.4925847457627119 0.2627005347593583 0.024717514124293787 0.03074866310160428
0 0.4509180790960452 0.8803475935828877 0.03036723163841808 0.04144385026737968
0 0.6762005649717514 0.6764705882352942 0.02754237288135593 0.0374331550802139
0 0.3580508474576271 0.23663101604278075 0.022598870056497175 0.0374331550802139
0 0.3538135593220339 0.2660427807486631 0.01977401129943503 0.045454545454545456
0 0.481638418079096 0.22794117647058823 0.022598870056497175 0.03342245989304813
0 0.17902542372881355 0.32954545454545453 0.02754237288135593 0.04679144385026738