0 0.604602510460251 0.5478436657681941 0.019525801952580194 0.03908355795148248
0 0.5495118549511855 0.46900269541778977 0.016736401673640166 0.04582210242587601
0 0.5672942817294282 0.44070080862533695 0.021617852161785217 0.03773584905660377
0 0.5578800557880056 0.4609164420485175 0.01394700139470014 0.05390835579514825
0 0.5714783821478382 0.4865229110512129 0.01603905160390516 0.03773584905660377
0 0.5638075313807531 0.18598382749326145 0.02580195258019526 0.04582210242587601
0 0.6136680613668062 0.5417789757412399 0.02092050209205021 0.04582210242587601
0 0.5672942817294282 0.5296495956873315 0.01882845188284519 0.04582210242587601
0 0.5076708507670851 0.1711590296495957 0.030683403068340307 0.04043126684636118
0 0.5432357043235704 0.06266846361185983 0.02092050209205021 0.05525606469002695
0 0.5585774058577406 0.07210242587601078 0.015341701534170154 0.0660377358490566
0 0.5536959553695955 0.2068733153638814 0.016736401673640166 0.04986522911051213
0 0.5418410041841004 0.19946091644204852 0.01813110181311018 0.05390835579514825
0 0.5209205020920502 0.1725067385444744 0.02092050209205021 0.04582210242587601
0 0.5481171548117155 0.24326145552560646 0.030683403068340307 0.04986522911051213
0 0.4375871687587169 0.0215633423180593 0.03417015341701534 0.0431266846361186
0 0.8019525801952581 0.35714285714285715 0.030683403068340307 0.07008086253369272
0 0.9832635983263598 0.9669811320754716 0.029288702928870293 0.04986522911051213