0 0.5313807531380753 0.9524940617577197 0.02789400278940028 0.04513064133016627
0 0.5488145048814504 0.9334916864608076 0.03207810320781032 0.04513064133016627
0 0.7228033472803347 0.6258907363420427 0.0299860529986053 0.0332541567695962
0 0.7266387726638772 0.6092636579572447 0.022315202231520222 0.0332541567695962
0 0.48465829846582986 0.26365795724465557 0.03207810320781032 0.0332541567695962
0 0.7482566248256625 0.7072446555819477 0.03486750348675035 0.02494061757719715
0 0.7280334728033473 0.6383610451306413 0.02510460251046025 0.02494061757719715
0 0.7580195258019525 0.6751781472684085 0.03207810320781032 0.02494061757719715
0 0.9184100418410042 0.6472684085510689 0.02510460251046025 0.052256532066508314
0 0.3947001394700139 0.7577197149643705 0.029288702928870293 0.035629453681710214
0 0.7496513249651325 0.6401425178147269 0.03765690376569038 0.0332541567695962
0 0.7552301255230126 0.6579572446555819 0.03765690376569038 0.023752969121140142
0 0.9546722454672245 0.20486935866983372 0.02789400278940028 0.05819477434679335
0 0.9260808926080892 0.2678147268408551 0.02092050209205021 0.03681710213776722
0 0.4874476987447699 0.28741092636579574 0.029288702928870293 0.052256532066508314