0 0.11715481171548117 0.754750593824228 0.026499302649930265 0.04631828978622328
0 0.9560669456066946 0.20961995249406176 0.022315202231520222 0.05344418052256532
0 0.7475592747559274 0.7256532066508313 0.03626220362622036 0.0498812351543943
0 0.5624128312412832 0.03503562945368171 0.02301255230125523 0.04156769596199525
0 0.5763598326359832 0.16211401425178149 0.02580195258019526 0.04156769596199525
0 0.8340306834030683 0.44239904988123513 0.03347280334728033 0.03681710213776722
0 0.5341701534170153 0.022565320665083134 0.030683403068340307 0.04513064133016627
0 0.6443514644351465 0.6621140142517815 0.026499302649930265 0.043942992874109264
0 0.9323570432357043 0.3028503562945368 0.02789400278940028 0.0498812351543943
0 0.022315202231520222 0.7375296912114014 0.023709902370990237 0.035629453681710214
0 0.4881450488145049 0.2814726840855107 0.022315202231520222 0.07363420427553444