0 0.9058577405857741 0.40736342042755347 0.02510460251046025 0.05463182897862233
0 0.5271966527196653 0.5255344418052257 0.04184100418410042 0.06294536817102138
0 0.5341701534170153 0.13895486935866982 0.044630404463040445 0.05463182897862233
0 0.9721059972105998 0.6229216152019003 0.026499302649930265 0.043942992874109264
0 0.9490934449093444 0.7446555819477435 0.030683403068340307 0.05463182897862233
0 0.9553695955369595 0.20843230403800475 0.02092050209205021 0.055819477434679333
0 0.5244072524407253 0.35629453681710216 0.03347280334728033 0.057007125890736345
0 0.5645048814504882 0.46140142517814725 0.0299860529986053 0.04631828978622328
0 0.5700836820083682 0.6152019002375297 0.024407252440725245 0.0332541567695962
0 0.7137377963737797 0.45486935866983375 0.020223152022315203 0.04513064133016627
0 0.9246861924686193 0.27434679334916867 0.02092050209205021 0.03800475059382423
0 0.4881450488145049 0.2820665083135392 0.022315202231520222 0.07957244655581948