0 0.5383542538354253 0.9764150943396226 0.02789400278940028 0.03908355795148248
0 0.5111576011157601 0.8753369272237197 0.03765690376569038 0.057951482479784364
0 0.2764993026499303 0.5815363881401617 0.03138075313807531 0.04177897574123989
0 0.5693863319386332 0.27897574123989216 0.028591352859135284 0.04851752021563342
0 0.8559972105997211 0.6421832884097035 0.03277545327754533 0.05525606469002695
0 0.5707810320781032 0.5943396226415094 0.03417015341701534 0.04043126684636118
0 0.5376569037656904 0.5053908355795148 0.01813110181311018 0.04582210242587601
0 0.5749651324965133 0.45619946091644203 0.028591352859135284 0.04716981132075472
0 0.5550906555090656 0.9764150943396226 0.02789400278940028 0.03908355795148248
0 0.5495118549511855 0.49528301886792453 0.022315202231520222 0.04716981132075472
0 0.5502092050209205 0.28234501347708896 0.029288702928870293 0.04177897574123989
0 0.5474198047419805 0.3921832884097035 0.026499302649930265 0.05390835579514825