0 0.474609375 0.19166666666666668 0.02890625 0.05
0 0.73828125 0.2708333333333333 0.0390625 0.04722222222222222
0 0.59609375 0.3090277777777778 0.021875 0.04861111111111111
0 0.730859375 0.3145833333333333 0.03828125 0.02361111111111111
0 0.730859375 0.3402777777777778 0.03359375 0.030555555555555555
0 0.1328125 0.3458333333333333 0.0484375 0.05277777777777778
0 0.237109375 0.3645833333333333 0.03828125 0.0375
0 0.39765625 0.36875 0.025 0.04027777777777778
0 0.14921875 0.38680555555555557 0.0421875 0.04583333333333333
0 0.659765625 0.39166666666666666 0.03203125 0.041666666666666664
0 0.57734375 0.3993055555555556 0.025 0.04583333333333333
0 0.6859375 0.40347222222222223 0.021875 0.043055555555555555
0 0.223828125 0.42291666666666666 0.03828125 0.043055555555555555
0 0.0640625 0.4284722222222222 0.04375 0.05694444444444444
0 0.49140625 0.4388888888888889 0.028125 0.044444444444444446
0 0.788671875 0.44305555555555554 0.02421875 0.06388888888888888
0 0.037109375 0.4444444444444444 0.03828125 0.044444444444444446
0 0.665234375 0.4444444444444444 0.02578125 0.05277777777777778
0 0.262109375 0.46875 0.04453125 0.03194444444444444
0 0.748046875 0.4875 0.03828125 0.044444444444444446
0 0.5578125 0.49583333333333335 0.028125 0.03611111111111111
0 0.280078125 0.4979166666666667 0.04140625 0.043055555555555555
0 0.749609375 0.5201388888888889 0.03359375 0.05138888888888889
0 0.509765625 0.5298611111111111 0.02109375 0.043055555555555555
0 0.55859375 0.5298611111111111 0.0203125 0.04027777777777778
0 0.50703125 0.5805555555555556 0.025 0.05
0 0.4578125 0.5854166666666667 0.0265625 0.05138888888888889
0 0.331640625 0.5951388888888889 0.03046875 0.0375
0 0.458203125 0.6256944444444444 0.02265625 0.04027777777777778
0 0.331640625 0.63125 0.03984375 0.043055555555555555
0 0.61875 0.7194444444444444 0.0265625 0.05
0 0.610546875 0.7611111111111111 0.02890625 0.058333333333333334