0 0.29573170731707316 0.11898148148148148 0.029471544715447155 0.03796296296296296
0 0.8353658536585366 0.6638888888888889 0.022357723577235773 0.027777777777777776
0 0.8366361788617886 0.6217592592592592 0.013719512195121951 0.026851851851851852
0 0.8897357723577236 0.6648148148148149 0.014227642276422764 0.020370370370370372
0 0.8841463414634146 0.6504629629629629 0.014227642276422764 0.021296296296296296
0 0.9232723577235772 0.6407407407407407 0.014227642276422764 0.027777777777777776
0 0.9771341463414634 0.5875 0.01524390243902439 0.025
0 0.9646849593495935 0.6259259259259259 0.015752032520325202 0.018518518518518517
0 0.9758638211382114 0.6083333333333333 0.015752032520325202 0.020370370370370372
0 0.8960873983739838 0.7916666666666666 0.017784552845528455 0.027777777777777776
0 0.9100609756097561 0.7731481481481481 0.026422764227642278 0.027777777777777776
0 0.914380081300813 0.7518518518518519 0.020833333333333332 0.03148148148148148
0 0.9898373983739838 0.4703703703703704 0.018292682926829267 0.03148148148148148