0 0.33714430894308944 0.02361111111111111 0.027947154471544715 0.026851851851851852
0 0.7647357723577236 0.7217592592592592 0.029471544715447155 0.03796296296296296
0 0.8353658536585366 0.6680555555555555 0.022357723577235773 0.026851851851851852
0 0.8366361788617886 0.6217592592592592 0.013719512195121951 0.026851851851851852
0 0.8897357723577236 0.6648148148148149 0.014227642276422764 0.020370370370370372
0 0.8841463414634146 0.6504629629629629 0.014227642276422764 0.021296296296296296
0 0.9232723577235772 0.6407407407407407 0.014227642276422764 0.027777777777777776
0 0.9771341463414634 0.5875 0.01524390243902439 0.025
0 0.967479674796748 0.6217592592592592 0.01524390243902439 0.019444444444444445
0 0.9745934959349594 0.6143518518518518 0.01524390243902439 0.021296296296296296
0 0.9128556910569106 0.7625 0.02693089430894309 0.026851851851851852
0 0.914380081300813 0.7518518518518519 0.020833333333333332 0.03148148148148148
0 0.0005061936099543923 0.00045696159122085047 0.000008520473924251437 0.000029149519890260628