0 0.5203252032520326 0.8240740740740741 0.014227642276422764 0.02962962962962963
0 0.7632113821138211 0.9763888888888889 0.018292682926829267 0.023148148148148147
0 0.7240853658536586 0.7865740740740741 0.018292682926829267 0.025
0 0.8183434959349594 0.7611111111111111 0.019817073170731708 0.02962962962962963
0 0.8008130081300813 0.13703703703703704 0.018292682926829267 0.022222222222222223
0 0.21189024390243902 0.1361111111111111 0.018292682926829267 0.02962962962962963
0 0.5251524390243902 0.1527777777777778 0.020833333333333332 0.02962962962962963
0 0.08511178861788618 0.7930555555555555 0.01676829268292683 0.021296296296296296
0 0.06275406504065041 0.600925925925926 0.013719512195121951 0.018518518518518517
0 0.1285569105691057 0.7532407407407408 0.011178861788617886 0.025
0 0.08460365853658537 0.46574074074074073 0.012703252032520325 0.016666666666666666
0 0.29852642276422764 0.02175925925925926 0.012703252032520325 0.019444444444444445