0 0.6882621951219512 0.9314814814814815 0.013719512195121951 0.02962962962962963
0 0.616869918699187 0.9412037037037037 0.019308943089430895 0.023148148148148147
0 0.5853658536585366 0.5810185185185185 0.018292682926829267 0.025
0 0.6280487804878049 0.5370370370370371 0.019308943089430895 0.02962962962962963
0 0.6587906504065041 0.2513888888888889 0.019817073170731708 0.028703703703703703
0 0.686229674796748 0.19675925925925927 0.020833333333333332 0.028703703703703703
0 0.9311483739837398 0.18009259259259258 0.023882113821138213 0.025
0 0.028455284552845527 0.012962962962962963 0.018292682926829267 0.018518518518518517
0 0.16488821138211382 0.8180555555555555 0.01676829268292683 0.021296296296296296
0 0.14659552845528456 0.6828703703703703 0.013719512195121951 0.019444444444444445
0 0.20833333333333334 0.7847222222222222 0.011178861788617886 0.025
0 0.08231707317073171 0.4708333333333333 0.011178861788617886 0.019444444444444445
0 0.41260162601626016 0.09814814814814815 0.014227642276422764 0.020370370370370372