0 0.5622459349593496 0.9375 0.019817073170731708 0.021296296296296296
0 0.5365853658536586 0.5050925925925925 0.018292682926829267 0.025
0 0.5581808943089431 0.45092592592592595 0.019817073170731708 0.02962962962962963
0 0.8155487804878049 0.2574074074074074 0.019308943089430895 0.02962962962962963
0 0.740599593495935 0.21157407407407408 0.020833333333333332 0.028703703703703703
0 0.0005054190214158239 0.00019418724279835392 0.000010069651001388062 0.00002314814814814815
0 0.17835365853658536 0.05324074074074074 0.018292682926829267 0.019444444444444445
0 0.19588414634146342 0.8162037037037037 0.01676829268292683 0.021296296296296296
0 0.16488821138211382 0.7268518518518519 0.013719512195121951 0.018518518518518517
0 0.23628048780487804 0.7865740740740741 0.011178861788617886 0.025
0 0.10060975609756098 0.5041666666666667 0.011178861788617886 0.019444444444444445
0 0.4532520325203252 0.12546296296296297 0.014227642276422764 0.021296296296296296