0 0.4942708333333333 0.38657407407407407 0.0125 0.041666666666666664
0 0.5268229166666667 0.3888888888888889 0.016145833333333335 0.037037037037037035
0 0.5729166666666666 0.3939814814814815 0.021875 0.04722222222222222
0 0.53359375 0.5120370370370371 0.016145833333333335 0.037037037037037035
0 0.5885416666666666 0.5625 0.016666666666666666 0.032407407407407406
0 0.53828125 0.6240740740740741 0.0203125 0.044444444444444446
0 0.5020833333333333 0.6259259259259259 0.01875 0.03518518518518519
0 0.45651041666666664 0.637962962962963 0.021354166666666667 0.053703703703703705
0 0.5565104166666667 0.6398148148148148 0.0203125 0.04259259259259259
0 0.7098958333333333 0.6657407407407407 0.027083333333333334 0.053703703703703705
0 0.1203125 0.711574074074074 0.035416666666666666 0.058333333333333334