0 0.3934563758389262 0.30654761904761907 0.05201342281879195 0.10714285714285714
0 0.2273489932885906 0.30952380952380953 0.03859060402684564 0.1130952380952381
0 0.7030201342281879 0.3318452380952381 0.04697986577181208 0.14583333333333334
0 0.19546979865771813 0.36904761904761907 0.028523489932885907 0.08333333333333333
0 0.3775167785234899 0.37797619047619047 0.03691275167785235 0.1130952380952381
0 0.21476510067114093 0.4107142857142857 0.02348993288590604 0.06547619047619048
0 0.13087248322147652 0.4270833333333333 0.040268456375838924 0.08630952380952381
0 0.8657718120805369 0.45535714285714285 0.053691275167785234 0.1130952380952381
0 0.22483221476510068 0.49255952380952384 0.03691275167785235 0.12797619047619047
0 0.8766778523489933 0.5520833333333334 0.04194630872483222 0.10416666666666667
0 0.25922818791946306 0.5967261904761905 0.03523489932885906 0.13392857142857142
0 0.9001677852348994 0.6383928571428571 0.0587248322147651 0.08630952380952381
0 0.8934563758389261 0.7276785714285714 0.03859060402684564 0.10416666666666667
0 0.5956375838926175 0.7470238095238095 0.030201342281879196 0.07738095238095238
0 0.4337248322147651 0.08035714285714286 0.03859060402684564 0.10714285714285714
0 0.5746644295302014 0.8065476190476191 0.04194630872483222 0.13095238095238096
0 0.6736577181208053 0.8110119047619048 0.04194630872483222 0.10416666666666667
0 0.6065436241610739 0.8199404761904762 0.025167785234899327 0.09821428571428571
0 0.5528523489932886 0.8601190476190477 0.031879194630872486 0.08928571428571429
0 0.17197986577181207 0.8928571428571429 0.031879194630872486 0.08928571428571429
0 0.4236577181208054 0.8958333333333334 0.03523489932885906 0.10714285714285714
0 0.6619127516778524 0.9151785714285714 0.04194630872483222 0.13392857142857142
0 0.4588926174496644 0.9375 0.04194630872483222 0.10119047619047619
0 0.13674496644295303 0.9419642857142857 0.04865771812080537 0.09821428571428571
0 0.7239932885906041 0.09821428571428571 0.03523489932885906 0.11904761904761904
0 0.47231543624161076 0.11011904761904762 0.028523489932885907 0.125
0 0.42197986577181207 0.11755952380952381 0.028523489932885907 0.10416666666666667
0 0.2105704697986577 0.125 0.04865771812080537 0.10714285714285714
0 0.016778523489932886 0.12648809523809523 0.03355704697986577 0.11011904761904762
0 0.6963087248322147 0.15029761904761904 0.030201342281879196 0.11607142857142858
0 0.8842281879194631 0.15327380952380953 0.030201342281879196 0.12797619047619047
0 0.6015100671140939 0.16517857142857142 0.031879194630872486 0.11607142857142858
0 0.6459731543624161 0.19791666666666666 0.026845637583892617 0.08630952380952381
0 0.677013422818792 0.22470238095238096 0.028523489932885907 0.11011904761904762