0 0.27768456375838924 0.3556547619047619 0.03859060402684564 0.13392857142857142
0 0.13674496644295303 0.3601190476190476 0.03859060402684564 0.10119047619047619
0 0.7374161073825504 0.4330357142857143 0.05536912751677853 0.12797619047619047
0 0.20218120805369127 0.43898809523809523 0.03859060402684564 0.11607142857142858
0 0.13842281879194632 0.46577380952380953 0.04194630872483222 0.13392857142857142
0 0.6216442953020134 0.047619047619047616 0.031879194630872486 0.09523809523809523
0 0.06711409395973154 0.047619047619047616 0.04697986577181208 0.09523809523809523
0 0.07130872483221476 0.5 0.04865771812080537 0.10714285714285714
0 0.27684563758389263 0.5431547619047619 0.03355704697986577 0.11011904761904762
0 0.2726510067114094 0.5848214285714286 0.03859060402684564 0.09821428571428571
0 0.575503355704698 0.6071428571428571 0.03691275167785235 0.08333333333333333
0 0.5570469798657718 0.6711309523809523 0.03691275167785235 0.11607142857142858
0 0.5805369127516778 0.6860119047619048 0.03691275167785235 0.10416666666666667
0 0.16359060402684564 0.6904761904761905 0.05201342281879195 0.125
0 0.5302013422818792 0.7157738095238095 0.030201342281879196 0.11607142857142858
0 0.787751677852349 0.7470238095238095 0.05201342281879195 0.09523809523809523
0 0.4286912751677852 0.08035714285714286 0.03523489932885906 0.10119047619047619
0 0.031879194630872486 0.8154761904761905 0.050335570469798654 0.10714285714285714
0 0.7718120805369127 0.8154761904761905 0.030201342281879196 0.11904761904761904
0 0.26677852348993286 0.8169642857142857 0.040268456375838924 0.10416666666666667
0 0.2483221476510067 0.8898809523809523 0.05704697986577181 0.10714285714285714
0 0.05201342281879195 0.09672619047619048 0.04697986577181208 0.11607142857142858
0 0.3414429530201342 0.9523809523809523 0.03859060402684564 0.08928571428571429
0 0.4211409395973154 0.11607142857142858 0.030201342281879196 0.1130952380952381
0 0.27348993288590606 0.13690476190476192 0.04697986577181208 0.11904761904761904
0 0.5016778523489933 0.16666666666666666 0.03691275167785235 0.11904761904761904
0 0.7802013422818792 0.17857142857142858 0.0436241610738255 0.1130952380952381
0 0.38171140939597314 0.20238095238095238 0.04865771812080537 0.125
0 0.5058724832214765 0.20238095238095238 0.03523489932885906 0.14285714285714285
0 0.6191275167785235 0.20982142857142858 0.040268456375838924 0.12202380952380952
0 0.6728187919463087 0.21577380952380953 0.040268456375838924 0.11607142857142858
0 0.7567114093959731 0.23809523809523808 0.0436241610738255 0.125
0 0.2802013422818792 0.27529761904761907 0.03691275167785235 0.10416666666666667
0 0.6728187919463087 0.2961309523809524 0.040268456375838924 0.13988095238095238