0 0.56238 0.17394708994708993 0.057653333333333334 0.11862433862433862
0 0.11864000000000001 0.2963597883597884 0.050166666666666665 0.08408465608465608
0 0.02853333333333333 0.42900529100529106 0.04462000000000001 0.07001058201058201
0 0.01678 0.6431428571428571 0.03355333333333333 0.07077248677248676
0 0.051533333333333334 0.6442010582010582 0.028040000000000002 0.07288888888888888
0 0.019200000000000002 0.8435238095238096 0.038400000000000004 0.09058201058201057
0 0.058199999999999995 0.8466984126984127 0.03337333333333334 0.0673015873015873
0 0.23741333333333334 0.5648253968253968 0.04429333333333333 0.07075132275132275
0 0.22908 0.7170582010582011 0.048953333333333335 0.08102645502645502
0 0.46083999999999997 0.7077037037037037 0.0601 0.08984126984126985
0 0.9019133333333332 0.05082539682539683 0.04994666666666667 0.07977777777777778
0 0.9381333333333334 0.057523809523809526 0.03084 0.08895238095238095
0 0.96302 0.17095238095238097 0.0424 0.11050793650793651
0 0.7964733333333334 0.7793227513227513 0.06317333333333333 0.08492063492063492
0 0.9814466666666667 0.3789100529100529 0.03711333333333333 0.07564021164021165