1 0.0671875 0.1935185185185185 0.09270833333333334 0.18333333333333332
1 0.921875 0.31296296296296294 0.08333333333333333 0.17407407407407408
1 0.10364583333333334 0.31296296296296294 0.103125 0.18518518518518517
1 0.9453125 0.412962962962963 0.090625 0.1925925925925926
1 0.740625 0.4666666666666667 0.08958333333333333 0.15925925925925927
1 0.052083333333333336 0.46944444444444444 0.10416666666666667 0.17222222222222222
1 0.9614583333333333 0.525 0.075 0.13148148148148148
1 0.07864583333333333 0.6166666666666667 0.08854166666666667 0.15185185185185185
1 0.9302083333333333 0.65 0.125 0.17407407407407408
1 0.7609375 0.6925925925925925 0.09479166666666666 0.14814814814814814
1 0.07135416666666666 0.7166666666666667 0.10104166666666667 0.17037037037037037