1 0.9682291666666667 0.23055555555555557 0.06145833333333333 0.15
1 0.9052083333333333 0.28055555555555556 0.0625 0.09814814814814815
1 0.86875 0.31851851851851853 0.06458333333333334 0.12222222222222222
1 0.7161458333333334 0.337037037037037 0.06770833333333333 0.11481481481481481
1 0.8083333333333333 0.34629629629629627 0.06666666666666667 0.14074074074074075
1 0.8989583333333333 0.36666666666666664 0.075 0.13333333333333333
1 0.13645833333333332 0.3851851851851852 0.06666666666666667 0.0962962962962963
1 0.32135416666666666 0.3851851851851852 0.051041666666666666 0.12962962962962962
1 0.7208333333333333 0.4083333333333333 0.06041666666666667 0.1425925925925926
1 0.9489583333333333 0.412962962962963 0.08125 0.1037037037037037
1 0.5203125 0.44351851851851853 0.03854166666666667 0.11666666666666667
1 0.39947916666666666 0.44722222222222224 0.05520833333333333 0.13518518518518519
1 0.21979166666666666 0.4888888888888889 0.07291666666666667 0.1111111111111111
1 0.13541666666666666 0.5425925925925926 0.07708333333333334 0.11481481481481481
1 0.128125 0.6175925925925926 0.06875 0.09444444444444444
1 0.8838541666666667 0.6861111111111111 0.096875 0.09444444444444444