1 0.478125 0.18703703703703703 0.07083333333333333 0.2777777777777778
1 0.559375 0.2037037037037037 0.10208333333333333 0.1111111111111111
1 0.6682291666666667 0.32407407407407407 0.171875 0.2111111111111111
1 0.8723958333333334 0.33425925925925926 0.18229166666666666 0.21666666666666667
1 0.065625 0.7425925925925926 0.13125 0.2074074074074074
1 0.19895833333333332 0.8398148148148148 0.12291666666666666 0.22777777777777777
1 0.7140625 0.1259259259259259 0.121875 0.21481481481481482
1 0.4421875 0.14444444444444443 0.115625 0.24814814814814815
1 0.042708333333333334 0.16111111111111112 0.08541666666666667 0.3148148148148148
1 0.9546875 0.17592592592592593 0.08854166666666667 0.23333333333333334
1 0.10416666666666667 0.1787037037037037 0.12291666666666666 0.2537037037037037