1 0.8302083333333333 0.1962962962962963 0.027083333333333334 0.05925925925925926
1 0.778125 0.20185185185185187 0.03125 0.05555555555555555
1 0.09635416666666667 0.021296296296296296 0.034375 0.04259259259259259
1 0.9453125 0.24166666666666667 0.036458333333333336 0.046296296296296294
1 0.3203125 0.25 0.030208333333333334 0.06666666666666667
1 0.9703125 0.2759259259259259 0.036458333333333336 0.05185185185185185
1 0.9119791666666667 0.3148148148148148 0.04895833333333333 0.05555555555555555
1 0.83125 0.3712962962962963 0.03958333333333333 0.06111111111111111
1 0.965625 0.44537037037037036 0.04375 0.046296296296296294
1 0.9265625 0.47129629629629627 0.042708333333333334 0.04259259259259259
1 0.8078125 0.4740740740740741 0.030208333333333334 0.05925925925925926
1 0.8786458333333333 0.4740740740740741 0.036458333333333336 0.07037037037037037
1 0.775 0.4861111111111111 0.03958333333333333 0.06481481481481481
1 0.017708333333333333 0.5166666666666667 0.035416666666666666 0.04814814814814815
1 0.015104166666666667 0.5611111111111111 0.030208333333333334 0.018518518518518517
1 0.8697916666666666 0.6111111111111112 0.03958333333333333 0.03333333333333333
1 0.8848958333333333 0.6333333333333333 0.03229166666666667 0.02962962962962963
1 0.5208333333333334 0.6351851851851852 0.035416666666666666 0.04814814814814815
1 0.5635416666666667 0.6361111111111111 0.03958333333333333 0.046296296296296294
1 0.90625 0.6601851851851852 0.04583333333333333 0.04259259259259259
1 0.6109375 0.6861111111111111 0.036458333333333336 0.053703703703703705
1 0.290625 0.6944444444444444 0.04375 0.05555555555555555
1 0.30520833333333336 0.7462962962962963 0.035416666666666666 0.04814814814814815
1 0.24375 0.7490740740740741 0.0375 0.05
1 0.6078125 0.7611111111111111 0.034375 0.04814814814814815
1 0.5640625 0.774074074074074 0.019791666666666666 0.037037037037037035
1 0.19166666666666668 0.7768518518518519 0.03125 0.053703703703703705
1 0.022395833333333334 0.8268518518518518 0.04479166666666667 0.053703703703703705
1 0.017708333333333333 0.08611111111111111 0.035416666666666666 0.06111111111111111
1 0.022916666666666665 0.8666666666666667 0.04583333333333333 0.03333333333333333
1 0.13541666666666666 0.8731481481481481 0.041666666666666664 0.05
1 0.07447916666666667 0.8740740740740741 0.053125 0.037037037037037035
1 0.3020833333333333 0.8805555555555555 0.03958333333333333 0.05
1 0.8677083333333333 0.8972222222222223 0.06041666666666667 0.03888888888888889
1 0.3609375 0.9277777777777778 0.040625 0.04814814814814815
1 0.33541666666666664 0.975925925925926 0.04375 0.044444444444444446
1 0.5557291666666667 0.09814814814814815 0.026041666666666668 0.05555555555555555
1 0.8828125 0.10555555555555556 0.028125 0.06296296296296296
1 0.85625 0.10925925925925926 0.029166666666666667 0.05555555555555555
1 0.2328125 0.14722222222222223 0.04479166666666667 0.07962962962962963