1 0.8255208333333334 0.19444444444444445 0.028125 0.06666666666666667
1 0.7786458333333334 0.2037037037037037 0.036458333333333336 0.06666666666666667
1 0.9458333333333333 0.25092592592592594 0.0375 0.06481481481481481
1 0.321875 0.25277777777777777 0.03958333333333333 0.07222222222222222
1 0.9697916666666667 0.2814814814814815 0.03958333333333333 0.04814814814814815
1 0.9125 0.3101851851851852 0.04375 0.05
1 0.8307291666666666 0.37592592592592594 0.040625 0.05555555555555555
1 0.9609375 0.4685185185185185 0.04479166666666667 0.07037037037037037
1 0.8015625 0.47962962962962963 0.034375 0.05185185185185185
1 0.8848958333333333 0.47962962962962963 0.046875 0.05185185185185185
1 0.021354166666666667 0.5185185185185185 0.042708333333333334 0.044444444444444446
1 0.016145833333333335 0.562037037037037 0.03229166666666667 0.04259259259259259
1 0.8723958333333334 0.612037037037037 0.036458333333333336 0.03888888888888889
1 0.8911458333333333 0.6351851851851852 0.030208333333333334 0.037037037037037035
1 0.5239583333333333 0.6407407407407407 0.027083333333333334 0.05185185185185185
1 0.5619791666666667 0.6425925925925926 0.03854166666666667 0.05555555555555555
1 0.8994791666666667 0.6574074074074074 0.036458333333333336 0.04814814814814815
1 0.6088541666666667 0.687962962962963 0.034375 0.06111111111111111
1 0.2890625 0.700925925925926 0.040625 0.05
1 0.24375 0.7518518518518519 0.035416666666666666 0.05185185185185185
1 0.30885416666666665 0.7518518518518519 0.03229166666666667 0.05555555555555555
1 0.6046875 0.7564814814814815 0.03229166666666667 0.05
1 0.19427083333333334 0.7685185185185185 0.036458333333333336 0.05555555555555555
1 0.5583333333333333 0.7768518518518519 0.029166666666666667 0.04259259259259259
1 0.025 0.825 0.05 0.05
1 0.07552083333333333 0.8666666666666667 0.04479166666666667 0.05555555555555555
1 0.0234375 0.8703703703703703 0.046875 0.05555555555555555
1 0.1359375 0.8712962962962963 0.042708333333333334 0.06851851851851852
1 0.3020833333333333 0.8796296296296297 0.03333333333333333 0.06296296296296296
1 0.017708333333333333 0.08981481481481482 0.035416666666666666 0.06111111111111111
1 0.36770833333333336 0.9361111111111111 0.041666666666666664 0.04259259259259259
1 0.5536458333333333 0.0962962962962963 0.023958333333333335 0.05185185185185185
1 0.34010416666666665 0.9731481481481481 0.034375 0.05
1 0.8807291666666667 0.1037037037037037 0.036458333333333336 0.06666666666666667
1 0.8546875 0.11666666666666667 0.03229166666666667 0.06666666666666667
1 0.225 0.1361111111111111 0.035416666666666666 0.05740740740740741