1 0.578125 0.19537037037037036 0.05 0.20185185185185187
1 0.9270833333333334 0.24166666666666667 0.11666666666666667 0.19444444444444445
1 0.09427083333333333 0.24166666666666667 0.11979166666666667 0.22407407407407406
1 0.234375 0.2777777777777778 0.058333333333333334 0.17777777777777778
1 0.3359375 0.29907407407407405 0.07395833333333333 0.22407407407407406
1 0.7322916666666667 0.5351851851851852 0.08958333333333333 0.14814814814814814
1 0.4395833333333333 0.05648148148148148 0.05416666666666667 0.11296296296296296
1 0.6223958333333334 0.5638888888888889 0.09479166666666666 0.2796296296296296
1 0.8807291666666667 0.812037037037037 0.10520833333333333 0.19074074074074074
1 0.48489583333333336 0.08796296296296297 0.04895833333333333 0.17592592592592593
1 0.34427083333333336 0.09722222222222222 0.08229166666666667 0.19444444444444445
1 0.8239583333333333 0.11481481481481481 0.06875 0.21481481481481482
1 0.21041666666666667 0.16111111111111112 0.06875 0.17777777777777778
1 0.2640625 0.1648148148148148 0.078125 0.1962962962962963
1 0.6625 0.17592592592592593 0.06041666666666667 0.2222222222222222