1 0.1 0.1925925925925926 0.125 0.2222222222222222
1 0.8817708333333333 0.21388888888888888 0.09270833333333334 0.18703703703703703
1 0.3380208333333333 0.27037037037037037 0.06145833333333333 0.21481481481481482
1 0.24791666666666667 0.2777777777777778 0.07916666666666666 0.1962962962962963
1 0.8989583333333333 0.28888888888888886 0.10625 0.14814814814814814
1 0.6317708333333333 0.2898148148148148 0.10729166666666666 0.12407407407407407
1 0.7239583333333334 0.2935185185185185 0.08125 0.17222222222222222
1 0.7151041666666667 0.3712962962962963 0.059375 0.19074074074074074
1 0.7703125 0.37592592592592594 0.059375 0.1814814814814815
1 0.9109375 0.38055555555555554 0.14895833333333333 0.19074074074074074
1 0.5880208333333333 0.40925925925925927 0.06354166666666666 0.2074074074074074
1 0.7265625 0.5333333333333333 0.07395833333333333 0.18518518518518517
1 0.603125 0.55 0.07708333333333334 0.21481481481481482
1 0.48125 0.07962962962962963 0.04583333333333333 0.15925925925925927
1 0.8916666666666667 0.8027777777777778 0.11458333333333333 0.1537037037037037
1 0.2520833333333333 0.0824074074074074 0.07083333333333333 0.1648148148148148
1 0.8755208333333333 0.0962962962962963 0.057291666666666664 0.16666666666666666
1 0.6776041666666667 0.09907407407407408 0.053125 0.17962962962962964
1 0.5588541666666667 0.11296296296296296 0.06354166666666666 0.1962962962962963
1 0.6270833333333333 0.11666666666666667 0.07083333333333333 0.21481481481481482
1 0.2869791666666667 0.12222222222222222 0.06145833333333333 0.1925925925925926
1 0.353125 0.1425925925925926 0.05625 0.21851851851851853
1 0.5526041666666667 0.16574074074074074 0.053125 0.22037037037037038
1 0.21666666666666667 0.17592592592592593 0.07708333333333334 0.1962962962962963
1 0.4630208333333333 0.17777777777777778 0.06145833333333333 0.23703703703703705