1 0.9416666666666667 0.18832391713747645 0.03125 0.09416195856873823
1 0.06510416666666667 0.2062146892655367 0.023958333333333335 0.062146892655367235
1 0.7661458333333333 0.2071563088512241 0.042708333333333334 0.0903954802259887
1 0.8005208333333333 0.2580037664783427 0.030208333333333334 0.0903954802259887
1 0.9151041666666667 0.2608286252354049 0.023958333333333335 0.08097928436911488
1 0.16927083333333334 0.2702448210922787 0.028125 0.0847457627118644
1 0.19010416666666666 0.2966101694915254 0.036458333333333336 0.096045197740113
1 0.9041666666666667 0.2975517890772128 0.03333333333333333 0.10546139359698682
1 0.40208333333333335 0.3267419962335217 0.035416666666666666 0.07721280602636535
1 0.5666666666666667 0.3427495291902072 0.029166666666666667 0.07532956685499058
1 0.4234375 0.3493408662900188 0.026041666666666668 0.09227871939736347
1 0.5125 0.3644067796610169 0.03125 0.08097928436911488
1 0.8052083333333333 0.3888888888888889 0.027083333333333334 0.08097928436911488
1 0.5567708333333333 0.4067796610169492 0.017708333333333333 0.0903954802259887
1 0.9182291666666667 0.4096045197740113 0.03229166666666667 0.06591337099811675
1 0.9557291666666666 0.4105461393596987 0.028125 0.07156308851224105
1 0.5765625 0.4143126177024482 0.023958333333333335 0.064030131826742
1 0.5947916666666667 0.4227871939736347 0.020833333333333332 0.0696798493408663
1 0.7739583333333333 0.4274952919020716 0.035416666666666666 0.09416195856873823
1 0.7192708333333333 0.4406779661016949 0.03229166666666667 0.0903954802259887
1 0.9223958333333333 0.4548022598870056 0.030208333333333334 0.08851224105461393
1 0.8005208333333333 0.4585687382297552 0.023958333333333335 0.06591337099811675
1 0.058333333333333334 0.4698681732580038 0.035416666666666666 0.08097928436911488
1 0.5635416666666667 0.5451977401129944 0.029166666666666667 0.0847457627118644
1 0.9854166666666667 0.5489642184557438 0.027083333333333334 0.08097928436911488
1 0.9510416666666667 0.5527306967984934 0.035416666666666666 0.08851224105461393
1 0.5203125 0.5583804143126178 0.040625 0.09227871939736347
1 0.8270833333333333 0.05649717514124294 0.03333333333333333 0.064030131826742
1 0.7125 0.5696798493408662 0.03958333333333333 0.08097928436911488
1 0.5911458333333334 0.5819209039548022 0.026041666666666668 0.07909604519774012
1 0.8447916666666667 0.5894538606403014 0.010416666666666666 0.05649717514124294
1 0.7369791666666666 0.6054613935969868 0.036458333333333336 0.0847457627118644
1 0.6114583333333333 0.620527306967985 0.027083333333333334 0.096045197740113
1 0.5958333333333333 0.06308851224105462 0.0375 0.0847457627118644
1 0.821875 0.628060263653484 0.03333333333333333 0.08851224105461393
1 0.05572916666666667 0.635593220338983 0.03229166666666667 0.07344632768361582
1 0.0609375 0.692090395480226 0.04479166666666667 0.0847457627118644
1 0.7015625 0.7269303201506592 0.03229166666666667 0.0903954802259887
1 0.7338541666666667 0.7542372881355932 0.036458333333333336 0.07721280602636535
1 0.7005208333333334 0.847457627118644 0.034375 0.07909604519774012
1 0.022395833333333334 0.8587570621468926 0.03229166666666667 0.08286252354048965
1 0.5588541666666667 0.08662900188323917 0.03854166666666667 0.10546139359698682
1 0.2791666666666667 0.8747645951035782 0.03125 0.07344632768361582
1 0.7984375 0.896421845574388 0.028125 0.07532956685499058
1 0.30572916666666666 0.0903954802259887 0.030208333333333334 0.08286252354048965
1 0.29010416666666666 0.931261770244821 0.030208333333333334 0.09981167608286252
1 0.8208333333333333 0.9397363465160076 0.029166666666666667 0.06779661016949153
1 0.7255208333333333 0.955743879472693 0.051041666666666666 0.0847457627118644
1 0.2625 0.10451977401129943 0.029166666666666667 0.1111111111111111
1 0.2875 0.128060263653484 0.029166666666666667 0.07532956685499058
1 0.03229166666666667 0.160075329566855 0.035416666666666666 0.11299435028248588
1 0.31145833333333334 0.1704331450094162 0.03333333333333333 0.09227871939736347
1 0.8015625 0.17796610169491525 0.040625 0.08851224105461393