1 0.8990857946554149 0.6324074074074074 0.034458509142053444 0.07037037037037037
1 0.4669479606188467 0.35648148148148145 0.035161744022503515 0.03888888888888889
1 0.5330520393811533 0.2763888888888889 0.014064697609001406 0.03796296296296296
1 0.4620253164556962 0.3365740740740741 0.03375527426160337 0.028703703703703703
1 0.23523206751054854 0.5425925925925926 0.034458509142053444 0.07037037037037037
1 0.22749648382559776 0.7643518518518518 0.02180028129395218 0.026851851851851852
1 0.6691279887482419 0.5375 0.03305203938115331 0.06944444444444445
1 0.1828410689170183 0.8740740740740741 0.016877637130801686 0.03333333333333333
1 0.479957805907173 0.8462962962962963 0.047116736990154715 0.05
1 0.23452883263009847 0.7486111111111111 0.030239099859353025 0.028703703703703703
1 0.17053445850914206 0.4824074074074074 0.02180028129395218 0.03333333333333333
1 0.9774964838255977 0.20879629629629629 0.016877637130801686 0.030555555555555555
1 0.990857946554149 0.21388888888888888 0.015471167369901548 0.037037037037037035