1 0.4092827004219409 0.5648148148148148 0.02812939521800281 0.05185185185185185
1 0.6705344585091421 0.675 0.02180028129395218 0.03518518518518519
1 0.14345991561181434 0.6907407407407408 0.01828410689170183 0.046296296296296294
1 0.5087904360056259 0.32916666666666666 0.023206751054852322 0.04351851851851852
1 0.5323488045007032 0.26805555555555555 0.01828410689170183 0.03796296296296296
1 0.1719409282700422 0.4842592592592593 0.02180028129395218 0.03333333333333333
1 0.16279887482419128 0.45231481481481484 0.017580872011251757 0.026851851851851852
1 0.07454289732770746 0.6625 0.016877637130801686 0.03981481481481482
1 0.06891701828410689 0.7092592592592593 0.016877637130801686 0.037037037037037035
1 0.5573136427566807 0.2791666666666667 0.023206751054852322 0.04351851851851852
1 0.980309423347398 0.20555555555555555 0.02531645569620253 0.037037037037037035