1 0.20692090395480225 0.9092592592592592 0.029661016949152543 0.03518518518518519
1 0.03742937853107345 0.4925925925925926 0.02824858757062147 0.03333333333333333
1 0.2761299435028249 0.9300925925925926 0.01977401129943503 0.03981481481481482
1 0.2581214689265537 0.95 0.03884180790960452 0.02962962962962963
1 0.1596045197740113 0.6458333333333334 0.029661016949152543 0.05092592592592592
1 0.20374293785310735 0.9412037037037037 0.033192090395480225 0.03981481481481482
1 0.3802966101694915 0.5703703703703704 0.03177966101694915 0.04259259259259259
1 0.24823446327683615 0.9208333333333333 0.021892655367231638 0.03796296296296296
1 0.2581214689265537 0.9157407407407407 0.019067796610169493 0.03148148148148148
1 0.4639830508474576 0.9018518518518519 0.02401129943502825 0.03333333333333333
1 0.4096045197740113 0.7300925925925926 0.02401129943502825 0.03796296296296296
1 0.6475988700564972 0.8828703703703704 0.022598870056497175 0.03796296296296296
1 0.6758474576271186 0.8819444444444444 0.022598870056497175 0.03611111111111111
1 0.3951271186440678 0.7467592592592592 0.036016949152542374 0.05092592592592592
1 0.7168079096045198 0.7574074074074074 0.029661016949152543 0.02962962962962963
1 0.2560028248587571 0.40555555555555556 0.026129943502824857 0.04814814814814815
1 0.2231638418079096 0.23472222222222222 0.03954802259887006 0.041666666666666664
1 0.21610169491525424 0.7981481481481482 0.03672316384180791 0.03518518518518519
1 0.4096045197740113 0.6972222222222222 0.0211864406779661 0.027777777777777776
1 0.4325564971751412 0.8486111111111111 0.033192090395480225 0.03981481481481482
1 0.4675141242937853 0.8171296296296297 0.031073446327683617 0.03981481481481482
1 0.7595338983050848 0.5953703703703703 0.03036723163841808 0.046296296296296294
1 0.413135593220339 0.9689814814814814 0.025423728813559324 0.03796296296296296
1 0.6758474576271186 0.6430555555555556 0.022598870056497175 0.03981481481481482