1 0.3524011299435028 0.48333333333333334 0.018361581920903956 0.018518518518518517
1 0.5501412429378532 0.6430555555555556 0.02824858757062147 0.05277777777777778
1 0.4074858757062147 0.9050925925925926 0.022598870056497175 0.023148148148148147
1 0.16807909604519775 0.6148148148148148 0.026836158192090395 0.03333333333333333
1 0.18043785310734464 0.6365740740740741 0.026129943502824857 0.026851851851851852
1 0.8439265536723164 0.5810185185185185 0.03248587570621469 0.05092592592592592
1 0.04025423728813559 0.612037037037037 0.03672316384180791 0.06296296296296296
1 0.11546610169491525 0.23703703703703705 0.033192090395480225 0.046296296296296294
1 0.695268361581921 0.6888888888888889 0.041666666666666664 0.05185185185185185
1 0.7044491525423728 0.4935185185185185 0.0346045197740113 0.03148148148148148
1 0.3446327683615819 0.5083333333333333 0.02824858757062147 0.027777777777777776
1 0.7711864406779662 0.9314814814814815 0.018361581920903956 0.02962962962962963
1 0.6151129943502824 0.549537037037037 0.0211864406779661 0.03425925925925926
1 0.3919491525423729 0.9125 0.01977401129943503 0.028703703703703703
1 0.4145480225988701 0.9671296296296297 0.031073446327683617 0.03796296296296296
1 0.4159604519774011 0.7236111111111111 0.03672316384180791 0.04537037037037037
1 0.6475988700564972 0.8819444444444444 0.025423728813559324 0.03611111111111111
1 0.6751412429378532 0.8810185185185185 0.026836158192090395 0.03796296296296296