1 0.0580168776371308 0.22962962962962963 0.027426160337552744 0.03148148148148148
1 0.810126582278481 0.7842592592592592 0.029535864978902954 0.02962962962962963
1 0.9433895921237694 0.10972222222222222 0.026019690576652602 0.04537037037037037
1 0.3720112517580872 0.3023148148148148 0.02531645569620253 0.03981481481481482
1 0.6283403656821378 0.14074074074074075 0.04289732770745429 0.03333333333333333
1 0.8607594936708861 0.11388888888888889 0.02812939521800281 0.03333333333333333
1 0.2141350210970464 0.06481481481481481 0.034458509142053444 0.04814814814814815
1 0.8829113924050633 0.7375 0.03305203938115331 0.04351851851851852
1 0.05239099859353024 0.12129629629629629 0.03305203938115331 0.044444444444444446
1 0.21483825597749648 0.34305555555555556 0.02180028129395218 0.03796296296296296
1 0.7774261603375527 0.14722222222222223 0.027426160337552744 0.02962962962962963
1 0.22960618846694797 0.9467592592592593 0.026019690576652602 0.028703703703703703