1 0.2718926553672316 0.9356481481481481 0.02824858757062147 0.04537037037037037
1 0.2581214689265537 0.9638888888888889 0.033192090395480225 0.03148148148148148
1 0.0847457627118644 0.25046296296296294 0.03954802259887006 0.04351851851851852
1 0.11546610169491525 0.37222222222222223 0.036016949152542374 0.044444444444444446
1 0.055437853107344635 0.8652777777777778 0.036016949152542374 0.049074074074074076
1 0.9074858757062146 0.6722222222222223 0.03672316384180791 0.06111111111111111
1 0.3280367231638418 0.8981481481481481 0.036016949152542374 0.03333333333333333
1 0.23375706214689265 0.9157407407407407 0.03531073446327684 0.03148148148148148
1 0.4159604519774011 0.9194444444444444 0.01977401129943503 0.03148148148148148
1 0.041666666666666664 0.3541666666666667 0.03672316384180791 0.05092592592592592
1 0.23375706214689265 0.9314814814814815 0.029661016949152543 0.03333333333333333