1 0.8093797276853253 0.05277777777777778 0.046898638426626324 0.05185185185185185
1 0.4183055975794251 0.8379629629629629 0.04084720121028744 0.05
1 0.3411497730711044 0.8652777777777778 0.03328290468986384 0.041666666666666664
1 0.3801059001512859 0.8643518518518518 0.03555219364599092 0.04351851851851852
1 0.1475037821482602 0.2037037037037037 0.028744326777609682 0.037037037037037035
1 0.5056732223903178 0.9111111111111111 0.046142208774583963 0.046296296296296294
1 0.07602118003025718 0.9319444444444445 0.04462934947049924 0.03796296296296296
1 0.13350983358547655 0.586574074074074 0.029500756429652043 0.04537037037037037
1 0.8426626323751891 0.8143518518518519 0.059001512859304085 0.05277777777777778
1 0.12329803328290469 0.2064814814814815 0.019667170953101363 0.03148148148148148
1 0.4205748865355522 0.9143518518518519 0.039334341906202726 0.05277777777777778