1 0.9495056497175142 0.37222222222222223 0.016242937853107344 0.04814814814814815
1 0.3732344632768362 0.6375 0.026129943502824857 0.03796296296296296
1 0.5074152542372882 0.5171296296296296 0.01765536723163842 0.026851851851851852
1 0.6211158192090396 0.5305555555555556 0.02754237288135593 0.046296296296296294
1 0.16454802259887005 0.2712962962962963 0.0423728813559322 0.044444444444444446
1 0.5017655367231638 0.8865740740740741 0.023305084745762712 0.03981481481481482
1 0.8361581920903954 0.5462962962962963 0.031073446327683617 0.04814814814814815
1 0.4166666666666667 0.7162037037037037 0.026836158192090395 0.03611111111111111
1 0.1596045197740113 0.21157407407407408 0.03531073446327684 0.05092592592592592
1 0.3015536723163842 0.9314814814814815 0.022598870056497175 0.03333333333333333
1 0.3340395480225989 0.9375 0.0211864406779661 0.041666666666666664
1 0.3718220338983051 0.9055555555555556 0.026129943502824857 0.03148148148148148
1 0.3382768361581921 0.41944444444444445 0.03248587570621469 0.02962962962962963
1 0.13806497175141244 0.8046296296296296 0.04449152542372881 0.044444444444444446
1 0.08403954802259887 0.9166666666666666 0.029661016949152543 0.037037037037037035
1 0.481638418079096 0.2777777777777778 0.02824858757062147 0.03518518518518519
1 0.413135593220339 0.9652777777777778 0.02824858757062147 0.03796296296296296
1 0.4074858757062147 0.6986111111111111 0.02824858757062147 0.025