1 0.09745762711864407 0.7236111111111111 0.03389830508474576 0.058333333333333334
1 0.8280367231638418 0.5305555555555556 0.033192090395480225 0.046296296296296294
1 0.7909604519774012 0.2388888888888889 0.026836158192090395 0.06666666666666667
1 0.5116525423728814 0.9074074074074074 0.023305084745762712 0.03518518518518519
1 0.5833333333333334 0.825462962962963 0.025423728813559324 0.04351851851851852
1 0.3209745762711864 0.19768518518518519 0.02754237288135593 0.05277777777777778
1 0.2966101694915254 0.9305555555555556 0.02401129943502825 0.03148148148148148
1 0.3181497175141243 0.9555555555555556 0.03036723163841808 0.03148148148148148
1 0.4230225988700565 0.9115740740740741 0.02824858757062147 0.03611111111111111
1 0.971045197740113 0.5712962962962963 0.026836158192090395 0.044444444444444446
1 0.2990819209039548 0.6861111111111111 0.0346045197740113 0.046296296296296294
1 0.3845338983050847 0.2796296296296296 0.03177966101694915 0.03518518518518519
1 0.4145480225988701 0.9662037037037037 0.02824858757062147 0.03611111111111111
1 0.7231638418079096 0.10833333333333334 0.03954802259887006 0.06296296296296296
1 0.10240112994350282 0.5875 0.026836158192090395 0.03796296296296296