1 0.5351617440225035 0.8111111111111111 0.035161744022503515 0.053703703703703705
1 0.5066807313642757 0.5467592592592593 0.027426160337552744 0.03796296296296296
1 0.2851617440225035 0.7083333333333334 0.03164556962025317 0.03888888888888889
1 0.5038677918424754 0.33240740740740743 0.02461322081575246 0.05
1 0.5372714486638537 0.2722222222222222 0.01969057665260197 0.016666666666666666
1 0.2879746835443038 0.5976851851851852 0.04289732770745429 0.04351851851851852
1 0.9571026722925458 0.8768518518518519 0.02390998593530239 0.03888888888888889
1 0.9563994374120957 0.9092592592592592 0.02250351617440225 0.03333333333333333
1 0.9363572433192686 0.8944444444444445 0.023206751054852322 0.03333333333333333
1 0.08438818565400844 0.8694444444444445 0.02531645569620253 0.037037037037037035
1 0.08227848101265822 0.9171296296296296 0.035161744022503515 0.041666666666666664
1 0.5615330520393812 0.29074074074074074 0.023206751054852322 0.037037037037037035
1 0.5246132208157525 0.2638888888888889 0.014064697609001406 0.020370370370370372
1 0.7039381153305204 0.874537037037037 0.030942334739803096 0.026851851851851852
1 0.9915611814345991 0.21481481481481482 0.014064697609001406 0.05185185185185185
1 0.9767932489451476 0.20694444444444443 0.02390998593530239 0.03981481481481482