1 0.8720112517580872 0.3263888888888889 0.02531645569620253 0.03796296296296296
1 0.1719409282700422 0.05787037037037037 0.035864978902953586 0.04537037037037037
1 0.8161040787623066 0.8537037037037037 0.03867791842475387 0.05185185185185185
1 0.28094233473980307 0.6375 0.03727144866385373 0.04722222222222222
1 0.7661744022503516 0.3138888888888889 0.03867791842475387 0.05
1 0.3621659634317862 0.18287037037037038 0.03938115330520394 0.04537037037037037
1 0.6135724331926864 0.14537037037037037 0.04430379746835443 0.046296296296296294
1 0.7274964838255977 0.2324074074074074 0.035864978902953586 0.05
1 0.6128691983122363 0.2763888888888889 0.04008438818565401 0.04537037037037037
1 0.24753867791842477 0.6476851851851851 0.035161744022503515 0.06018518518518518
1 0.8871308016877637 0.3263888888888889 0.02180028129395218 0.03796296296296296