1 0.5597579425113465 0.43657407407407406 0.03479576399394856 0.028703703703703703
1 0.5858547655068078 0.39814814814814814 0.02798789712556732 0.03518518518518519
1 0.5268532526475038 0.8416666666666667 0.037065052950075644 0.04814814814814815
1 0.22655068078668683 0.8652777777777778 0.040090771558245086 0.041666666666666664
1 0.18494704992435704 0.3814814814814815 0.0264750378214826 0.044444444444444446
1 0.5090771558245083 0.4263888888888889 0.03328290468986384 0.028703703703703703
1 0.5703479576399395 0.41898148148148145 0.030257186081694403 0.023148148148148147
1 0.17738275340393345 0.5675925925925925 0.038577912254160365 0.046296296296296294
1 0.5037821482602118 0.4564814814814815 0.030257186081694403 0.03148148148148148
1 0.7405446293494705 0.16944444444444445 0.04084720121028744 0.04814814814814815
1 0.5627836611195158 0.3962962962962963 0.03177004538577912 0.03148148148148148
1 0.9001512859304085 0.6259259259259259 0.03479576399394856 0.037037037037037035