1 0.2076271186440678 0.9217592592592593 0.025423728813559324 0.03981481481481482
1 0.2330508474576271 0.9638888888888889 0.025423728813559324 0.03518518518518519
1 0.019067796610169493 0.27037037037037037 0.025423728813559324 0.05925925925925926
1 0.3654661016949153 0.5444444444444444 0.036016949152542374 0.03148148148148148
1 0.2581214689265537 0.95 0.024717514124293787 0.02962962962962963
1 0.6366525423728814 0.774074074074074 0.03036723163841808 0.037037037037037035
1 0.5360169491525424 0.7615740740740741 0.0423728813559322 0.05462962962962963
1 0.20903954802259886 0.95 0.01977401129943503 0.02962962962962963
1 0.7404661016949152 0.6523148148148148 0.04590395480225989 0.05092592592592592
1 0.278954802259887 0.8601851851851852 0.03389830508474576 0.03333333333333333
1 0.5024717514124294 0.42592592592592593 0.021892655367231638 0.046296296296296294
1 0.2718926553672316 0.9254629629629629 0.01977401129943503 0.025
1 0.2775423728813559 0.9263888888888889 0.01694915254237288 0.026851851851851852
1 0.4074858757062147 0.9143518518518519 0.031073446327683617 0.03796296296296296
1 0.4060734463276836 0.7361111111111112 0.03389830508474576 0.04259259259259259
1 0.6483050847457628 0.8828703703703704 0.026836158192090395 0.03796296296296296
1 0.6758474576271186 0.8810185185185185 0.022598870056497175 0.03796296296296296
1 0.4117231638418079 0.9648148148148148 0.025423728813559324 0.03333333333333333
1 0.6546610169491526 0.65 0.025423728813559324 0.02962962962962963