1 0.2040960451977401 0.925 0.02401129943502825 0.04259259259259259
1 0.22175141242937854 0.8310185185185185 0.03672316384180791 0.05462962962962963
1 0.2274011299435028 0.9662037037037037 0.025423728813559324 0.03611111111111111
1 0.026129943502824857 0.38981481481481484 0.025423728813559324 0.05925925925925926
1 0.4523305084745763 0.5222222222222223 0.036016949152542374 0.02962962962962963
1 0.2574152542372881 0.9490740740740741 0.023305084745762712 0.03148148148148148
1 0.711864406779661 0.725462962962963 0.031073446327683617 0.03796296296296296
1 0.3096751412429379 0.7782407407407408 0.041666666666666664 0.05462962962962963
1 0.21045197740112995 0.95 0.01977401129943503 0.02962962962962963
1 0.5317796610169492 0.7518518518518519 0.0480225988700565 0.04814814814814815
1 0.3502824858757062 0.8555555555555555 0.03389830508474576 0.03333333333333333
1 0.5416666666666666 0.3648148148148148 0.022598870056497175 0.046296296296296294
1 0.2718926553672316 0.9254629629629629 0.01977401129943503 0.025
1 0.2775423728813559 0.9231481481481482 0.01694915254237288 0.02962962962962963
1 0.4032485875706215 0.9106481481481481 0.031073446327683617 0.03796296296296296
1 0.4060734463276836 0.737037037037037 0.03389830508474576 0.044444444444444446
1 0.6483050847457628 0.8828703703703704 0.02401129943502825 0.03796296296296296
1 0.6758474576271186 0.8800925925925925 0.022598870056497175 0.03981481481481482
1 0.4124293785310734 0.9638888888888889 0.02401129943502825 0.03518518518518519
1 0.644774011299435 0.7194444444444444 0.025423728813559324 0.02962962962962963
1 0.8326271186440678 0.025 0.029661016949152543 0.05