1 0.8683812405446294 0.7050925925925926 0.02118003025718608 0.041666666666666664
1 0.8014372163388804 0.7643518518518518 0.040090771558245086 0.04722222222222222
1 0.3744326777609682 0.47129629629629627 0.030257186081694403 0.03518518518518519
1 0.3838880484114977 0.4273148148148148 0.023449319213313162 0.03981481481481482
1 0.9421331316187594 0.412962962962963 0.023449319213313162 0.06481481481481481
1 0.38502269288956126 0.44583333333333336 0.03479576399394856 0.04351851851851852
1 0.7953857791225416 0.8416666666666667 0.031013615733736764 0.05185185185185185
1 0.35325264750378216 0.48055555555555557 0.03177004538577912 0.03333333333333333
1 0.74357034795764 0.16574074074074074 0.03479576399394856 0.05
1 0.8044629349470499 0.4671296296296296 0.029500756429652043 0.03981481481481482
1 0.4682299546142209 0.38055555555555554 0.02118003025718608 0.037037037037037035