0 0.3984375 0.471875 0.065625 0.10104166666666667
0 0.41484375 0.34010416666666665 0.0765625 0.13333333333333333
0 0.506640625 0.44635416666666666 0.08046875 0.15
0 0.548828125 0.5963541666666666 0.0859375 0.12604166666666666
0 0.697265625 0.18802083333333333 0.0765625 0.146875
0 0.7609375 0.17864583333333334 0.04453125 0.10729166666666666
0 0.634375 0.521875 0.08828125 0.090625
0 0.80703125 0.16875 0.0609375 0.08020833333333334
0 0.645703125 0.6161458333333333 0.109375 0.1125
0 0.19609375 0.45729166666666665 0.115625 0.12083333333333333
0 0.594140625 0.3828125 0.06171875 0.10729166666666666
0 0.3296875 0.3854166666666667 0.08515625 0.12395833333333334
0 0.56875 0.4421875 0.040625 0.084375
0 0.809765625 0.4765625 0.09609375 0.128125
0 0.88828125 0.5739583333333333 0.14296875 0.128125
0 0.770703125 0.6083333333333333 0.1109375 0.11354166666666667
0 0.71484375 0.50625 0.0828125 0.084375