0 0.3390625 0.38958333333333334 0.08046875 0.14166666666666666
0 0.399609375 0.47708333333333336 0.065625 0.10104166666666667
0 0.41484375 0.34010416666666665 0.0765625 0.13333333333333333
0 0.506640625 0.44635416666666666 0.08046875 0.15
0 0.564453125 0.5953125 0.0859375 0.12604166666666666
0 0.741796875 0.5020833333333333 0.10390625 0.11145833333333334
0 0.697265625 0.18802083333333333 0.0765625 0.146875
0 0.75234375 0.17708333333333334 0.04453125 0.10729166666666666
0 0.83515625 0.5864583333333333 0.11875 0.09583333333333334
0 0.63671875 0.5177083333333333 0.08828125 0.090625
0 0.80703125 0.16875 0.0609375 0.08020833333333334
0 0.596875 0.38229166666666664 0.0671875 0.10729166666666666
0 0.610546875 0.46041666666666664 0.0578125 0.07083333333333333
0 0.651953125 0.6114583333333333 0.109375 0.1125
0 0.20390625 0.4786458333333333 0.115625 0.12083333333333333