0 0.300390625 0.46979166666666666 0.065625 0.10104166666666667
0 0.52578125 0.6177083333333333 0.0859375 0.12604166666666666
0 0.697265625 0.18958333333333333 0.0765625 0.146875
0 0.7515625 0.14270833333333333 0.04453125 0.10729166666666666
0 0.62890625 0.5197916666666667 0.08828125 0.090625
0 0.80546875 0.18489583333333334 0.0609375 0.08020833333333334
0 0.637890625 0.6145833333333334 0.109375 0.1125
0 0.560546875 0.3645833333333333 0.06171875 0.10729166666666666
0 0.55625 0.46145833333333336 0.040625 0.084375
0 0.809765625 0.4765625 0.09609375 0.128125
0 0.88515625 0.590625 0.14296875 0.128125
0 0.769140625 0.6010416666666667 0.1109375 0.11354166666666667
0 0.71796875 0.50625 0.0828125 0.084375
0 0.178125 0.475 0.1171875 0.10833333333333334
0 0.27734375 0.7942708333333334 0.08046875 0.18020833333333333
0 0.498046875 0.4630208333333333 0.071875 0.1
0 0.322265625 0.36302083333333335 0.1 0.115625
0 0.383984375 0.6036458333333333 0.08125 0.125
0 0.335546875 0.7208333333333333 0.07890625 0.12395833333333334