0 0.742578125 0.20885416666666667 0.0921875 0.14895833333333333
0 0.77109375 0.3645833333333333 0.1046875 0.14583333333333334
0 0.75625 0.4713541666666667 0.10546875 0.09479166666666666
0 0.69375 0.6697916666666667 0.096875 0.14479166666666668
0 0.76484375 0.5796875 0.0890625 0.08229166666666667
0 0.61796875 0.40520833333333334 0.0671875 0.109375
0 0.62578125 0.5130208333333334 0.09609375 0.09895833333333333
0 0.55 0.45416666666666666 0.0703125 0.11979166666666667
0 0.5015625 0.5302083333333333 0.0515625 0.10833333333333334
0 0.385546875 0.5895833333333333 0.0671875 0.103125
0 0.276171875 0.6291666666666667 0.10390625 0.109375
0 0.125390625 0.609375 0.1484375 0.12083333333333333
0 0.073828125 0.1828125 0.07265625 0.1
0 0.38046875 0.32916666666666666 0.1359375 0.11979166666666667
0 0.399609375 0.4661458333333333 0.08671875 0.0875
0 0.266015625 0.5130208333333334 0.11171875 0.115625
0 0.866015625 0.5140625 0.10078125 0.125
0 0.95078125 0.43802083333333336 0.0953125 0.09583333333333334