0 0.628125 0.4864583333333333 0.10546875 0.09479166666666666
0 0.419921875 0.41302083333333334 0.0671875 0.109375
0 0.062109375 0.6145833333333334 0.10390625 0.109375
0 0.0734375 0.203125 0.07265625 0.1
0 0.198828125 0.4588541666666667 0.096875 0.11145833333333334
0 0.616015625 0.6390625 0.0953125 0.134375
0 0.340625 0.43802083333333336 0.06484375 0.12916666666666668
0 0.4265625 0.5223958333333333 0.08828125 0.10833333333333334
0 0.1828125 0.5859375 0.0921875 0.10520833333333333
0 0.727734375 0.5786458333333333 0.096875 0.1125
0 0.76796875 0.3828125 0.1109375 0.140625
0 0.614453125 0.3796875 0.12734375 0.090625
0 0.874609375 0.4166666666666667 0.11484375 0.103125
0 0.768359375 0.2171875 0.0859375 0.13854166666666667
0 0.28984375 0.5588541666666667 0.0953125 0.128125