0 0.751171875 0.19114583333333332 0.0921875 0.14895833333333333
0 0.753125 0.36041666666666666 0.1046875 0.14583333333333334
0 0.744140625 0.4661458333333333 0.10546875 0.09479166666666666
0 0.69453125 0.6546875 0.096875 0.14479166666666668
0 0.758984375 0.5880208333333333 0.0890625 0.08229166666666667
0 0.624609375 0.4046875 0.0671875 0.109375
0 0.629296875 0.5145833333333333 0.09609375 0.09895833333333333
0 0.50078125 0.5234375 0.0515625 0.10833333333333334
0 0.391015625 0.5734375 0.0671875 0.103125
0 0.247265625 0.6375 0.10390625 0.109375
0 0.103515625 0.609375 0.1484375 0.12083333333333333
0 0.075390625 0.17760416666666667 0.07265625 0.1
0 0.26640625 0.5125 0.11171875 0.115625
0 0.864453125 0.465625 0.10078125 0.125
0 0.95078125 0.43802083333333336 0.0953125 0.09583333333333334
0 0.37734375 0.4484375 0.096875 0.11145833333333334
0 0.537890625 0.43645833333333334 0.09296875 0.10416666666666667