0 0.68984375 0.3546875 0.1015625 0.10520833333333333
0 0.688671875 0.47552083333333334 0.10390625 0.1125
0 0.790234375 0.3046875 0.0484375 0.08020833333333334
0 0.494921875 0.5973958333333333 0.0734375 0.15104166666666666
0 0.151171875 0.3078125 0.10078125 0.103125
0 0.27421875 0.39739583333333334 0.10078125 0.13333333333333333
0 0.36796875 0.571875 0.1 0.134375
0 0.119140625 0.43020833333333336 0.1359375 0.1
0 0.048046875 0.3296875 0.09140625 0.103125
0 0.387890625 0.4390625 0.07890625 0.12604166666666666
0 0.511328125 0.4453125 0.07734375 0.13645833333333332
0 0.39921875 0.7619791666666667 0.090625 0.14479166666666668
0 0.261328125 0.7708333333333334 0.08828125 0.16979166666666667