1 0.298046875 0.13177083333333334 0.09453125 0.084375
1 0.284375 0.3385416666666667 0.0765625 0.11354166666666667
1 0.559765625 0.6145833333333334 0.06171875 0.10833333333333334
1 0.632421875 0.8619791666666666 0.09140625 0.16145833333333334
1 0.00069102578125 0.0009700458333333333 0.00009704609375 0.0001461229166666667
1 0.387890625 0.9296875 0.084375 0.11354166666666667
1 0.491796875 0.909375 0.0671875 0.09895833333333333
1 0.291796875 0.878125 0.06484375 0.165625
1 0.171484375 0.8635416666666667 0.1109375 0.16770833333333332
1 0.489453125 0.7869791666666667 0.09765625 0.13854166666666667
1 0.74765625 0.8598958333333333 0.090625 0.14166666666666666
1 0.776953125 0.9536458333333333 0.08671875 0.090625
1 0.36484375 0.8067708333333333 0.06875 0.153125