1 0.30078125 0.13125 0.09453125 0.084375
1 0.284375 0.3390625 0.0765625 0.11354166666666667
1 0.553515625 0.6067708333333334 0.06171875 0.10833333333333334
1 0.541796875 0.7947916666666667 0.1 0.14166666666666666
1 0.672265625 0.8864583333333333 0.09140625 0.16145833333333334
1 0.774609375 0.8598958333333333 0.09921875 0.16354166666666667
1 0.936328125 0.9296875 0.12421875 0.140625
1 0.41484375 0.8151041666666666 0.05 0.134375
1 0.00033773515625 0.0009835187499999999 0.00006591796875 0.00011863437500000001
1 0.5484375 0.9213541666666667 0.0671875 0.09895833333333333
1 0.35546875 0.8630208333333333 0.0640625 0.159375
1 0.21171875 0.8796875 0.0890625 0.15416666666666667
1 0.091015625 0.7609375 0.13359375 0.128125
1 0.296875 0.9130208333333333 0.059375 0.17083333333333334