0 0.064453125 0.8625 0.12109375 0.15
0 0.299609375 0.12864583333333332 0.07734375 0.084375
0 0.287890625 0.3411458333333333 0.09140625 0.09895833333333333
0 0.559375 0.6088541666666667 0.06484375 0.1125
0 0.66953125 0.846875 0.0828125 0.13229166666666667
0 0.79921875 0.9114583333333334 0.103125 0.16145833333333334
0 0.925 0.8625 0.0953125 0.14479166666666668
0 0.415234375 0.8046875 0.08984375 0.14583333333333334
0 0.27265625 0.8427083333333333 0.0734375 0.134375
0 0.2703125 0.9447916666666667 0.08984375 0.11041666666666666
0 0.16328125 0.8770833333333333 0.09375 0.14270833333333333
0 0.567578125 0.7953125 0.06640625 0.15104166666666666