1 0.3015625 0.13072916666666667 0.09453125 0.084375
1 0.284375 0.3390625 0.0765625 0.11354166666666667
1 0.553515625 0.6072916666666667 0.06171875 0.10833333333333334
1 0.553125 0.8010416666666667 0.1 0.14166666666666666
1 0.0005129875 0.0009593729166666666 0.0000714109375 0.00016782395833333334
1 0.751171875 0.8614583333333333 0.09921875 0.16354166666666667
1 0.0007065109375 0.000969875 0.00009704609375 0.0001461229166666667
1 0.415234375 0.8140625 0.05 0.134375
1 0.00033799453125 0.00098365 0.00006591796875 0.00011863437500000001
1 0.55078125 0.91875 0.0671875 0.09895833333333333
1 0.351171875 0.8609375 0.0640625 0.159375
1 0.21171875 0.8796875 0.0890625 0.15416666666666667
1 0.280859375 0.7145833333333333 0.11015625 0.12395833333333334