0 0.29296875 0.33177083333333335 0.1125 0.14479166666666668
0 0.565234375 0.6171875 0.096875 0.16145833333333334
0 0.3078125 0.14635416666666667 0.09140625 0.12083333333333333
0 0.29296875 0.33177083333333335 0.1125 0.14479166666666668
0 0.565234375 0.6171875 0.096875 0.16145833333333334
0 0.3078125 0.14635416666666667 0.09140625 0.12083333333333333
0 0.29296875 0.33177083333333335 0.1125 0.14479166666666668
0 0.565234375 0.6171875 0.096875 0.16145833333333334
0 0.3078125 0.14635416666666667 0.09140625 0.12083333333333333
0 0.29296875 0.33177083333333335 0.1125 0.14479166666666668
0 0.565234375 0.6171875 0.096875 0.16145833333333334
0 0.3078125 0.14635416666666667 0.09140625 0.12083333333333333
0 0.875 0.9114583333333334 0.115625 0.16666666666666666
0 0.48125 0.7765625 0.0875 0.13020833333333334
0 0.29765625 0.8682291666666667 0.0703125 0.18854166666666666
0 0.378515625 0.9333333333333333 0.08515625 0.10833333333333334
0 0.163671875 0.8276041666666667 0.12265625 0.15520833333333334
0 0.636328125 0.8354166666666667 0.08046875 0.18229166666666666
0 0.49453125 0.9098958333333333 0.0546875 0.11666666666666667
0 0.36328125 0.8098958333333334 0.059375 0.14166666666666666
0 0.747265625 0.8682291666666667 0.10078125 0.14479166666666668