0 0.750390625 0.20833333333333334 0.08984375 0.15104166666666666
0 0.8296875 0.45 0.0828125 0.15833333333333333
0 0.91328125 0.4166666666666667 0.0890625 0.153125
0 0.351953125 0.6203125 0.1 0.17083333333333334
0 0.342578125 0.4390625 0.07734375 0.11979166666666667
0 0.4375 0.42552083333333335 0.0828125 0.15416666666666667
0 0.725390625 0.425 0.11015625 0.15
0 0.525 0.5234375 0.090625 0.13333333333333333
0 0.591015625 0.4078125 0.07890625 0.10416666666666667
0 0.5578125 0.6453125 0.109375 0.12604166666666666
0 0.16171875 0.39166666666666666 0.146875 0.175