0 0.68984375 0.17239583333333333 0.0703125 0.16354166666666667
0 0.7734375 0.190625 0.09140625 0.13020833333333334
0 0.49375 0.4979166666666667 0.0765625 0.12083333333333333
0 0.24453125 0.48020833333333335 0.121875 0.13854166666666667
0 0.416015625 0.63125 0.07734375 0.14895833333333333
0 0.365625 0.475 0.0796875 0.13333333333333333
0 0.32578125 0.5635416666666667 0.0765625 0.125
0 0.556640625 0.4505208333333333 0.06640625 0.14479166666666668
0 0.61484375 0.4244791666666667 0.065625 0.12604166666666666
0 0.654296875 0.56875 0.14921875 0.121875
0 0.6921875 0.47239583333333335 0.0921875 0.10520833333333333
0 0.794140625 0.40729166666666666 0.13828125 0.11979166666666667
0 0.156640625 0.5520833333333334 0.08125 0.13229166666666667
0 0.83671875 0.5677083333333334 0.13515625 0.15729166666666666
0 0.06171875 0.5973958333333333 0.0953125 0.13645833333333332