1 0.904296875 0.11614583333333334 0.09375 0.16770833333333332
1 0.533203125 0.7130208333333333 0.078125 0.13854166666666667
1 0.127734375 0.15 0.1109375 0.15833333333333333
1 0.526953125 0.10625 0.071875 0.15104166666666666
1 0.604296875 0.7098958333333333 0.04609375 0.09479166666666666
1 0.422265625 0.9098958333333333 0.06796875 0.16354166666666667
1 0.63828125 0.70625 0.0421875 0.09895833333333333
1 0.15234375 0.9109375 0.0953125 0.14479166666666668
1 0.233203125 0.8895833333333333 0.08671875 0.14895833333333333
1 0.419921875 0.35833333333333334 0.0734375 0.203125
1 0.352734375 0.3125 0.07578125 0.175
1 0.280859375 0.2994791666666667 0.08203125 0.17083333333333334