0 0.35859375 0.4505208333333333 0.0828125 0.109375
0 0.35390625 0.5838541666666667 0.084375 0.12916666666666668
0 0.44453125 0.5098958333333333 0.07421875 0.125
0 0.10390625 0.5979166666666667 0.159375 0.10520833333333333
0 0.2375 0.61875 0.10234375 0.09166666666666666
0 0.0703125 0.19427083333333334 0.07890625 0.09479166666666666
0 0.49375 0.446875 0.0640625 0.13854166666666667
0 0.75234375 0.5942708333333333 0.1140625 0.10833333333333334
0 0.684375 0.6651041666666667 0.1046875 0.13645833333333332
0 0.70390625 0.4557291666666667 0.115625 0.10833333333333334
0 0.762109375 0.18177083333333333 0.10078125 0.178125
0 0.7046875 0.3333333333333333 0.1015625 0.121875
0 0.5609375 0.39375 0.0765625 0.10104166666666667
0 0.23359375 0.5291666666666667 0.1046875 0.10833333333333334
0 0.584765625 0.5 0.08359375 0.09166666666666666
0 0.832421875 0.42552083333333335 0.13828125 0.1375