0 0.34375 0.42239583333333336 0.0828125 0.13854166666666667
0 0.23515625 0.34270833333333334 0.10234375 0.115625
0 0.46171875 0.6119791666666666 0.1015625 0.12395833333333334
0 0.515234375 0.425 0.08515625 0.146875
0 0.594140625 0.5578125 0.07265625 0.15416666666666667
0 0.550390625 0.6953125 0.0796875 0.13229166666666667
0 0.691015625 0.3375 0.10703125 0.13333333333333333
0 0.779296875 0.33177083333333335 0.0609375 0.125
0 0.686328125 0.4765625 0.09375 0.125
0 0.12890625 0.39114583333333336 0.1125 0.10729166666666666
0 0.19375 0.45677083333333335 0.14609375 0.090625