0 0.754296875 0.2015625 0.09453125 0.16666666666666666
0 0.841796875 0.4432291666666667 0.14609375 0.11979166666666667
0 0.7984375 0.58125 0.12734375 0.121875
0 0.147265625 0.47604166666666664 0.13046875 0.10520833333333333
0 0.149609375 0.5713541666666667 0.1546875 0.096875
0 0.34609375 0.45364583333333336 0.08125 0.140625
0 0.954296875 0.3953125 0.08203125 0.10416666666666667
0 0.944140625 0.6630208333333333 0.10703125 0.13645833333333332
0 0.226953125 0.4005208333333333 0.13671875 0.12604166666666666
0 0.417578125 0.4578125 0.06796875 0.1375
0 0.286328125 0.5838541666666667 0.10625 0.09479166666666666
0 0.515625 0.4140625 0.0734375 0.11354166666666667
0 0.49609375 0.5598958333333334 0.0890625 0.13020833333333334
0 0.661328125 0.465625 0.09765625 0.15416666666666667