0 0.29296875 0.33177083333333335 0.1125 0.14479166666666668
0 0.565234375 0.6171875 0.096875 0.16145833333333334
0 0.296875 0.12291666666666666 0.09140625 0.12083333333333333
0 0.29296875 0.33177083333333335 0.1125 0.14479166666666668
0 0.565234375 0.6171875 0.096875 0.16145833333333334
0 0.296875 0.12291666666666666 0.09140625 0.12083333333333333
0 0.29296875 0.33177083333333335 0.1125 0.14479166666666668
0 0.565234375 0.6171875 0.096875 0.16145833333333334
0 0.296875 0.12291666666666666 0.09140625 0.12083333333333333
0 0.29296875 0.33177083333333335 0.1125 0.14479166666666668
0 0.565234375 0.6171875 0.096875 0.16145833333333334
0 0.296875 0.12291666666666666 0.09140625 0.12083333333333333
0 0.222265625 0.8838541666666667 0.05390625 0.17604166666666668
0 0.2875 0.8265625 0.0828125 0.13645833333333332
0 0.421875 0.8020833333333334 0.0734375 0.15729166666666666
0 0.109375 0.8640625 0.13125 0.14479166666666668
0 0.307421875 0.94375 0.10234375 0.09479166666666666
0 0.47265625 0.9057291666666667 0.046875 0.16145833333333334
0 0.68046875 0.8479166666666667 0.1046875 0.14270833333333333
0 0.572265625 0.7984375 0.0734375 0.15
0 0.84453125 0.8895833333333333 0.1171875 0.17395833333333333
0 0.676953125 0.9411458333333333 0.11015625 0.115625