0 0.6875 0.15885416666666666 0.0890625 0.15520833333333334
0 0.76015625 0.17604166666666668 0.0390625 0.14166666666666666
0 0.8140625 0.175 0.0640625 0.13020833333333334
0 0.0953125 0.4979166666666667 0.1109375 0.15104166666666666
0 0.44765625 0.521875 0.07734375 0.15520833333333334
0 0.3734375 0.39166666666666666 0.07421875 0.14895833333333333
0 0.631640625 0.42291666666666666 0.08359375 0.14270833333333333
0 0.52890625 0.37135416666666665 0.071875 0.11979166666666667
0 0.575390625 0.5411458333333333 0.0828125 0.14166666666666666
0 0.81484375 0.5098958333333333 0.125 0.109375
0 0.453515625 0.3578125 0.06640625 0.134375
0 0.211328125 0.4322916666666667 0.10390625 0.11354166666666667
0 0.808203125 0.4119791666666667 0.11171875 0.10729166666666666
0 0.728125 0.496875 0.0875 0.13854166666666667
0 0.299609375 0.4473958333333333 0.07578125 0.14479166666666668
0 0.176953125 0.5588541666666667 0.11015625 0.109375
0 0.095703125 0.66875 0.14921875 0.1125