0 0.584765625 0.4161458333333333 0.084375 0.16979166666666667
0 0.673828125 0.4114583333333333 0.0796875 0.175
0 0.902734375 0.5421875 0.1 0.14479166666666668
0 0.5234375 0.7166666666666667 0.07421875 0.153125
0 0.976953125 0.7494791666666667 0.0453125 0.134375
0 0.594921875 0.12552083333333333 0.08671875 0.16354166666666667
0 0.1328125 0.13333333333333333 0.06171875 0.09270833333333334
0 0.042578125 0.14166666666666666 0.0765625 0.16666666666666666
0 0.883203125 0.7515625 0.08984375 0.12604166666666666
0 0.120703125 0.33125 0.12421875 0.121875
0 0.187109375 0.4640625 0.096875 0.11354166666666667
0 0.09921875 0.46197916666666666 0.0875 0.11145833333333334
0 0.1734375 0.6588541666666666 0.11484375 0.16354166666666667
0 0.152734375 0.9348958333333334 0.13359375 0.125
0 0.03515625 0.3307291666666667 0.05625 0.1375
0 0.92265625 0.10416666666666667 0.1 0.1625
0 0.3375 0.4192708333333333 0.071875 0.13020833333333334
0 0.34375 0.325 0.0703125 0.06979166666666667
0 0.537109375 0.22083333333333333 0.08828125 0.096875