0 0.690234375 0.17239583333333333 0.0703125 0.16354166666666667
0 0.773046875 0.1890625 0.09140625 0.13020833333333334
0 0.49375 0.4984375 0.0765625 0.12083333333333333
0 0.6390625 0.42291666666666666 0.065625 0.14583333333333334
0 0.5703125 0.44583333333333336 0.0734375 0.13854166666666667
0 0.15546875 0.4786458333333333 0.06953125 0.125
0 0.07578125 0.5442708333333334 0.12890625 0.10833333333333334
0 0.670703125 0.5927083333333333 0.09453125 0.14479166666666668
0 0.364453125 0.5 0.06875 0.11354166666666667
0 0.24453125 0.48072916666666665 0.121875 0.13854166666666667
0 0.416015625 0.6317708333333333 0.07734375 0.14895833333333333
0 0.69765625 0.490625 0.0796875 0.09166666666666666
0 0.321484375 0.5661458333333333 0.08671875 0.115625
0 0.816015625 0.53125 0.13671875 0.15
0 0.796484375 0.4036458333333333 0.13671875 0.12916666666666668