0 0.75703125 0.19583333333333333 0.09375 0.15520833333333334
0 0.08046875 0.20052083333333334 0.075 0.09270833333333334
0 0.372265625 0.6166666666666667 0.09765625 0.0875
0 0.371484375 0.5208333333333334 0.0875 0.10520833333333333
0 0.47578125 0.45729166666666665 0.078125 0.090625
0 0.56953125 0.5239583333333333 0.071875 0.09583333333333334
0 0.6140625 0.4296875 0.0828125 0.109375
0 0.701171875 0.42604166666666665 0.08203125 0.10416666666666667
0 0.75546875 0.6630208333333333 0.09140625 0.121875
0 0.80078125 0.3723958333333333 0.1171875 0.13645833333333332
0 0.16328125 0.6 0.13828125 0.09895833333333333
0 0.809375 0.4979166666666667 0.1140625 0.10520833333333333
0 0.932421875 0.4625 0.13203125 0.09166666666666666
0 0.704296875 0.5401041666666667 0.08515625 0.09479166666666666
0 0.4625 0.5854166666666667 0.08125 0.11145833333333334
0 0.119921875 0.4546875 0.18203125 0.109375
0 0.806640625 0.6104166666666667 0.103125 0.109375