0 0.75 0.3984375 0.1359375 0.146875
0 0.571875 0.396875 0.06875 0.17083333333333334
0 0.140234375 0.40625 0.14453125 0.12395833333333334
0 0.11328125 0.21354166666666666 0.09375 0.128125
0 0.233984375 0.5166666666666667 0.13671875 0.103125
0 0.646484375 0.4125 0.07265625 0.18645833333333334
0 0.843359375 0.4661458333333333 0.12421875 0.1375
0 0.751171875 0.19635416666666666 0.11640625 0.15104166666666666
0 0.217578125 0.6427083333333333 0.16171875 0.13854166666666667
0 0.071484375 0.6708333333333333 0.1359375 0.14479166666666668
0 0.31875 0.41302083333333334 0.109375 0.17083333333333334
0 0.443359375 0.43385416666666665 0.10390625 0.1625
0 0.755078125 0.5588541666666667 0.12890625 0.12604166666666666