0 0.691015625 0.33645833333333336 0.10703125 0.13333333333333333
0 0.687890625 0.48333333333333334 0.0984375 0.115625
0 0.691015625 0.33645833333333336 0.10703125 0.13333333333333333
0 0.687890625 0.48333333333333334 0.0984375 0.115625
0 0.78671875 0.29322916666666665 0.07890625 0.11354166666666667
0 0.099609375 0.32760416666666664 0.14765625 0.13333333333333333
0 0.083203125 0.4479166666666667 0.16171875 0.1
0 0.350390625 0.5385416666666667 0.121875 0.115625
0 0.387890625 0.421875 0.09296875 0.121875
0 0.24140625 0.39375 0.128125 0.140625
0 0.531640625 0.7020833333333333 0.08203125 0.140625
0 0.486328125 0.5875 0.08671875 0.13020833333333334
0 0.4734375 0.41041666666666665 0.0734375 0.1125