0 0.750390625 0.20833333333333334 0.08984375 0.15104166666666666
0 0.16171875 0.3921875 0.146875 0.175
0 0.8671875 0.40520833333333334 0.09375 0.18645833333333334
0 0.462890625 0.5015625 0.08671875 0.11145833333333334
0 0.37421875 0.44427083333333334 0.0828125 0.15833333333333333
0 0.271484375 0.43020833333333336 0.11640625 0.13645833333333332
0 0.455859375 0.6380208333333334 0.109375 0.13645833333333332
0 0.530859375 0.4348958333333333 0.08515625 0.11979166666666667
0 0.74921875 0.4125 0.1078125 0.18333333333333332
0 0.638671875 0.43697916666666664 0.08515625 0.19895833333333332
0 0.29375 0.6229166666666667 0.159375 0.15416666666666667