0 0.584765625 0.40729166666666666 0.078125 0.15729166666666666
0 0.6703125 0.415625 0.06171875 0.16770833333333332
0 0.5984375 0.12135416666666667 0.0859375 0.178125
0 0.165234375 0.6484375 0.1140625 0.17395833333333333
0 0.52578125 0.715625 0.0859375 0.16354166666666667
0 0.92578125 0.11458333333333333 0.090625 0.15416666666666667
0 0.96953125 0.7515625 0.0609375 0.15520833333333334
0 0.908203125 0.553125 0.1109375 0.125
0 0.087890625 0.9057291666666667 0.13203125 0.16979166666666667
0 0.148046875 0.11041666666666666 0.05078125 0.09895833333333333
0 0.094921875 0.4510416666666667 0.07578125 0.12916666666666668
0 0.183203125 0.4671875 0.09609375 0.109375
0 0.22734375 0.11875 0.10234375 0.1375
0 0.11953125 0.32447916666666665 0.0453125 0.07604166666666666
0 0.15859375 0.33229166666666665 0.0421875 0.1
0 0.05859375 0.09427083333333333 0.1140625 0.15833333333333333
0 0.3515625 0.3515625 0.065625 0.11145833333333334
0 0.9296875 0.8526041666666667 0.1265625 0.15
0 0.2453125 0.3494791666666667 0.125 0.13229166666666667