0 0.7578125 0.2 0.0828125 0.146875
0 0.680078125 0.4161458333333333 0.07578125 0.1
0 0.921875 0.4276041666666667 0.14375 0.14166666666666666
0 0.794921875 0.4395833333333333 0.10859375 0.140625
0 0.43671875 0.43697916666666664 0.09375 0.14270833333333333
0 0.262890625 0.5375 0.13828125 0.10416666666666667
0 0.13984375 0.48541666666666666 0.1078125 0.109375
0 0.525390625 0.43333333333333335 0.06484375 0.18854166666666666
0 0.6765625 0.4953125 0.1578125 0.10520833333333333
0 0.410546875 0.5552083333333333 0.1171875 0.128125
0 0.091015625 0.5921875 0.15703125 0.12083333333333333
0 0.331640625 0.40989583333333335 0.09453125 0.15
0 0.213671875 0.4421875 0.13359375 0.09895833333333333
0 0.871875 0.5994791666666667 0.1546875 0.134375