0 0.754296875 0.20208333333333334 0.09453125 0.16666666666666666
0 0.72578125 0.5005208333333333 0.1234375 0.16770833333333332
0 0.841796875 0.4427083333333333 0.14609375 0.11979166666666667
0 0.833203125 0.5989583333333334 0.12734375 0.121875
0 0.147265625 0.4765625 0.13046875 0.10520833333333333
0 0.13828125 0.5828125 0.1546875 0.096875
0 0.289453125 0.615625 0.10078125 0.13645833333333332
0 0.363671875 0.4588541666666667 0.09296875 0.121875
0 0.26953125 0.3984375 0.096875 0.08854166666666667
0 0.458984375 0.4609375 0.07421875 0.16979166666666667
0 0.573046875 0.4036458333333333 0.06953125 0.11770833333333333
0 0.602734375 0.5067708333333333 0.08359375 0.096875