1 0.75703125 0.18385416666666668 0.09375 0.15520833333333334
1 0.080859375 0.20052083333333334 0.075 0.09270833333333334
1 0.162890625 0.6052083333333333 0.15625 0.11979166666666667
1 0.40234375 0.459375 0.0859375 0.10833333333333334
1 0.30078125 0.5229166666666667 0.0875 0.084375
1 0.387890625 0.5994791666666667 0.07421875 0.11354166666666667
1 0.29765625 0.6109375 0.1 0.08854166666666667
1 0.56484375 0.45625 0.071875 0.15729166666666666
1 0.61953125 0.40572916666666664 0.0796875 0.11145833333333334
1 0.7703125 0.6119791666666666 0.125 0.11354166666666667
1 0.70859375 0.6619791666666667 0.11875 0.13645833333333332
1 0.722265625 0.47552083333333334 0.1171875 0.103125
1 0.64375 0.5229166666666667 0.0921875 0.125
1 0.5015625 0.5166666666666667 0.0703125 0.11979166666666667
1 0.769921875 0.34322916666666664 0.11640625 0.13854166666666667
1 0.898828125 0.4765625 0.14921875 0.08020833333333334