0 0.750390625 0.20833333333333334 0.08984375 0.15104166666666666
0 0.1015625 0.20416666666666666 0.0890625 0.128125
0 0.843359375 0.59375 0.13828125 0.12604166666666666
0 0.411328125 0.44427083333333334 0.08984375 0.16354166666666667
0 0.814453125 0.44583333333333336 0.11328125 0.11666666666666667
0 0.092578125 0.6328125 0.16953125 0.134375
0 0.15703125 0.4083333333333333 0.14375 0.10520833333333333
0 0.295703125 0.5416666666666666 0.1140625 0.12083333333333333
0 0.591015625 0.39114583333333336 0.08515625 0.159375
0 0.501953125 0.44114583333333335 0.06953125 0.15729166666666666
0 0.68203125 0.4119791666666667 0.0890625 0.16770833333333332
0 0.29765625 0.6515625 0.15 0.121875