0 0.584765625 0.4078125 0.078125 0.15729166666666666
0 0.658984375 0.415625 0.06171875 0.16770833333333332
0 0.9 0.5541666666666667 0.1046875 0.14479166666666668
0 0.901953125 0.7416666666666667 0.1046875 0.17083333333333334
0 0.59765625 0.11979166666666667 0.0859375 0.178125
0 0.178515625 0.6505208333333333 0.1140625 0.17395833333333333
0 0.110546875 0.48802083333333335 0.08984375 0.12395833333333334
0 0.091796875 0.32447916666666665 0.05078125 0.1375
0 0.52578125 0.715625 0.0859375 0.16354166666666667
0 0.92890625 0.11510416666666666 0.090625 0.15416666666666667
0 0.20625 0.496875 0.09609375 0.13854166666666667
0 0.186328125 0.33177083333333335 0.078125 0.11145833333333334
0 0.1734375 0.14322916666666666 0.11953125 0.153125
0 0.10859375 0.8375 0.1796875 0.13333333333333333