1 0.6661554192229039 0.06805555555555555 0.03374233128834356 0.049074074074074076
1 0.23031697341513294 0.3587962962962963 0.04243353783231084 0.06574074074074074
1 0.4238241308793456 0.5518518518518518 0.03783231083844581 0.05555555555555555
1 0.733640081799591 0.16296296296296298 0.03374233128834356 0.04814814814814815
1 0.6400817995910021 0.7194444444444444 0.049079754601226995 0.06111111111111111
1 0.5066462167689162 0.8532407407407407 0.06032719836400818 0.0712962962962963
1 0.7239263803680982 0.12407407407407407 0.03374233128834356 0.046296296296296294
1 0.7392638036809815 0.13240740740740742 0.03680981595092025 0.05
1 0.7106339468302658 0.026851851851851852 0.03783231083844581 0.05
1 0.31671779141104295 0.3509259259259259 0.0434560327198364 0.06111111111111111
1 0.6664110429447853 0.13657407407407407 0.028118609406952964 0.041666666666666664
1 0.21497955010224948 0.6393518518518518 0.04243353783231084 0.06944444444444445
1 0.6738241308793456 0.16296296296296298 0.026584867075664622 0.03518518518518519
1 0.4166666666666667 0.512962962962963 0.034764826175869123 0.05185185185185185
1 0.691717791411043 0.14953703703703702 0.022494887525562373 0.03796296296296296
1 0.6922290388548057 0.11990740740740741 0.023517382413087935 0.03796296296296296
1 0.7505112474437627 0.13194444444444445 0.03067484662576687 0.03796296296296296