1 0.6705010224948875 0.09583333333333334 0.025051124744376277 0.023148148148148147
1 0.7096114519427403 0.1925925925925926 0.03374233128834356 0.06481481481481481
1 0.7328732106339468 0.16296296296296298 0.0352760736196319 0.05740740740740741
1 0.2282719836400818 0.36018518518518516 0.032208588957055216 0.05
1 0.7561349693251533 0.7018518518518518 0.03067484662576687 0.03333333333333333
1 0.3131390593047035 0.3537037037037037 0.028118609406952964 0.046296296296296294
1 0.6697341513292433 0.12407407407407407 0.023517382413087935 0.03333333333333333
1 0.6669222903885481 0.15324074074074073 0.0270961145194274 0.03796296296296296
1 0.6881390593047034 0.14629629629629629 0.018404907975460124 0.03148148148148148
1 0.6914621676891616 0.1175925925925926 0.019938650306748466 0.03333333333333333
1 0.6710122699386503 0.06805555555555555 0.020961145194274028 0.026851851851851852
1 0.20449897750511248 0.874537037037037 0.0408997955010225 0.04722222222222222
1 0.17280163599182005 0.9018518518518519 0.022494887525562373 0.046296296296296294
1 0.7359406952965235 0.16064814814814815 0.024028629856850715 0.026851851851851852
1 0.7520449897750511 0.1259259259259259 0.03680981595092025 0.046296296296296294