1 0.6641104294478528 0.07361111111111111 0.026584867075664622 0.03796296296296296
1 0.19734151329243355 0.3189814814814815 0.026584867075664622 0.049074074074074076
1 0.8315439672801636 0.8430555555555556 0.0434560327198364 0.06759259259259259
1 0.0005124236265321741 0.0007806069958847736 0.000008625340308881277 0.000038580246913580246
1 0.8018916155419223 0.8578703703703704 0.032208588957055216 0.041666666666666664
1 0.5503578732106339 0.6847222222222222 0.0352760736196319 0.06759259259259259
1 0.7351738241308794 0.15416666666666667 0.02556237218813906 0.03981481481481482
1 0.3131390593047035 0.3560185185185185 0.028118609406952964 0.041666666666666664
1 0.6689672801635992 0.12222222222222222 0.019938650306748466 0.02962962962962963
1 0.6697341513292433 0.15555555555555556 0.02147239263803681 0.03333333333333333
1 0.6894171779141104 0.1439814814814815 0.020961145194274028 0.026851851851851852
1 0.6901840490797546 0.11990740740740741 0.022494887525562373 0.03425925925925926
1 0.753323108384458 0.12685185185185185 0.028118609406952964 0.044444444444444446