1 0.15593047034764826 0.20185185185185187 0.019427402862985686 0.04259259259259259
1 0.4307259713701431 0.4203703703703704 0.024028629856850715 0.03148148148148148
1 0.15593047034764826 0.1726851851851852 0.02556237218813906 0.03796296296296296
1 0.7576687116564417 0.7212962962962963 0.019427402862985686 0.044444444444444446
1 0.26559304703476483 0.11435185185185186 0.028118609406952964 0.03611111111111111
1 0.7653374233128835 0.9629629629629629 0.02147239263803681 0.046296296296296294
1 0.7295501022494888 0.3768518518518518 0.03374233128834356 0.03333333333333333
1 0.342280163599182 0.32314814814814813 0.032208588957055216 0.044444444444444446
1 0.33588957055214724 0.3675925925925926 0.03374233128834356 0.03148148148148148
1 0.36451942740286297 0.3888888888888889 0.026584867075664622 0.03148148148148148
1 0.27326175869120656 0.1439814814814815 0.024028629856850715 0.032407407407407406
1 0.2796523517382413 0.1685185185185185 0.022494887525562373 0.02962962962962963
1 0.14519427402862986 0.13425925925925927 0.02965235173824131 0.02962962962962963