1 0.6656441717791411 0.06944444444444445 0.02965235173824131 0.046296296296296294
1 0.49028629856850714 0.5212962962962963 0.03374233128834356 0.09444444444444444
1 0.22750511247443764 0.3597222222222222 0.03680981595092025 0.05462962962962963
1 0.11784253578732107 0.6342592592592593 0.04754601226993865 0.07962962962962963
1 0.5278629856850716 0.7351851851851852 0.0352760736196319 0.05925925925925926
1 0.7420756646216768 0.7226851851851852 0.03936605316973415 0.0712962962962963
1 0.16717791411042945 0.9314814814814815 0.041922290388548056 0.06296296296296296
1 0.7359406952965235 0.15555555555555556 0.0352760736196319 0.05
1 0.31671779141104295 0.35138888888888886 0.0434560327198364 0.06759259259259259
1 0.6710122699386503 0.11990740740740741 0.020961145194274028 0.041666666666666664
1 0.6705010224948875 0.15462962962962962 0.019938650306748466 0.03148148148148148
1 0.6914621676891616 0.15231481481481482 0.025051124744376277 0.03611111111111111
1 0.6935071574642127 0.12175925925925926 0.020961145194274028 0.03796296296296296
1 0.7492331288343558 0.13148148148148148 0.031186094069529654 0.044444444444444446