1 0.12346625766871165 0.02175925925925926 0.036298568507157465 0.04351851851851852
1 0.5424335378323109 0.5444444444444444 0.04805725971370143 0.06111111111111111
1 0.0217280163599182 0.02175925925925926 0.0434560327198364 0.04351851851851852
1 0.13215746421267893 0.041666666666666664 0.03936605316973415 0.05
1 0.3778118609406953 0.2388888888888889 0.044989775051124746 0.05740740740740741
1 0.11221881390593047 0.21064814814814814 0.01687116564417178 0.03796296296296296
1 0.10812883435582822 0.17777777777777778 0.01687116564417178 0.04814814814814815
1 0.5437116564417178 0.8671296296296296 0.028118609406952964 0.05277777777777778
1 0.3801124744376278 0.4148148148148148 0.040388548057259714 0.06296296296296296
1 0.12627811860940696 0.1884259259259259 0.019427402862985686 0.03981481481481482
1 0.753323108384458 0.7143518518518519 0.028118609406952964 0.05462962962962963
1 0.7392638036809815 0.5319444444444444 0.041922290388548056 0.0787037037037037
1 0.5227505112474438 0.8671296296296296 0.04243353783231084 0.05277777777777778