1 0.3969836400817996 0.3685185185185185 0.0270961145194274 0.025925925925925925
1 0.31058282208588955 0.425462962962963 0.028118609406952964 0.041666666666666664
1 0.7576687116564417 0.7226851851851852 0.022494887525562373 0.05092592592592592
1 0.36451942740286297 0.3875 0.03783231083844581 0.03796296296296296
1 0.5276073619631901 0.5796296296296296 0.026584867075664622 0.046296296296296294
1 0.6170756646216768 0.21064814814814814 0.05930470347648262 0.05092592592592592
1 0.17765848670756645 0.020833333333333332 0.040388548057259714 0.03796296296296296
1 0.77939672801636 0.8847222222222222 0.024028629856850715 0.03796296296296296
1 0.6400817995910021 0.08194444444444444 0.049079754601226995 0.03796296296296296
1 0.34355828220858897 0.32731481481481484 0.02965235173824131 0.049074074074074076
1 0.34151329243353784 0.36944444444444446 0.03680981595092025 0.03518518518518519