1 0.7927083333333333 0.19074074074074074 0.052083333333333336 0.12222222222222222
1 0.478125 0.2074074074074074 0.05 0.12222222222222222
1 0.89375 0.2175925925925926 0.07291666666666667 0.12407407407407407
1 0.7479166666666667 0.22777777777777777 0.06041666666666667 0.08148148148148149
1 0.5145833333333333 0.25277777777777777 0.0375 0.11666666666666667
1 0.9057291666666667 0.2851851851851852 0.057291666666666664 0.1259259259259259
1 0.7447916666666666 0.2953703703703704 0.058333333333333334 0.09074074074074075
1 0.48854166666666665 0.30648148148148147 0.0375 0.12777777777777777
1 0.7020833333333333 0.35 0.041666666666666664 0.1259259259259259
1 0.5427083333333333 0.35462962962962963 0.058333333333333334 0.14629629629629629
1 0.8015625 0.36944444444444446 0.053125 0.09444444444444444
1 0.8057291666666667 0.4212962962962963 0.053125 0.09814814814814815
1 0.34010416666666665 0.43425925925925923 0.04895833333333333 0.12037037037037036
1 0.15364583333333334 0.44537037037037036 0.084375 0.13518518518518519
1 0.7125 0.4777777777777778 0.07083333333333333 0.11481481481481481
1 0.5166666666666667 0.04814814814814815 0.05625 0.0962962962962963
1 0.5921875 0.48703703703703705 0.046875 0.1111111111111111
1 0.4166666666666667 0.4925925925925926 0.0625 0.1037037037037037
1 0.8463541666666666 0.6027777777777777 0.071875 0.11296296296296296
1 0.07135416666666666 0.6203703703703703 0.07604166666666666 0.1111111111111111
1 0.7682291666666666 0.06296296296296296 0.046875 0.1259259259259259
1 0.6927083333333334 0.6351851851851852 0.05625 0.1111111111111111
1 0.6046875 0.6666666666666666 0.042708333333333334 0.1037037037037037
1 0.8552083333333333 0.6731481481481482 0.07083333333333333 0.09444444444444444
1 0.35833333333333334 0.6842592592592592 0.0625 0.11666666666666667
1 0.6958333333333333 0.7175925925925926 0.05625 0.10555555555555556
1 0.06875 0.7305555555555555 0.08958333333333333 0.11296296296296296
1 0.6083333333333333 0.737037037037037 0.03958333333333333 0.1037037037037037
1 0.3619791666666667 0.7722222222222223 0.071875 0.1037037037037037
1 0.434375 0.07962962962962963 0.03333333333333333 0.12222222222222222
1 0.6859375 0.8009259259259259 0.03854166666666667 0.08333333333333333
1 0.7854166666666667 0.8009259259259259 0.07083333333333333 0.09814814814814815
1 0.4630208333333333 0.8333333333333334 0.03229166666666667 0.1037037037037037
1 0.4046875 0.8787037037037037 0.059375 0.12037037037037036
1 0.7682291666666666 0.8851851851851852 0.071875 0.09259259259259259
1 0.06770833333333333 0.09166666666666666 0.052083333333333336 0.11666666666666667
1 0.26197916666666665 0.9296296296296296 0.08020833333333334 0.0962962962962963
1 0.646875 0.950925925925926 0.058333333333333334 0.09444444444444444
1 0.3885416666666667 0.9675925925925926 0.03958333333333333 0.06111111111111111
1 0.2375 0.975 0.05625 0.046296296296296294
1 0.625 0.10185185185185185 0.03125 0.1259259259259259
1 0.9791666666666666 0.1037037037037037 0.03958333333333333 0.10740740740740741
1 0.8916666666666667 0.10555555555555556 0.05 0.1111111111111111
1 0.7953125 0.13518518518518519 0.042708333333333334 0.08888888888888889
1 0.8854166666666666 0.16018518518518518 0.075 0.11296296296296296
1 0.5583333333333333 0.16574074074074074 0.05625 0.13148148148148148