1 0.7223958333333333 0.19444444444444445 0.046875 0.1037037037037037
1 0.8135416666666667 0.22870370370370371 0.06458333333333334 0.12777777777777777
1 0.36822916666666666 0.23703703703703705 0.04895833333333333 0.1259259259259259
1 0.6338541666666667 0.25833333333333336 0.06354166666666666 0.09074074074074075
1 0.9239583333333333 0.27314814814814814 0.06875 0.10925925925925926
1 0.8354166666666667 0.2796296296296296 0.05 0.10740740740740741
1 0.5895833333333333 0.2833333333333333 0.041666666666666664 0.12962962962962962
1 0.03697916666666667 0.29444444444444445 0.071875 0.12222222222222222
1 0.5619791666666667 0.3314814814814815 0.034375 0.1259259259259259
1 0.9208333333333333 0.33611111111111114 0.08333333333333333 0.11666666666666667
1 0.625 0.36018518518518516 0.06041666666666667 0.07222222222222222
1 0.028645833333333332 0.3675925925925926 0.057291666666666664 0.09444444444444444
1 0.8104166666666667 0.36944444444444446 0.05 0.11666666666666667
1 0.6369791666666667 0.4009259259259259 0.051041666666666666 0.11296296296296296
1 0.9197916666666667 0.4185185185185185 0.06875 0.14814814814814814
1 0.7447916666666666 0.04259259259259259 0.06041666666666667 0.08518518518518518
1 0.275 0.44074074074074077 0.058333333333333334 0.13333333333333333
1 0.44583333333333336 0.44537037037037036 0.052083333333333336 0.11666666666666667
1 0.9192708333333334 0.4583333333333333 0.07604166666666666 0.09444444444444444
1 0.45208333333333334 0.049074074074074076 0.029166666666666667 0.07962962962962963
1 0.7265625 0.4842592592592593 0.05520833333333333 0.09444444444444444
1 0.8541666666666666 0.5009259259259259 0.075 0.09444444444444444
1 0.5005208333333333 0.5037037037037037 0.053125 0.11851851851851852
1 0.8505208333333333 0.05185185185185185 0.051041666666666666 0.1037037037037037
1 0.746875 0.5935185185185186 0.04583333333333333 0.10185185185185185
1 0.49375 0.6240740740740741 0.04375 0.07407407407407407
1 0.5880208333333333 0.6388888888888888 0.042708333333333334 0.1
1 0.2515625 0.6648148148148149 0.051041666666666666 0.1
1 0.7447916666666666 0.6703703703703704 0.06458333333333334 0.09259259259259259
1 0.5244791666666667 0.6722222222222223 0.046875 0.09259259259259259
1 0.9604166666666667 0.06851851851851852 0.07083333333333333 0.11851851851851852
1 0.7677083333333333 0.07037037037037037 0.041666666666666664 0.1111111111111111
1 0.6046875 0.7231481481481481 0.040625 0.07962962962962963
1 0.5145833333333333 0.725925925925926 0.04375 0.08888888888888889
1 0.2375 0.7620370370370371 0.052083333333333336 0.08703703703703704
1 0.5786458333333333 0.7888888888888889 0.05520833333333333 0.07407407407407407
1 0.6677083333333333 0.8083333333333333 0.03958333333333333 0.08703703703703704
1 0.4348958333333333 0.08518518518518518 0.03229166666666667 0.1037037037037037
1 0.6348958333333333 0.8722222222222222 0.03854166666666667 0.08518518518518518
1 0.07239583333333334 0.8962962962962963 0.07604166666666666 0.1
1 0.7526041666666666 0.9296296296296296 0.03854166666666667 0.08888888888888889
1 0.5369791666666667 0.9333333333333333 0.040625 0.08148148148148149
1 0.38958333333333334 0.9481481481481482 0.07083333333333333 0.1
1 0.06770833333333333 0.9629629629629629 0.07916666666666666 0.07037037037037037
1 0.7697916666666667 0.9787037037037037 0.06666666666666667 0.03888888888888889
1 0.9229166666666667 0.10277777777777777 0.06041666666666667 0.11296296296296296
1 0.8234375 0.11666666666666667 0.053125 0.1037037037037037
1 0.459375 0.1537037037037037 0.03125 0.1259259259259259
1 0.7109375 0.15555555555555556 0.06770833333333333 0.1111111111111111
1 0.8119791666666667 0.1638888888888889 0.071875 0.10555555555555556
1 0.9234375 0.17037037037037037 0.06979166666666667 0.1037037037037037
1 0.6291666666666667 0.17222222222222222 0.041666666666666664 0.09259259259259259