1 0.7245065789473685 0.3201754385964912 0.018092105263157895 0.1023391812865497
1 0.08305921052631579 0.3406432748538012 0.02138157894736842 0.09064327485380116
1 0.10526315789473684 0.347953216374269 0.01644736842105263 0.0935672514619883
1 0.7368421052631579 0.6988304093567251 0.023026315789473683 0.08771929824561403
1 0.7639802631578947 0.7105263157894737 0.024671052631578948 0.08187134502923976
1 0.7023026315789473 0.9064327485380117 0.029605263157894735 0.09941520467836257
1 0.7088815789473685 0.1111111111111111 0.02631578947368421 0.07602339181286549
1 0.618421052631579 0.14473684210526316 0.023026315789473683 0.06725146198830409
1 0.7985197368421053 0.15350877192982457 0.027960526315789474 0.1023391812865497
1 0.03618421052631579 0.1608187134502924 0.029605263157894735 0.10526315789473684
1 0.609375 0.17251461988304093 0.014802631578947368 0.07602339181286549
1 0.017269736842105265 0.17982456140350878 0.024671052631578948 0.09064327485380116
1 0.9654605263157895 0.19005847953216373 0.02631578947368421 0.08187134502923976
1 0.07894736842105263 0.2222222222222222 0.02631578947368421 0.10526315789473684
1 0.5764802631578947 0.2631578947368421 0.024671052631578948 0.09941520467836257
1 0.31332236842105265 0.2719298245614035 0.03125 0.0935672514619883
1 0.37088815789473684 0.2733918128654971 0.027960526315789474 0.0847953216374269
1 0.09046052631578948 0.27923976608187134 0.023026315789473683 0.07309941520467836
1 0.703125 0.2909356725146199 0.018092105263157895 0.09649122807017543