1 0.7236842105263158 0.3128654970760234 0.023026315789473683 0.0935672514619883
1 0.08634868421052631 0.3333333333333333 0.027960526315789474 0.08771929824561403
1 0.10855263157894737 0.3406432748538012 0.01644736842105263 0.09064327485380116
1 0.9605263157894737 0.358187134502924 0.03618421052631579 0.09064327485380116
1 0.7870065789473685 0.6666666666666666 0.02138157894736842 0.0935672514619883
1 0.7771381578947368 0.6973684210526315 0.02138157894736842 0.11403508771929824
1 0.5764802631578947 0.8260233918128655 0.03453947368421053 0.1023391812865497
1 0.6175986842105263 0.9005847953216374 0.027960526315789474 0.09941520467836257
1 0.7129934210526315 0.10964912280701754 0.027960526315789474 0.09064327485380116
1 0.03289473684210526 0.14619883040935672 0.02631578947368421 0.0935672514619883
1 0.7113486842105263 0.16374269005847952 0.03453947368421053 0.08771929824561403
1 0.015625 0.17690058479532164 0.03125 0.09649122807017543
1 0.6702302631578947 0.18567251461988304 0.024671052631578948 0.07894736842105263
1 0.9695723684210527 0.1915204678362573 0.024671052631578948 0.09649122807017543
1 0.6891447368421053 0.20614035087719298 0.01644736842105263 0.07309941520467836
1 0.08552631578947369 0.21198830409356725 0.023026315789473683 0.0847953216374269
1 0.06661184210526316 0.2222222222222222 0.018092105263157895 0.0935672514619883
1 0.37417763157894735 0.25584795321637427 0.03125 0.0847953216374269
1 0.5797697368421053 0.2573099415204678 0.024671052631578948 0.09941520467836257
1 0.31085526315789475 0.26608187134502925 0.029605263157894735 0.10526315789473684
1 0.12088815789473684 0.27046783625730997 0.03125 0.0847953216374269
1 0.6998355263157895 0.2909356725146199 0.02138157894736842 0.09649122807017543