1 0.7080592105263158 0.29239766081871343 0.018092105263157895 0.0935672514619883
1 0.7286184210526315 0.31140350877192985 0.023026315789473683 0.09649122807017543
1 0.08799342105263158 0.32894736842105265 0.02138157894736842 0.09064327485380116
1 0.10855263157894737 0.34210526315789475 0.01644736842105263 0.08771929824561403
1 0.977796052631579 0.3830409356725146 0.03125 0.09941520467836257
1 0.7853618421052632 0.6783625730994152 0.018092105263157895 0.09941520467836257
1 0.774671052631579 0.7017543859649122 0.023026315789473683 0.0935672514619883
1 0.5986842105263158 0.8435672514619883 0.03618421052631579 0.11403508771929824
1 0.618421052631579 0.9312865497076024 0.03289473684210526 0.09064327485380116
1 0.712171052631579 0.10818713450292397 0.019736842105263157 0.08187134502923976
1 0.6842105263157895 0.1388888888888889 0.009868421052631578 0.06725146198830409
1 0.6973684210526315 0.14181286549707603 0.023026315789473683 0.07309941520467836
1 0.03289473684210526 0.1476608187134503 0.019736842105263157 0.09649122807017543
1 0.01644736842105263 0.17251461988304093 0.019736842105263157 0.0935672514619883
1 0.9547697368421053 0.17690058479532164 0.027960526315789474 0.06725146198830409
1 0.9761513157894737 0.1915204678362573 0.02138157894736842 0.09064327485380116
1 0.6875 0.19444444444444445 0.013157894736842105 0.0847953216374269
1 0.7039473684210527 0.20614035087719298 0.019736842105263157 0.09064327485380116
1 0.08223684210526316 0.20760233918128654 0.01644736842105263 0.08187134502923976
1 0.06825657894736842 0.21929824561403508 0.024671052631578948 0.08771929824561403
1 0.3692434210526316 0.2573099415204678 0.02138157894736842 0.08187134502923976
1 0.5740131578947368 0.25877192982456143 0.023026315789473683 0.09649122807017543
1 0.3100328947368421 0.2646198830409357 0.027960526315789474 0.09649122807017543
1 0.11595394736842106 0.27485380116959063 0.024671052631578948 0.08771929824561403