1 0.5578800557880056 0.03638814016172507 0.019525801952580194 0.05390835579514825
1 0.608786610878661 0.3665768194070081 0.02510460251046025 0.04851752021563342
1 0.5076708507670851 0.13814016172506738 0.022315202231520222 0.04177897574123989
1 0.5652022315202232 0.6677897574123989 0.020223152022315203 0.04986522911051213
1 0.5418410041841004 0.6354447439353099 0.029288702928870293 0.04177897574123989
1 0.904463040446304 0.6442048517520216 0.01394700139470014 0.02425876010781671
1 0.9142259414225942 0.6684636118598383 0.01394700139470014 0.026954177897574125
1 0.9525801952580195 0.7526954177897575 0.01813110181311018 0.025606469002695417
1 0.5878661087866108 0.6064690026954178 0.019525801952580194 0.029649595687331536
1 0.13354253835425384 0.5754716981132075 0.03138075313807531 0.029649595687331536
1 0.012552301255230125 0.5485175202156334 0.01813110181311018 0.02425876010781671
1 0.5362622036262203 0.08153638814016173 0.03486750348675035 0.06873315363881402
1 0.5638075313807531 0.23382749326145552 0.03138075313807531 0.03099730458221024
1 0.601813110181311 0.6320754716981132 0.019525801952580194 0.029649595687331536
1 0.6150627615062761 0.6314016172506739 0.015341701534170154 0.03369272237196765
1 0.6122733612273361 0.5983827493261455 0.02092050209205021 0.02425876010781671