1 0.5557880055788006 0.33669833729216153 0.01813110181311018 0.04156769596199525
1 0.29253835425383545 0.746437054631829 0.027196652719665274 0.020190023752969122
1 0.36610878661087864 0.6508313539192399 0.022315202231520222 0.028503562945368172
1 0.35495118549511856 0.6935866983372921 0.02510460251046025 0.035629453681710214
1 0.49860529986053 0.6330166270783848 0.03207810320781032 0.047505938242280284
1 0.7419804741980475 0.6526128266033254 0.02789400278940028 0.05344418052256532
1 0.43479776847977686 0.7713776722090261 0.03138075313807531 0.04631828978622328
1 0.200139470013947 0.6609263657957245 0.040446304044630406 0.04156769596199525
1 0.027196652719665274 0.7517814726840855 0.030683403068340307 0.035629453681710214
1 0.798465829846583 0.44002375296912116 0.02092050209205021 0.02494061757719715
1 0.28765690376569036 0.7642517814726841 0.02580195258019526 0.022565320665083134
1 0.5418410041841004 0.3343230403800475 0.01813110181311018 0.03681710213776722
1 0.9560669456066946 0.20190023752969122 0.03347280334728033 0.06413301662707839
1 0.9142259414225942 0.7399049881235155 0.03347280334728033 0.03800475059382423
1 0.4679218967921897 0.6413301662707839 0.029288702928870293 0.030878859857482184
1 0.49372384937238495 0.7393111638954869 0.02789400278940028 0.027315914489311165
1 0.4902370990237099 0.7482185273159145 0.023709902370990237 0.021377672209026127
1 0.599721059972106 0.44655581947743467 0.03207810320781032 0.04513064133016627
1 0.9232914923291492 0.754750593824228 0.023709902370990237 0.04156769596199525
1 0.798465829846583 0.418646080760095 0.03486750348675035 0.022565320665083134
1 0.3577405857740586 0.6716152019002375 0.022315202231520222 0.02494061757719715
1 0.3521617852161785 0.6371733966745843 0.02510460251046025 0.027315914489311165
1 0.9281729428172942 0.27375296912114017 0.022315202231520222 0.04156769596199525
1 0.4874476987447699 0.2856294536817102 0.023709902370990237 0.060570071258907364