1 0.5568502824858758 0.49292452830188677 0.03036723163841808 0.0330188679245283
1 0.8576977401129944 0.1179245283018868 0.03884180790960452 0.0589622641509434
1 0.4749293785310734 0.25589622641509435 0.03884180790960452 0.0589622641509434
1 0.716454802259887 0.5430424528301887 0.036016949152542374 0.0625
1 0.5512005649717514 0.5489386792452831 0.036016949152542374 0.045990566037735846
1 0.8817090395480226 0.5448113207547169 0.03036723163841808 0.03773584905660377
1 0.9427966101694916 0.6067216981132075 0.02824858757062147 0.060141509433962265
1 0.6564265536723164 0.48879716981132076 0.03036723163841808 0.045990566037735846
1 0.6511299435028248 0.46226415094339623 0.031073446327683617 0.0330188679245283
1 0.871822033898305 0.5182783018867925 0.024717514124293787 0.036556603773584904
1 0.9247881355932204 0.45754716981132076 0.03036723163841808 0.049528301886792456
1 0.5300141242937854 0.49528301886792453 0.036016949152542374 0.04245283018867924