1 0.06624825662482567 0.7660332541567696 0.022315202231520222 0.030878859857482184
1 0.5278940027894002 0.6828978622327792 0.01813110181311018 0.023752969121140142
1 0.50278940027894 0.6941805225653207 0.023709902370990237 0.03681710213776722
1 0.2792887029288703 0.7684085510688836 0.020223152022315203 0.026128266033254157
1 0.596931659693166 0.46021377672209024 0.02092050209205021 0.032066508313539195
1 0.6429567642956764 0.752375296912114 0.02092050209205021 0.02494061757719715
1 0.014644351464435146 0.665083135391924 0.02789400278940028 0.04513064133016627
1 0.8786610878661087 0.6894299287410927 0.026499302649930265 0.039192399049881234
1 0.5721757322175732 0.9085510688836105 0.03138075313807531 0.05463182897862233
1 0.5474198047419805 0.42992874109263657 0.03765690376569038 0.0498812351543943
1 0.5223152022315202 0.15676959619952494 0.026499302649930265 0.052256532066508314
1 0.5362622036262203 0.6288598574821853 0.02092050209205021 0.017814726840855107
1 0.5348675034867504 0.6437054631828979 0.012552301255230125 0.019002375296912115
1 0.5453277545327755 0.6538004750593824 0.01394700139470014 0.022565320665083134
1 0.5299860529986054 0.6633016627078385 0.01394700139470014 0.020190023752969122
1 0.9532775453277545 0.20249406175771972 0.019525801952580194 0.060570071258907364
1 0.1589958158995816 0.7066508313539193 0.022315202231520222 0.021377672209026127
1 0.21617852161785217 0.7416864608076009 0.02510460251046025 0.027315914489311165
1 0.6576011157601116 0.37707838479809974 0.022315202231520222 0.0344418052256532
1 0.5864714086471409 0.44536817102137766 0.022315202231520222 0.030878859857482184
1 0.9260808926080892 0.27315914489311166 0.026499302649930265 0.035629453681710214
1 0.4874476987447699 0.2862232779097387 0.02092050209205021 0.0498812351543943