1 0.5721757322175732 0.4784366576819407 0.02580195258019526 0.05660377358490566
1 0.6841004184100419 0.6300539083557951 0.02789400278940028 0.04177897574123989
1 0.7343096234309623 0.6482479784366577 0.03765690376569038 0.04582210242587601
1 0.9518828451882845 0.9636118598382749 0.02789400278940028 0.05121293800539083
1 0.9693165969316597 0.9117250673854448 0.03207810320781032 0.05256064690026954
1 0.9400278940027894 0.7688679245283019 0.023709902370990237 0.04177897574123989
1 0.6889818688981869 0.488544474393531 0.03486750348675035 0.04986522911051213
1 0.8870292887029289 0.6495956873315364 0.026499302649930265 0.03504043126684636
1 0.8552998605299861 0.637466307277628 0.028591352859135284 0.03504043126684636
1 0.148884239888424 0.7668463611859838 0.028591352859135284 0.04582210242587601
1 0.5585774058577406 0.4393530997304582 0.023709902370990237 0.04043126684636118
1 0.6185495118549512 0.01954177897574124 0.019525801952580194 0.03908355795148248
1 0.9546722454672245 0.6583557951482479 0.02789400278940028 0.04986522911051213