1 0.5572033898305084 0.27653301886792453 0.0211864406779661 0.0294811320754717
1 0.5554378531073446 0.38620283018867924 0.033192090395480225 0.04834905660377359
1 0.12111581920903955 0.13266509433962265 0.0346045197740113 0.041273584905660375
1 0.7676553672316384 0.42865566037735847 0.02824858757062147 0.05070754716981132
1 0.1016949152542373 0.43160377358490565 0.03248587570621469 0.04009433962264151
1 0.567090395480226 0.29068396226415094 0.015536723163841809 0.0294811320754717
1 0.5293079096045198 0.37264150943396224 0.0346045197740113 0.049528301886792456
1 0.542725988700565 0.3136792452830189 0.021892655367231638 0.049528301886792456
1 0.907132768361582 0.18455188679245282 0.023305084745762712 0.05778301886792453
1 0.4763418079096045 0.2606132075471698 0.041666666666666664 0.05660377358490566
1 0.4071327683615819 0.18691037735849056 0.020480225988700564 0.05070754716981132
1 0.4487994350282486 0.12853773584905662 0.026129943502824857 0.054245283018867926
1 0.5127118644067796 0.44516509433962265 0.02401129943502825 0.03419811320754717
1 0.5233050847457628 0.44398584905660377 0.01977401129943503 0.031839622641509434
1 0.534957627118644 0.44516509433962265 0.020480225988700564 0.024764150943396228
1 0.5536723163841808 0.34964622641509435 0.01977401129943503 0.05070754716981132