1 0.5369595536959554 0.5344418052256532 0.03347280334728033 0.03800475059382423
1 0.34449093444909346 0.7327790973871734 0.02092050209205021 0.030878859857482184
1 0.6875871687587168 0.6591448931116389 0.03207810320781032 0.028503562945368172
1 0.5575313807531381 0.7286223277909739 0.046722454672245464 0.039192399049881234
1 0.4825662482566248 0.6828978622327792 0.03347280334728033 0.040380047505938245
1 0.3396094839609484 0.7600950118764845 0.02510460251046025 0.035629453681710214
1 0.9532775453277545 0.26247030878859856 0.022315202231520222 0.047505938242280284
1 0.48326359832635984 0.7434679334916865 0.026499302649930265 0.040380047505938245
1 0.9504881450488145 0.7369358669833729 0.02510460251046025 0.032066508313539195
1 0.9511854951185496 0.2179334916864608 0.029288702928870293 0.05344418052256532
1 0.24616457461645747 0.9625890736342043 0.023709902370990237 0.029691211401425176
1 0.4888423988842399 0.27612826603325413 0.023709902370990237 0.06294536817102138