1 0.2140468227424749 0.08630952380952381 0.020066889632107024 0.08928571428571429
1 0.021739130434782608 0.8660714285714286 0.043478260869565216 0.125
1 0.10535117056856187 0.8809523809523809 0.030100334448160536 0.13095238095238096
1 0.22909698996655517 0.09226190476190477 0.023411371237458192 0.08928571428571429
1 0.3879598662207358 0.9375 0.026755852842809364 0.1130952380952381
1 0.10702341137123746 0.10714285714285714 0.026755852842809364 0.09523809523809523
1 0.9063545150501672 0.15773809523809523 0.026755852842809364 0.10119047619047619
1 0.882943143812709 0.16071428571428573 0.020066889632107024 0.10714285714285714
1 0.3193979933110368 0.3541666666666667 0.03678929765886288 0.10119047619047619
1 0.18561872909698995 0.3869047619047619 0.023411371237458192 0.10714285714285714
1 0.16220735785953178 0.3898809523809524 0.023411371237458192 0.1130952380952381
1 0.3511705685618729 0.4226190476190476 0.026755852842809364 0.09523809523809523
1 0.6086956521739131 0.44047619047619047 0.026755852842809364 0.09523809523809523
1 0.6304347826086957 0.4494047619047619 0.023411371237458192 0.10119047619047619
1 0.6588628762541806 0.4642857142857143 0.026755852842809364 0.11904761904761904
1 0.8695652173913043 0.47023809523809523 0.026755852842809364 0.11904761904761904
1 0.8478260869565217 0.4732142857142857 0.023411371237458192 0.125
1 0.6739130434782609 0.47619047619047616 0.023411371237458192 0.09523809523809523
1 0.23244147157190637 0.5386904761904762 0.03678929765886288 0.125