1 0.6020066889632107 0.625 0.046822742474916385 0.11904761904761904
1 0.34782608695652173 0.6369047619047619 0.046822742474916385 0.10714285714285714
1 0.17725752508361203 0.06547619047619048 0.04013377926421405 0.13095238095238096
1 0.5785953177257525 0.6964285714285714 0.033444816053511704 0.11904761904761904
1 0.7725752508361204 0.7321428571428571 0.06688963210702341 0.15476190476190477
1 0.26755852842809363 0.08630952380952381 0.046822742474916385 0.17261904761904762
1 0.7591973244147158 0.8392857142857143 0.046822742474916385 0.13095238095238096
1 0.4431438127090301 0.09523809523809523 0.043478260869565216 0.10714285714285714
1 0.6304347826086957 0.10119047619047619 0.043478260869565216 0.11904761904761904
1 0.5234113712374582 0.10714285714285714 0.03678929765886288 0.13095238095238096
1 0.9297658862876255 0.12202380952380952 0.033444816053511704 0.16071428571428573
1 0.42474916387959866 0.125 0.046822742474916385 0.11904761904761904
1 0.6036789297658863 0.19345238095238096 0.030100334448160536 0.1130952380952381
1 0.16220735785953178 0.2261904761904762 0.043478260869565216 0.14285714285714285
1 0.5852842809364549 0.25 0.04013377926421405 0.13095238095238096
1 0.5434782608695652 0.2857142857142857 0.030100334448160536 0.14285714285714285
1 0.21739130434782608 0.33035714285714285 0.05351170568561873 0.13690476190476192
1 0.07023411371237458 0.34226190476190477 0.046822742474916385 0.1488095238095238
1 0.3511705685618729 0.044642857142857144 0.05351170568561873 0.08928571428571429
1 0.35618729096989965 0.4166666666666667 0.05016722408026756 0.17857142857142858
1 0.5234113712374582 0.4166666666666667 0.030100334448160536 0.09523809523809523
1 0.479933110367893 0.42857142857142855 0.030100334448160536 0.13095238095238096
1 0.19899665551839466 0.4583333333333333 0.03678929765886288 0.15476190476190477
1 0.8260869565217391 0.4642857142857143 0.046822742474916385 0.14285714285714285
1 0.5301003344481605 0.5089285714285714 0.023411371237458192 0.1130952380952381
1 0.48494983277591974 0.5267857142857143 0.020066889632107024 0.10119047619047619
1 0.362876254180602 0.5744047619047619 0.043478260869565216 0.1130952380952381
1 0.27759197324414714 0.5744047619047619 0.033444816053511704 0.1130952380952381
1 0.26421404682274247 0.5922619047619048 0.026755852842809364 0.13690476190476192