1 0.14013840830449828 0.5914285714285714 0.05190311418685121 0.12
1 0.5536332179930796 0.06571428571428571 0.04152249134948097 0.12
1 0.8079584775086506 0.6314285714285715 0.05190311418685121 0.12
1 0.2422145328719723 0.7485714285714286 0.04844290657439446 0.12571428571428572
1 0.3719723183391003 0.7514285714285714 0.02422145328719723 0.10857142857142857
1 0.12975778546712802 0.7828571428571428 0.058823529411764705 0.11428571428571428
1 0.28546712802768165 0.7828571428571428 0.03806228373702422 0.11428571428571428
1 0.22664359861591696 0.8457142857142858 0.04152249134948097 0.12
1 0.0847750865051903 0.86 0.058823529411764705 0.13142857142857142
1 0.5432525951557093 0.1742857142857143 0.04152249134948097 0.13142857142857142
1 0.9411764705882353 0.19142857142857142 0.03460207612456748 0.10857142857142857
1 0.9134948096885813 0.2885714285714286 0.04152249134948097 0.12
1 0.9567474048442907 0.32857142857142857 0.04152249134948097 0.11428571428571428
1 0.17474048442906576 0.43142857142857144 0.04498269896193772 0.12
1 0.6262975778546713 0.4942857142857143 0.06920415224913495 0.14285714285714285
1 0.314878892733564 0.4942857142857143 0.06228373702422145 0.13142857142857142
1 0.2041522491349481 0.5314285714285715 0.05536332179930796 0.13714285714285715