1 0.5151041666666667 0.19074074074074074 0.028125 0.1111111111111111
1 0.2859375 0.1935185185185185 0.03229166666666667 0.09814814814814815
1 0.3177083333333333 0.21666666666666667 0.027083333333333334 0.08888888888888889
1 0.49114583333333334 0.23333333333333334 0.026041666666666668 0.08518518518518518
1 0.2421875 0.2388888888888889 0.030208333333333334 0.09259259259259259
1 0.278125 0.36203703703703705 0.022916666666666665 0.08703703703703704
1 0.4510416666666667 0.425 0.029166666666666667 0.09814814814814815
1 0.38645833333333335 0.44074074074074077 0.01875 0.06666666666666667
1 0.4239583333333333 0.44814814814814813 0.022916666666666665 0.06666666666666667
1 0.371875 0.4583333333333333 0.016666666666666666 0.07222222222222222
1 0.8005208333333333 0.05092592592592592 0.023958333333333335 0.08333333333333333
1 0.27708333333333335 0.5351851851851852 0.03333333333333333 0.1111111111111111
1 0.025520833333333333 0.5990740740740741 0.030208333333333334 0.10555555555555556
1 0.3854166666666667 0.6064814814814815 0.029166666666666667 0.08333333333333333
1 0.0703125 0.6166666666666667 0.026041666666666668 0.08888888888888889
1 0.43333333333333335 0.6194444444444445 0.027083333333333334 0.08333333333333333
1 0.04791666666666667 0.6481481481481481 0.025 0.07407407407407407
1 0.95 0.6814814814814815 0.029166666666666667 0.1
1 0.5369791666666667 0.6833333333333333 0.026041666666666668 0.09259259259259259
1 0.49270833333333336 0.6861111111111111 0.022916666666666665 0.07592592592592592
1 0.8786458333333333 0.7212962962962963 0.03229166666666667 0.10555555555555556
1 0.06354166666666666 0.7314814814814815 0.020833333333333332 0.08518518518518518
1 0.403125 0.7351851851851852 0.022916666666666665 0.07407407407407407
1 0.5098958333333333 0.7361111111111112 0.023958333333333335 0.08703703703703704
1 0.7651041666666667 0.07407407407407407 0.042708333333333334 0.09259259259259259
1 0.4317708333333333 0.7472222222222222 0.023958333333333335 0.07962962962962963
1 0.33958333333333335 0.7546296296296297 0.025 0.07962962962962963
1 0.9161458333333333 0.787962962962963 0.03854166666666667 0.10185185185185185
1 0.19895833333333332 0.8222222222222222 0.03125 0.08518518518518518
1 0.17291666666666666 0.8296296296296296 0.03333333333333333 0.09259259259259259
1 0.096875 0.8388888888888889 0.027083333333333334 0.11481481481481481
1 0.13072916666666667 0.8416666666666667 0.028125 0.09814814814814815
1 0.044270833333333336 0.8675925925925926 0.026041666666666668 0.06481481481481481
1 0.609375 0.8935185185185185 0.025 0.06481481481481481
1 0.022916666666666665 0.8953703703703704 0.016666666666666666 0.08703703703703704
1 0.1328125 0.8972222222222223 0.034375 0.09444444444444444
1 0.04791666666666667 0.9287037037037037 0.020833333333333332 0.07962962962962963
1 0.08333333333333333 0.9342592592592592 0.035416666666666666 0.08703703703703704
1 0.671875 0.9666666666666667 0.03125 0.06296296296296296