1 0.17135416666666667 0.33055555555555555 0.028125 0.05740740740740741
1 0.5703125 0.03518518518518519 0.023958333333333335 0.06666666666666667
1 0.29010416666666666 0.3675925925925926 0.023958333333333335 0.08703703703703704
1 0.5520833333333334 0.037037037037037035 0.01875 0.07407407407407407
1 0.2671875 0.3731481481481482 0.021875 0.08333333333333333
1 0.9859375 0.387037037037037 0.021875 0.07777777777777778
1 0.1859375 0.39814814814814814 0.017708333333333333 0.08518518518518518
1 0.16458333333333333 0.4027777777777778 0.029166666666666667 0.09444444444444444
1 0.2171875 0.4101851851851852 0.019791666666666666 0.08703703703703704
1 0.9651041666666667 0.4101851851851852 0.026041666666666668 0.07962962962962963
1 0.24010416666666667 0.41944444444444445 0.023958333333333335 0.09814814814814815
1 0.9354166666666667 0.48055555555555557 0.029166666666666667 0.07962962962962963
1 0.8635416666666667 0.5583333333333333 0.022916666666666665 0.06851851851851852
1 0.8380208333333333 0.5935185185185186 0.023958333333333335 0.06851851851851852
1 0.051041666666666666 0.5944444444444444 0.025 0.08888888888888889
1 0.9734375 0.6592592592592592 0.030208333333333334 0.09259259259259259
1 0.5927083333333333 0.07592592592592592 0.027083333333333334 0.08518518518518518
1 0.8317708333333333 0.8407407407407408 0.030208333333333334 0.09259259259259259
1 0.6104166666666667 0.850925925925926 0.020833333333333332 0.07962962962962963
1 0.5869791666666667 0.8611111111111112 0.021875 0.07037037037037037
1 0.6708333333333333 0.8833333333333333 0.029166666666666667 0.09259259259259259
1 0.5046875 0.08888888888888889 0.021875 0.08518518518518518
1 0.6453125 0.8972222222222223 0.028125 0.07962962962962963
1 0.828125 0.9555555555555556 0.035416666666666666 0.06666666666666667
1 0.7177083333333333 0.9564814814814815 0.0375 0.08333333333333333
1 0.3223958333333333 0.9601851851851851 0.04895833333333333 0.07592592592592592
1 0.5296875 0.10648148148148148 0.019791666666666666 0.08703703703703704
1 0.9635416666666666 0.12129629629629629 0.025 0.09074074074074075
1 0.7255208333333333 0.16111111111111112 0.030208333333333334 0.09259259259259259