1 0.588671875 0.14791666666666667 0.02421875 0.05138888888888889
1 0.369921875 0.1673611111111111 0.02890625 0.06527777777777778
1 0.571875 0.1840277777777778 0.0296875 0.04027777777777778
1 0.6640625 0.22569444444444445 0.0234375 0.04583333333333333
1 0.687109375 0.23680555555555555 0.02265625 0.05138888888888889
1 0.148828125 0.3194444444444444 0.03828125 0.04722222222222222
1 0.462109375 0.3277777777777778 0.01796875 0.044444444444444446
1 0.141015625 0.34375 0.03671875 0.04583333333333333
1 0.4875 0.36527777777777776 0.0265625 0.044444444444444446
1 0.567578125 0.3840277777777778 0.02109375 0.03194444444444444
1 0.2390625 0.39791666666666664 0.0296875 0.043055555555555555
1 0.500390625 0.4013888888888889 0.02421875 0.03888888888888889
1 0.060546875 0.41805555555555557 0.05859375 0.03611111111111111
1 0.559375 0.425 0.03125 0.044444444444444446
1 0.490625 0.4513888888888889 0.025 0.04722222222222222
1 0.644140625 0.4548611111111111 0.01953125 0.043055555555555555
1 0.052734375 0.4597222222222222 0.05078125 0.044444444444444446
1 0.145703125 0.48194444444444445 0.04296875 0.03888888888888889
1 0.736328125 0.4930555555555556 0.03984375 0.030555555555555555
1 0.144921875 0.5354166666666667 0.04296875 0.034722222222222224
1 0.044921875 0.5465277777777777 0.05703125 0.05138888888888889
1 0.71796875 0.5770833333333333 0.028125 0.043055555555555555
1 0.579296875 0.5791666666666667 0.02265625 0.03888888888888889
1 0.440625 0.5888888888888889 0.025 0.04722222222222222
1 0.43984375 0.6243055555555556 0.0265625 0.04583333333333333
1 0.5859375 0.6256944444444444 0.0171875 0.04583333333333333
1 0.619921875 0.7145833333333333 0.02265625 0.04861111111111111
1 0.578515625 0.7291666666666666 0.02421875 0.05277777777777778
1 0.610546875 0.75625 0.02578125 0.04027777777777778
1 0.27890625 0.9416666666666667 0.034375 0.06944444444444445
1 0.595703125 0.11458333333333333 0.02109375 0.04861111111111111