1 0.815234375 0.2833333333333333 0.03828125 0.05277777777777778
1 0.428515625 0.28680555555555554 0.02578125 0.043055555555555555
1 0.28828125 0.3020833333333333 0.0328125 0.0375
1 0.785546875 0.3236111111111111 0.03359375 0.05555555555555555
1 0.41640625 0.33055555555555555 0.0296875 0.027777777777777776
1 0.29609375 0.3416666666666667 0.0265625 0.05
1 0.322265625 0.36180555555555555 0.02734375 0.04027777777777778
1 0.265625 0.36736111111111114 0.0375 0.05694444444444444
1 0.37109375 0.39375 0.034375 0.04583333333333333
1 0.91953125 0.4173611111111111 0.0265625 0.05138888888888889
1 0.2703125 0.4201388888888889 0.03125 0.04027777777777778
1 0.1328125 0.4284722222222222 0.04375 0.04861111111111111
1 0.3796875 0.4284722222222222 0.0328125 0.04027777777777778
1 0.841015625 0.4354166666666667 0.05234375 0.05694444444444444
1 0.36015625 0.4652777777777778 0.0296875 0.03888888888888889
1 0.856640625 0.4701388888888889 0.05546875 0.03194444444444444
1 0.88046875 0.4930555555555556 0.0546875 0.03611111111111111
1 0.529296875 0.5111111111111111 0.02890625 0.05277777777777778
1 0.161328125 0.5243055555555556 0.04296875 0.04861111111111111
1 0.883984375 0.5340277777777778 0.05390625 0.03194444444444444
1 0.1953125 0.5583333333333333 0.0375 0.041666666666666664
1 0.655078125 0.5784722222222223 0.04296875 0.04861111111111111
1 0.880078125 0.58125 0.04453125 0.04027777777777778
1 0.5359375 0.5826388888888889 0.0296875 0.0375
1 0.524609375 0.6166666666666667 0.03359375 0.044444444444444446
1 0.676953125 0.63125 0.03984375 0.04027777777777778
1 0.61796875 0.7020833333333333 0.0375 0.04861111111111111
1 0.59765625 0.7506944444444444 0.0359375 0.04861111111111111
1 0.110546875 0.7854166666666667 0.05390625 0.04861111111111111