1 0.3875 0.1840277777777778 0.0359375 0.05416666666666667
1 0.891796875 0.2986111111111111 0.04140625 0.044444444444444446
1 0.158203125 0.30486111111111114 0.03984375 0.04583333333333333
1 0.01953125 0.31180555555555556 0.0390625 0.043055555555555555
1 0.894921875 0.3298611111111111 0.04453125 0.04583333333333333
1 0.305859375 0.3486111111111111 0.02109375 0.03611111111111111
1 0.016015625 0.35 0.03203125 0.025
1 0.13984375 0.3597222222222222 0.05 0.04722222222222222
1 0.548046875 0.3597222222222222 0.02578125 0.04722222222222222
1 0.878515625 0.3638888888888889 0.03828125 0.05
1 0.407421875 0.3784722222222222 0.03046875 0.04027777777777778
1 0.740625 0.3819444444444444 0.0296875 0.06111111111111111
1 0.312890625 0.39305555555555555 0.02421875 0.044444444444444446
1 0.1375 0.40625 0.04375 0.04861111111111111
1 0.38828125 0.4111111111111111 0.028125 0.044444444444444446
1 0.8328125 0.4166666666666667 0.040625 0.041666666666666664
1 0.917578125 0.42777777777777776 0.04140625 0.05555555555555555
1 0.099609375 0.42916666666666664 0.04921875 0.030555555555555555
1 0.85859375 0.43472222222222223 0.028125 0.03611111111111111
1 0.513671875 0.43680555555555556 0.03203125 0.04583333333333333
1 0.945703125 0.43819444444444444 0.02734375 0.04583333333333333
1 0.842578125 0.46319444444444446 0.02734375 0.04861111111111111
1 0.09296875 0.4701388888888889 0.0515625 0.029166666666666667
1 0.9328125 0.47430555555555554 0.04375 0.043055555555555555
1 0.5265625 0.4791666666666667 0.040625 0.03888888888888889
1 0.280859375 0.48194444444444445 0.05078125 0.04722222222222222
1 0.375390625 0.49166666666666664 0.02265625 0.04722222222222222
1 0.31796875 0.5027777777777778 0.0234375 0.025
1 0.975390625 0.5166666666666667 0.04765625 0.03888888888888889
1 0.062109375 0.5215277777777778 0.04765625 0.02638888888888889
1 0.371875 0.5381944444444444 0.0265625 0.04861111111111111
1 0.956640625 0.5618055555555556 0.07109375 0.05694444444444444
1 0.229296875 0.6 0.04296875 0.030555555555555555
1 0.95 0.6034722222222222 0.05 0.034722222222222224
1 0.33515625 0.6145833333333334 0.0265625 0.07361111111111111
1 0.95703125 0.6333333333333333 0.059375 0.05277777777777778
1 0.227734375 0.6361111111111111 0.02890625 0.03888888888888889
1 0.583984375 0.06388888888888888 0.02265625 0.044444444444444446
1 0.594921875 0.6979166666666666 0.02578125 0.0375
1 0.573046875 0.7020833333333333 0.02890625 0.0375
1 0.621875 0.7104166666666667 0.0265625 0.043055555555555555
1 0.613671875 0.7590277777777777 0.03046875 0.05138888888888889
1 0.545703125 0.7854166666666667 0.02578125 0.0625