1 0.9161458333333333 0.18981481481481483 0.026041666666666668 0.09074074074074075
1 0.8953125 0.19537037037037036 0.028125 0.09814814814814815
1 0.29270833333333335 0.1962962962962963 0.025 0.1037037037037037
1 0.25833333333333336 0.20462962962962963 0.025 0.09444444444444444
1 0.19479166666666667 0.20555555555555555 0.025 0.08518518518518518
1 0.8708333333333333 0.2111111111111111 0.03333333333333333 0.08888888888888889
1 0.2265625 0.23703703703703705 0.017708333333333333 0.05555555555555555
1 0.21302083333333333 0.24074074074074073 0.017708333333333333 0.07407407407407407
1 0.25052083333333336 0.28703703703703703 0.023958333333333335 0.10740740740740741
1 0.22135416666666666 0.29907407407407405 0.028125 0.09074074074074075
1 0.84375 0.30185185185185187 0.03333333333333333 0.09259259259259259
1 0.8708333333333333 0.03518518518518519 0.05 0.07037037037037037
1 0.9020833333333333 0.4361111111111111 0.029166666666666667 0.08703703703703704
1 0.7729166666666667 0.575 0.03125 0.09814814814814815
1 0.041666666666666664 0.6037037037037037 0.035416666666666666 0.10740740740740741
1 0.9703125 0.06944444444444445 0.030208333333333334 0.09814814814814815
1 0.9515625 0.687962962962963 0.042708333333333334 0.09814814814814815
1 0.8802083333333334 0.7166666666666667 0.03333333333333333 0.09259259259259259
1 0.7911458333333333 0.7296296296296296 0.03229166666666667 0.08518518518518518
1 0.7145833333333333 0.7509259259259259 0.029166666666666667 0.08703703703703704
1 0.775 0.8166666666666667 0.03333333333333333 0.10740740740740741
1 0.7302083333333333 0.8324074074074074 0.025 0.11666666666666667
1 0.6447916666666667 0.9731481481481481 0.04375 0.05
1 0.19895833333333332 0.16666666666666666 0.025 0.06666666666666667