1 0.467578125 0.15347222222222223 0.03203125 0.05416666666666667
1 0.719140625 0.27152777777777776 0.02890625 0.04027777777777778
1 0.57421875 0.2986111111111111 0.034375 0.03888888888888889
1 0.723046875 0.3111111111111111 0.01953125 0.03333333333333333
1 0.712109375 0.3333333333333333 0.02421875 0.044444444444444446
1 0.11875 0.3375 0.05 0.044444444444444446
1 0.221484375 0.3680555555555556 0.03515625 0.041666666666666664
1 0.382421875 0.37222222222222223 0.03046875 0.05277777777777778
1 0.12578125 0.3729166666666667 0.040625 0.04583333333333333
1 0.6390625 0.3840277777777778 0.0359375 0.043055555555555555
1 0.665234375 0.40555555555555556 0.02265625 0.041666666666666664
1 0.067578125 0.41458333333333336 0.05078125 0.04861111111111111
1 0.2078125 0.41805555555555557 0.0328125 0.041666666666666664
1 0.570703125 0.42777777777777776 0.02421875 0.058333333333333334
1 0.03203125 0.4340277777777778 0.0484375 0.034722222222222224
1 0.6453125 0.4395833333333333 0.028125 0.05138888888888889
1 0.509375 0.44583333333333336 0.028125 0.044444444444444446
1 0.770703125 0.45069444444444445 0.03828125 0.04861111111111111
1 0.73203125 0.4701388888888889 0.046875 0.02361111111111111
1 0.29921875 0.48541666666666666 0.0171875 0.05694444444444444
1 0.580078125 0.5034722222222222 0.03203125 0.043055555555555555
1 0.73203125 0.5111111111111111 0.034375 0.041666666666666664
1 0.532421875 0.5444444444444444 0.02578125 0.03888888888888889
1 0.583984375 0.5513888888888889 0.02890625 0.041666666666666664
1 0.52421875 0.5798611111111112 0.021875 0.04583333333333333
1 0.33984375 0.5930555555555556 0.0328125 0.041666666666666664
1 0.46875 0.59375 0.028125 0.034722222222222224
1 0.471484375 0.6208333333333333 0.02265625 0.041666666666666664
1 0.34609375 0.6333333333333333 0.0390625 0.04722222222222222
1 0.620703125 0.7152777777777778 0.02734375 0.04722222222222222