1 0.5145833333333333 0.1935185185185185 0.022916666666666665 0.09814814814814815
1 0.2864583333333333 0.19537037037037036 0.022916666666666665 0.10555555555555556
1 0.3182291666666667 0.21666666666666667 0.03229166666666667 0.1111111111111111
1 0.49635416666666665 0.23333333333333334 0.030208333333333334 0.09259259259259259
1 0.24322916666666666 0.2351851851851852 0.03229166666666667 0.09259259259259259
1 0.2833333333333333 0.3648148148148148 0.027083333333333334 0.09259259259259259
1 0.4552083333333333 0.425 0.027083333333333334 0.08333333333333333
1 0.3921875 0.45092592592592595 0.028125 0.09074074074074075
1 0.425 0.4564814814814815 0.014583333333333334 0.07962962962962963
1 0.3770833333333333 0.462037037037037 0.01875 0.07592592592592592
1 0.2796875 0.5305555555555556 0.03854166666666667 0.10555555555555556
1 0.027604166666666666 0.5842592592592593 0.026041666666666668 0.10185185185185185
1 0.8026041666666667 0.06018518518518518 0.03229166666666667 0.10185185185185185
1 0.3848958333333333 0.6037037037037037 0.019791666666666666 0.08888888888888889
1 0.4354166666666667 0.6231481481481481 0.022916666666666665 0.09074074074074075
1 0.07760416666666667 0.6231481481481481 0.03229166666666667 0.10555555555555556
1 0.044270833333333336 0.6472222222222223 0.034375 0.09444444444444444
1 0.5369791666666667 0.6787037037037037 0.026041666666666668 0.09814814814814815
1 0.49270833333333336 0.6842592592592592 0.020833333333333332 0.08333333333333333
1 0.9510416666666667 0.6842592592592592 0.022916666666666665 0.10185185185185185
1 0.8817708333333333 0.7175925925925926 0.040625 0.10555555555555556
1 0.5119791666666667 0.7342592592592593 0.019791666666666666 0.09074074074074075
1 0.4083333333333333 0.7351851851851852 0.01875 0.08888888888888889
1 0.065625 0.7444444444444445 0.03125 0.1
1 0.434375 0.7462962962962963 0.022916666666666665 0.1
1 0.7677083333333333 0.07685185185185185 0.05 0.06851851851851852
1 0.34322916666666664 0.7611111111111111 0.030208333333333334 0.08518518518518518
1 0.9197916666666667 0.7925925925925926 0.04791666666666667 0.08518518518518518
1 0.19895833333333332 0.8240740740740741 0.022916666666666665 0.1037037037037037
1 0.17291666666666666 0.825 0.0375 0.09814814814814815
1 0.128125 0.8398148148148148 0.025 0.10185185185185185
1 0.10416666666666667 0.8527777777777777 0.022916666666666665 0.10185185185185185
1 0.051041666666666666 0.8638888888888889 0.022916666666666665 0.06851851851851852
1 0.028645833333333332 0.8814814814814815 0.030208333333333334 0.10740740740740741
1 0.6088541666666667 0.9046296296296297 0.023958333333333335 0.07962962962962963
1 0.05364583333333333 0.9268518518518518 0.023958333333333335 0.08333333333333333
1 0.08697916666666666 0.9305555555555556 0.036458333333333336 0.09444444444444444
1 0.6744791666666666 0.9675925925925926 0.034375 0.06111111111111111