1 0.5854166666666667 0.19444444444444445 0.09166666666666666 0.34444444444444444
1 0.21302083333333333 0.23796296296296296 0.14895833333333333 0.3685185185185185
1 0.6958333333333333 0.39814814814814814 0.16666666666666666 0.34074074074074073
1 0.0703125 0.537962962962963 0.140625 0.2759259259259259
1 0.8515625 0.6398148148148148 0.20520833333333333 0.30925925925925923
1 0.13125 0.08425925925925926 0.09791666666666667 0.1685185185185185
1 0.9005208333333333 0.8722222222222222 0.196875 0.2518518518518518
1 0.08854166666666667 0.14907407407407408 0.13958333333333334 0.29814814814814816
1 0.95 0.15555555555555556 0.09791666666666667 0.3111111111111111
1 0.7567708333333333 0.15648148148148147 0.11145833333333334 0.31296296296296294
1 0.353125 0.175 0.13125 0.35