1 0.709349593495935 0.9564814814814815 0.014227642276422764 0.02962962962962963
1 0.5932418699186992 0.9421296296296297 0.019817073170731708 0.021296296296296296
1 0.5630081300813008 0.5476851851851852 0.018292682926829267 0.025
1 0.5988313008130082 0.5009259259259259 0.019817073170731708 0.02962962962962963
1 0.7317073170731707 0.25972222222222224 0.019308943089430895 0.028703703703703703
1 0.7113821138211383 0.20324074074074075 0.021341463414634148 0.028703703703703703
1 0.0005054190214158239 0.00019418724279835392 0.000010069651001388062 0.00002314814814814815
1 0.09298780487804878 0.03009259259259259 0.018292682926829267 0.019444444444444445
1 0.17759146341463414 0.8162037037037037 0.01676829268292683 0.021296296296296296
1 0.15777439024390244 0.6972222222222222 0.013719512195121951 0.018518518518518517
1 0.22103658536585366 0.7865740740740741 0.011178861788617886 0.025
1 0.08511178861788618 0.49398148148148147 0.011686991869918699 0.019444444444444445
1 0.429369918699187 0.11064814814814815 0.014227642276422764 0.021296296296296296