1 0.7121443089430894 0.9611111111111111 0.013719512195121951 0.02962962962962963
1 0.5901930894308943 0.9421296296296297 0.019817073170731708 0.021296296296296296
1 0.5614837398373984 0.5430555555555555 0.018292682926829267 0.025
1 0.5945121951219512 0.4949074074074074 0.019308943089430895 0.028703703703703703
1 0.7400914634146342 0.262037037037037 0.019817073170731708 0.02962962962962963
1 0.7141768292682927 0.20324074074074075 0.020833333333333332 0.028703703703703703
1 0.0005054190214158239 0.00019418724279835392 0.000010069651001388062 0.00002314814814814815
1 0.10111788617886179 0.03194444444444444 0.018292682926829267 0.019444444444444445
1 0.18013211382113822 0.8162037037037037 0.01676829268292683 0.021296296296296296
1 0.15777439024390244 0.6995370370370371 0.013719512195121951 0.019444444444444445
1 0.22205284552845528 0.7865740740740741 0.011178861788617886 0.025
1 0.08638211382113821 0.49583333333333335 0.011178861788617886 0.019444444444444445
1 0.43089430894308944 0.11064814814814815 0.014227642276422764 0.021296296296296296