1 0.6869918699186992 0.9296296296296296 0.014227642276422764 0.02962962962962963
1 0.6183943089430894 0.9412037037037037 0.019308943089430895 0.023148148148148147
1 0.586890243902439 0.5810185185185185 0.018292682926829267 0.025
1 0.6308434959349594 0.5388888888888889 0.019817073170731708 0.02962962962962963
1 0.6547256097560976 0.2513888888888889 0.019817073170731708 0.028703703703703703
1 0.6847052845528455 0.19675925925925927 0.020833333333333332 0.028703703703703703
1 0.9263211382113821 0.17824074074074073 0.02540650406504065 0.025
1 0.025660569105691058 0.011111111111111112 0.017784552845528455 0.018518518518518517
1 0.16336382113821138 0.8180555555555555 0.01676829268292683 0.021296296296296296
1 0.14532520325203252 0.6828703703703703 0.014227642276422764 0.019444444444444445
1 0.2068089430894309 0.7847222222222222 0.011178861788617886 0.025
1 0.08231707317073171 0.4708333333333333 0.011178861788617886 0.019444444444444445
1 0.41260162601626016 0.09814814814814815 0.014227642276422764 0.020370370370370372