1 0.6615853658536586 0.9064814814814814 0.014227642276422764 0.02962962962962963
1 0.6407520325203252 0.9449074074074074 0.019308943089430895 0.023148148148148147
1 0.6077235772357723 0.6125 0.018292682926829267 0.025
1 0.6603150406504065 0.5745370370370371 0.019817073170731708 0.028703703703703703
1 0.5861280487804879 0.23472222222222222 0.019817073170731708 0.028703703703703703
1 0.6610772357723578 0.1925925925925926 0.021341463414634148 0.02962962962962963
1 0.8561991869918699 0.1337962962962963 0.02540650406504065 0.025
1 0.15066056910569106 0.8199074074074074 0.01676829268292683 0.021296296296296296
1 0.13414634146341464 0.6703703703703704 0.014227642276422764 0.018518518518518517
1 0.19410569105691056 0.7824074074074074 0.011178861788617886 0.025925925925925925
1 0.08231707317073171 0.4708333333333333 0.011178861788617886 0.019444444444444445
1 0.3958333333333333 0.0837962962962963 0.014227642276422764 0.021296296296296296