1 0.3866869918699187 0.25972222222222224 0.029471544715447155 0.03796296296296296
1 0.8353658536585366 0.6638888888888889 0.022357723577235773 0.027777777777777776
1 0.8366361788617886 0.6217592592592592 0.013719512195121951 0.026851851851851852
1 0.8897357723577236 0.6648148148148149 0.014227642276422764 0.020370370370370372
1 0.8841463414634146 0.6504629629629629 0.014227642276422764 0.021296296296296296
1 0.9232723577235772 0.6407407407407407 0.014227642276422764 0.027777777777777776
1 0.9771341463414634 0.5875 0.01524390243902439 0.025
1 0.9659552845528455 0.6217592592592592 0.01524390243902439 0.019444444444444445
1 0.9870426829268293 0.6189814814814815 0.015752032520325202 0.021296296296296296
1 0.9016768292682927 0.8273148148148148 0.017784552845528455 0.026851851851851852
1 0.9100609756097561 0.7708333333333334 0.026422764227642278 0.026851851851851852
1 0.914380081300813 0.7518518518518519 0.020833333333333332 0.03148148148148148
1 0.0005037407462489259 0.0004398148148148148 0.000009295062462819749 0.000029149519890260628