2 0.684375 0.2125 0.0390625 0.13541666666666666
2 0.66484375 0.21458333333333332 0.0796875 0.14791666666666667
2 0.6390625 0.215625 0.0390625 0.13958333333333334
2 0.7125 0.22083333333333333 0.0359375 0.13333333333333333
2 0.61171875 0.225 0.0390625 0.14166666666666666
2 0.23203125 0.378125 0.05 0.16875
2 0.3921875 0.5208333333333334 0.0578125 0.0625
2 0.5875 0.5802083333333333 0.11875 0.14583333333333334
2 0.86953125 0.584375 0.05625 0.21875
2 0.50390625 0.6052083333333333 0.0640625 0.175
2 0.9046875 0.6197916666666666 0.0609375 0.225
2 0.76328125 0.6885416666666667 0.0796875 0.24375
2 0.6890625 0.6927083333333334 0.0734375 0.23958333333333334
2 0.484375 0.7635416666666667 0.078125 0.25625
2 0.26640625 0.8822916666666667 0.06875 0.23541666666666666
2 0.20546875 0.103125 0.0265625 0.08333333333333333
2 0.278125 0.11666666666666667 0.025 0.06041666666666667
2 0.3203125 0.11979166666666667 0.0296875 0.06458333333333334
2 0.2453125 0.125 0.0265625 0.058333333333333334
2 0.7578125 0.16666666666666666 0.0265625 0.10208333333333333
2 0.734375 0.17083333333333334 0.03125 0.10208333333333333