2 0.24609375 0.21666666666666667 0.0375 0.12916666666666668
2 0.68828125 0.21770833333333334 0.040625 0.12083333333333333
2 0.7515625 0.22083333333333333 0.0421875 0.13125
2 0.4375 0.31354166666666666 0.0453125 0.15208333333333332
2 0.1890625 0.353125 0.0296875 0.08125
2 0.4203125 0.3541666666666667 0.053125 0.1625
2 0.3734375 0.3572916666666667 0.0515625 0.16458333333333333
2 0.15 0.40208333333333335 0.0546875 0.14166666666666666
2 0.24375 0.42916666666666664 0.0578125 0.18333333333333332
2 0.20859375 0.43125 0.034375 0.17083333333333334
2 0.29140625 0.44166666666666665 0.059375 0.19583333333333333
2 0.75703125 0.4510416666666667 0.0640625 0.17708333333333334
2 0.39375 0.5229166666666667 0.0328125 0.06666666666666667
2 0.40703125 0.5375 0.0375 0.0625
2 0.12734375 0.559375 0.034375 0.21458333333333332
2 0.17421875 0.5791666666666667 0.065625 0.22083333333333333
2 0.50390625 0.609375 0.065625 0.18125
2 0.2140625 0.8104166666666667 0.0609375 0.24583333333333332
2 0.190625 0.8479166666666667 0.0921875 0.3020833333333333
2 0.18515625 0.12291666666666666 0.0375 0.1125
2 0.25703125 0.14895833333333333 0.025 0.10208333333333333
2 0.67109375 0.14895833333333333 0.0296875 0.09583333333333334
2 0.771875 0.15520833333333334 0.0390625 0.11458333333333333
2 0.2765625 0.165625 0.03125 0.10416666666666667