2 0.26875 0.325 0.05 0.15625
2 0.21796875 0.33645833333333336 0.046875 0.13125
2 0.325 0.3375 0.053125 0.14791666666666667
2 0.38828125 0.521875 0.028125 0.07291666666666667
2 0.41171875 0.525 0.040625 0.06666666666666667
2 0.17109375 0.56875 0.075 0.22916666666666666
2 0.10625 0.5708333333333333 0.0609375 0.22916666666666666
2 0.5046875 0.60625 0.065625 0.18333333333333332
2 0.75703125 0.6208333333333333 0.0796875 0.23125
2 0.2140625 0.8052083333333333 0.0546875 0.24375
2 0.18984375 0.85 0.0953125 0.29375
2 0.190625 0.09166666666666666 0.0390625 0.0875
2 0.30390625 0.11979166666666667 0.03125 0.08125
2 0.3515625 0.125 0.0296875 0.07083333333333333
2 0.6671875 0.15104166666666666 0.0265625 0.09583333333333334
2 0.18828125 0.18333333333333332 0.034375 0.1375
2 0.64296875 0.19270833333333334 0.0328125 0.12291666666666666
2 0.71875 0.196875 0.0390625 0.11041666666666666