2 0.6625 0.24270833333333333 0.0203125 0.14791666666666667
2 0.6890625 0.24270833333333333 0.0421875 0.13541666666666666
2 0.203125 0.2833333333333333 0.0421875 0.15416666666666667
2 0.2921875 0.309375 0.0484375 0.16041666666666668
2 0.340625 0.31875 0.0390625 0.16666666666666666
2 0.25703125 0.3375 0.05 0.18333333333333332
2 0.64921875 0.4427083333333333 0.078125 0.21458333333333332
2 0.5890625 0.44895833333333335 0.0515625 0.20625
2 0.409375 0.53125 0.0359375 0.05416666666666667
2 0.3765625 0.06145833333333333 0.0234375 0.07291666666666667
2 0.51328125 0.60625 0.08125 0.19583333333333333
2 0.8015625 0.6114583333333333 0.0515625 0.24375
2 0.86953125 0.6375 0.0546875 0.25416666666666665
2 0.3609375 0.06770833333333333 0.0234375 0.06458333333333334
2 0.16484375 0.6708333333333333 0.059375 0.12916666666666668
2 0.753125 0.6885416666666667 0.0796875 0.2604166666666667
2 0.64609375 0.715625 0.059375 0.29375
2 0.20703125 0.81875 0.065625 0.2625
2 0.17109375 0.8489583333333334 0.071875 0.28541666666666665
2 0.30546875 0.096875 0.01875 0.052083333333333336
2 0.2609375 0.10625 0.0484375 0.125
2 0.3265625 0.14166666666666666 0.0234375 0.10416666666666667
2 0.66796875 0.14166666666666666 0.04375 0.1
2 0.2015625 0.15729166666666666 0.0453125 0.10625
2 0.715625 0.1625 0.0546875 0.10416666666666667
2 0.290625 0.18125 0.0359375 0.10833333333333334
2 0.2265625 0.18229166666666666 0.0328125 0.08541666666666667
2 0.61015625 0.20104166666666667 0.046875 0.13541666666666666
2 0.646875 0.20104166666666667 0.0359375 0.12708333333333333