2 0.20390625 0.4270833333333333 0.0625 0.17083333333333334
2 0.39140625 0.5208333333333334 0.053125 0.06041666666666667
2 0.55078125 0.5510416666666667 0.05 0.12291666666666666
2 0.60859375 0.5770833333333333 0.090625 0.12916666666666668
2 0.503125 0.60625 0.0609375 0.175
2 0.86171875 0.6125 0.0640625 0.22291666666666668
2 0.92578125 0.64375 0.0890625 0.23541666666666666
2 0.46796875 0.7760416666666666 0.0734375 0.24166666666666667
2 0.66484375 0.778125 0.0796875 0.25833333333333336
2 0.746875 0.7854166666666667 0.0890625 0.2604166666666667
2 0.20390625 0.1 0.0265625 0.08125
2 0.26796875 0.11770833333333333 0.021875 0.058333333333333334
2 0.32109375 0.12083333333333333 0.028125 0.06666666666666667
2 0.7515625 0.16666666666666666 0.0296875 0.09583333333333334
2 0.66484375 0.19583333333333333 0.0375 0.13125
2 0.68359375 0.19583333333333333 0.078125 0.1375
2 0.62109375 0.19791666666666666 0.0375 0.12708333333333333
2 0.70703125 0.2 0.034375 0.125
2 0.58984375 0.20208333333333334 0.0359375 0.13333333333333333