2 0.6734375 0.25729166666666664 0.04375 0.13333333333333333
2 0.29609375 0.275 0.0484375 0.13958333333333334
2 0.2515625 0.2760416666666667 0.0390625 0.1375
2 0.359375 0.27708333333333335 0.046875 0.14791666666666667
2 0.44140625 0.2989583333333333 0.0453125 0.15
2 0.725 0.3302083333333333 0.0515625 0.16458333333333333
2 0.22890625 0.34479166666666666 0.04375 0.14375
2 0.76953125 0.378125 0.0453125 0.175
2 0.83125 0.38645833333333335 0.053125 0.175
2 0.5046875 0.6104166666666667 0.06875 0.18125
2 0.0578125 0.6166666666666667 0.06875 0.21041666666666667
2 0.21171875 0.065625 0.034375 0.07291666666666667
2 0.13828125 0.6729166666666667 0.0921875 0.26666666666666666
2 0.190625 0.8520833333333333 0.0921875 0.28958333333333336
2 0.94296875 0.95 0.103125 0.09583333333333334
2 0.18828125 0.10625 0.01875 0.07916666666666666
2 0.30546875 0.11770833333333333 0.03125 0.09375
2 0.35390625 0.125 0.0375 0.075
2 0.67265625 0.15104166666666666 0.0296875 0.09166666666666666
2 0.7171875 0.16041666666666668 0.0609375 0.07916666666666666
2 0.23984375 0.178125 0.028125 0.06458333333333334
2 0.21171875 0.19375 0.0296875 0.075