2 0.5710703125000001 0.18047222222222223 0.02975 0.11900000000000001
2 0.6587265625 0.2691111111111111 0.033203125 0.1334861111111111
2 0.5004140625 0.08348611111111111 0.030765625 0.1156388888888889
2 0.518453125 0.9112916666666666 0.049320312500000005 0.17108333333333334
2 0.03846875 0.17354166666666668 0.035898437500000005 0.1067638888888889
2 0.7853671875 0.11005555555555555 0.027937499999999997 0.11388888888888889
2 0.41071875 0.7784722222222222 0.0462890625 0.17738888888888887
2 0.6473203125 0.6292638888888888 0.036351562500000004 0.140375
2 0.5309140625000001 0.08925000000000001 0.02325 0.10247222222222223
2 0.11296874999999999 0.86725 0.0540390625 0.1791111111111111
2 0.48936718749999997 0.37359722222222225 0.0316484375 0.1366666666666667
2 0.9438124999999999 0.42968055555555557 0.04503125 0.14716666666666667
2 0.54121875 0.7266944444444445 0.0528125 0.18666666666666668
2 0.25877343750000004 0.8364999999999999 0.048640625 0.19095833333333334
2 0.4924453125 0.024930555555555553 0.02784375 0.049874999999999996
2 0.43460937499999996 0.02659722222222222 0.025015625000000003 0.05320833333333334
2 0.9416328125 0.017541666666666667 0.038242187500000004 0.035083333333333334
2 0.12030468750000001 0.16622222222222224 0.038265625 0.12869444444444444
2 0.7296875 0.08095833333333333 0.020179687499999998 0.11779166666666667
2 0.3809765625 0.3679305555555556 0.047875 0.18394444444444444
2 0.6593984374999999 0.06711111111111111 0.026726562500000002 0.10448611111111111
2 0.3703671875 0.050055555555555555 0.0280625 0.09913888888888889
2 0.459046875 0.028791666666666667 0.025453125 0.057583333333333334
2 0.061250000000000006 0.017694444444444443 0.031625 0.035402777777777776
2 0.5471171874999999 0.2812777777777778 0.022257812499999998 0.11984722222222223
2 0.6449921875 0.03391666666666667 0.022945312500000002 0.06784722222222223
2 0.21907031250000003 0.5228750000000001 0.044875 0.14991666666666667
2 0.3909375 0.025083333333333332 0.01984375 0.050152777777777775
2 0.3489921875 0.069875 0.026953125 0.09450000000000001
2 0.2334140625 0.45047222222222216 0.025046875000000003 0.06979166666666667
2 0.9818125 0.20991666666666664 0.036375000000000005 0.21815277777777778
2 0.609953125 0.037125 0.0237890625 0.0742638888888889
2 0.25 0.5148194444444445 0.0378359375 0.1277361111111111
2 0.18759375 0.4971944444444445 0.042703124999999995 0.13995833333333332
2 0.3436015625 0.07161111111111111 0.020171875 0.08873611111111111
2 0.6036718750000001 0.03855555555555556 0.0249140625 0.07711111111111112
2 0.9724921875 0.22972222222222222 0.0319140625 0.1683888888888889