2 0.5990234375 0.27397222222222223 0.027726562500000003 0.10731944444444444
2 0.49056249999999996 0.46863888888888894 0.0361640625 0.1403888888888889
2 0.8553203125 0.3539861111111111 0.036796875 0.15029166666666666
2 0.5330859375 0.9624722222222223 0.05603125 0.07505555555555556
2 0.9321328125000001 0.9035416666666666 0.06185937500000001 0.1757638888888889
2 0.5683984375 0.4649722222222222 0.03725 0.15041666666666667
2 0.0640234375 0.9603055555555555 0.0633671875 0.07938888888888888
2 0.9100468749999999 0.1716111111111111 0.04934375 0.2038333333333333
2 0.7293203125 0.09140277777777778 0.0204375 0.12327777777777779
2 0.384453125 0.18948611111111113 0.027953125000000002 0.11569444444444445
2 0.6531875 0.7174305555555555 0.04653125 0.18890277777777775
2 0.938703125 0.367375 0.042390625 0.1522222222222222
2 0.3771875 0.057152777777777775 0.024765625 0.10295833333333333
2 0.540421875 0.6419444444444444 0.027968749999999997 0.146375
2 0.30146875 0.5739444444444445 0.042875 0.144875
2 0.380296875 0.7935833333333333 0.053492187499999996 0.21248611111111113
2 0.3707109375 0.2709444444444445 0.0331015625 0.138125
2 0.5221171874999999 0.36231944444444447 0.037929687499999996 0.1484861111111111
2 0.054093749999999996 0.6749583333333333 0.04978125 0.18625
2 0.4904140625 0.15170833333333333 0.0235625 0.11977777777777777
2 0.5981484375 0.033875 0.0343203125 0.06775
2 0.6215859375 0.2494861111111111 0.028453125000000003 0.11534722222222221
2 0.42806249999999996 0.09443055555555555 0.02403125 0.11969444444444445
2 0.0540546875 0.1567361111111111 0.032945312500000004 0.11740277777777777
2 0.6743515625 0.04711111111111111 0.0253984375 0.09158333333333334
2 0.3026015625 0.4509166666666667 0.0345625 0.13445833333333335
2 0.4571171875 0.10134722222222223 0.028828125 0.12566666666666668
2 0.222890625 0.45586111111111116 0.0247109375 0.057055555555555554
2 0.6473828125 0.043597222222222225 0.022132812499999998 0.08719444444444445
2 0.9893828125 0.28118055555555554 0.0212265625 0.12680555555555556
2 0.189734375 0.5093472222222223 0.03378125 0.137
2 0.12575 0.04708333333333333 0.029828125 0.09415277777777778
2 0.5369843750000001 0.02233333333333333 0.021671875 0.044444444444444446
2 0.1520078125 0.0816111111111111 0.0270390625 0.094875
2 0.219 0.5296805555555556 0.0391484375 0.14693055555555556
2 0.2486796875 0.5165277777777777 0.0335703125 0.12968055555555555
2 0.9917890625 0.021361111111111112 0.0164296875 0.042333333333333334
2 0.946296875 0.010763888888888889 0.0211484375 0.02113888888888889
2 0.9887656249999999 0.4827638888888889 0.022468750000000003 0.14190277777777777
2 0.500859375 0.01172222222222222 0.020421875 0.023291666666666665
2 0.6268671875 0.03772222222222222 0.0224453125 0.06719444444444445