2 0.58121875 0.1432361111111111 0.0278828125 0.09954166666666667
2 0.1359453125 0.6104305555555556 0.047867187500000005 0.17520833333333335
2 0.97109375 0.2562222222222222 0.035828125 0.12695833333333334
2 0.1761484375 0.04755555555555556 0.027726562500000003 0.09511111111111112
2 0.80771875 0.4850833333333333 0.0434140625 0.15059722222222224
2 0.8154375 0.6524305555555555 0.0462734375 0.17026388888888888
2 0.590078125 0.7675277777777778 0.044359375 0.175375
2 0.9412578125 0.5853333333333334 0.042976562499999996 0.16768055555555555
2 0.49686718750000003 0.28783333333333333 0.031515625000000005 0.13156944444444446
2 0.6787578125 0.7438333333333332 0.0392734375 0.1461111111111111
2 0.3806484375 0.19969444444444445 0.028609375 0.12759722222222222
2 0.0587421875 0.1698611111111111 0.031132812500000002 0.11969444444444445
2 0.5318828124999999 0.20730555555555555 0.03365625 0.1393611111111111
2 0.91928125 0.2724722222222222 0.040749999999999995 0.13834722222222223
2 0.6254375 0.13116666666666665 0.0380625 0.11656944444444445
2 0.8936718750000001 0.10604166666666666 0.0315546875 0.12602777777777777
2 0.45122656250000004 0.11318055555555555 0.0273125 0.12406944444444444
2 0.924140625 0.17944444444444443 0.033390625 0.107125
2 0.22446875 0.035708333333333335 0.031859375 0.07143055555555555
2 0.0831015625 0.8630138888888889 0.0670078125 0.21122222222222223
2 0.39645312499999996 0.019375 0.019773437499999998 0.03873611111111111
2 0.4866171875 0.06155555555555556 0.031171874999999998 0.12025
2 0.6134375000000001 0.43409722222222225 0.0360234375 0.13901388888888888
2 0.8594296874999999 0.072625 0.0261953125 0.10669444444444444
2 0.3693046875 0.523125 0.038828125000000005 0.17570833333333333
2 0.31839062500000004 0.3753611111111111 0.0476484375 0.14808333333333334
2 0.407046875 0.3814444444444444 0.0330390625 0.14480555555555558
2 0.7303984375 0.09388888888888888 0.022257812499999998 0.13672222222222222
2 0.95375 0.020375 0.0212734375 0.04075
2 0.42662500000000003 0.10961111111111112 0.0257265625 0.11704166666666665
2 0.0083125 0.1406388888888889 0.0159453125 0.05408333333333333
2 0.6846171875 0.04466666666666666 0.0228671875 0.08933333333333332
2 0.5757578125 0.9820277777777777 0.04378125 0.035958333333333335
2 0.314078125 0.271375 0.03875 0.092125
2 0.1486796875 0.016319444444444445 0.021851562499999998 0.03263888888888889
2 0.844765625 0.07654166666666666 0.024078125 0.10831944444444444
2 0.218546875 0.5378888888888889 0.0435546875 0.15365277777777778
2 0.226359375 0.4615694444444444 0.022140625 0.04763888888888888
2 0.7245234375 0.05 0.0282890625 0.09697222222222221
2 0.189796875 0.5186944444444445 0.03715625 0.14434722222222224
2 0.9925078125000001 0.1638888888888889 0.014976562500000002 0.10405555555555555
2 0.6642812499999999 0.07545833333333334 0.0189921875 0.06679166666666667
2 0.2516953125 0.524888888888889 0.0392109375 0.13330555555555557
2 0.4939765625 0.08798611111111111 0.0241015625 0.10172222222222221