2 0.40696875 0.5321805555555555 0.0363828125 0.1462638888888889
2 0.6778984375 0.9288749999999999 0.04865625 0.1352361111111111
2 0.968375 0.6036944444444445 0.0516953125 0.1671388888888889
2 0.77371875 0.9325694444444446 0.04934375 0.1276111111111111
2 0.6711875 0.1284861111111111 0.028468749999999998 0.12000000000000001
2 0.5004296874999999 0.1733888888888889 0.0318046875 0.12018055555555555
2 0.55653125 0.07351388888888889 0.0242421875 0.10119444444444445
2 0.8777968749999999 0.11337499999999999 0.0335546875 0.11487499999999999
2 0.9604296874999999 0.07484722222222222 0.031257812499999996 0.11379166666666668
2 0.9744609375 0.1342361111111111 0.036390624999999996 0.11719444444444443
2 0.7318515624999999 0.08216666666666667 0.022218750000000002 0.11986111111111111
2 0.5000546875 0.5709722222222222 0.03721875 0.1521111111111111
2 0.8172578125 0.7665138888888888 0.044125 0.1824027777777778
2 0.5330078125 0.17151388888888888 0.0268515625 0.10218055555555555
2 0.9245390625000001 0.07606944444444445 0.033710937499999996 0.11079166666666666
2 0.022468750000000003 0.6501388888888889 0.044937500000000005 0.18825
2 0.3909765625 0.22079166666666666 0.032453125 0.13809722222222223
2 0.5843515625 0.7441249999999999 0.0476015625 0.195625
2 0.6757187499999999 0.020902777777777777 0.026210937499999996 0.041819444444444444
2 0.036984375 0.17208333333333334 0.0348671875 0.11430555555555555
2 0.643828125 0.03391666666666667 0.0215078125 0.06781944444444445
2 0.9842109375 0.19793055555555555 0.0315859375 0.12293055555555556
2 0.7472265625000001 0.029555555555555557 0.02446875 0.05909722222222222
2 0.4522734375 0.06108333333333333 0.0233984375 0.0957638888888889
2 0.610234375 0.036597222222222225 0.0235234375 0.07319444444444445
2 0.10162500000000001 0.2587916666666667 0.049640625 0.14331944444444444
2 0.5923437500000001 0.04048611111111111 0.01878125 0.06459722222222222
2 0.895671875 0.10688888888888888 0.029125 0.11455555555555556
2 0.5527890625 0.1584722222222222 0.01959375 0.098625
2 0.013359375000000001 0.35444444444444445 0.02603125 0.13947222222222222
2 0.21789062499999998 0.521125 0.042296875 0.15318055555555557
2 0.5084609375 0.061000000000000006 0.037609375 0.12201388888888888
2 0.25171875 0.5106666666666667 0.0319453125 0.1284861111111111
2 0.520921875 0.021583333333333333 0.0202265625 0.043166666666666666
2 0.18859375 0.49304166666666666 0.0339921875 0.14855555555555555
2 0.5575078125 0.9872222222222221 0.056796875000000004 0.025541666666666667
2 0.8876484375 0.11256944444444444 0.040140625 0.11237499999999999
2 0.2256796875 0.4595833333333333 0.0206875 0.06027777777777778
2 0.9455781249999999 0.005611111111111111 0.021640625 0.010944444444444444