2 0.5676796875 0.4362361111111111 0.036890624999999996 0.14106944444444444
2 0.3868203125 0.17406944444444444 0.0281484375 0.10702777777777778
2 0.49213281249999996 0.4909305555555556 0.038101562500000005 0.14269444444444443
2 0.6019687499999999 0.292125 0.0314375 0.11297222222222222
2 0.8458593750000001 0.32593055555555556 0.0367578125 0.13644444444444442
2 0.65571875 0.6627916666666667 0.044664062500000004 0.14915277777777777
2 0.9409609375000001 0.38086111111111115 0.0448125 0.14943055555555557
2 0.9608828125000001 0.9381805555555556 0.06391406250000001 0.12365277777777778
2 0.2998515625 0.4663333333333333 0.0336328125 0.12027777777777778
2 0.59028125 0.03031944444444444 0.023796875000000002 0.06063888888888888
2 0.374625 0.2513472222222222 0.0306640625 0.1339861111111111
2 0.48998437499999997 0.16405555555555557 0.023804687499999998 0.12641666666666665
2 0.7299375 0.09056944444444444 0.019234375 0.12386111111111112
2 0.54340625 0.6105833333333334 0.028898437500000002 0.1473888888888889
2 0.3023984375 0.6053472222222223 0.049539062499999995 0.1579722222222222
2 0.518546875 0.38369444444444445 0.0381796875 0.1562638888888889
2 0.07614062499999999 0.7010833333333333 0.062234374999999995 0.18602777777777776
2 0.42753125000000003 0.09036111111111111 0.0227734375 0.11823611111111111
2 0.6172421875 0.23444444444444446 0.03125 0.11359722222222222
2 0.45699218750000004 0.0952638888888889 0.026734374999999998 0.11861111111111113
2 0.3788671875 0.7499583333333334 0.050546875000000005 0.2068333333333333
2 0.6783828125 0.04647222222222222 0.0305078125 0.089625
2 0.37871875 0.050486111111111114 0.02225 0.0957638888888889
2 0.1687265625 0.08293055555555556 0.03528125 0.09468055555555556
2 0.12468749999999999 0.05636111111111111 0.029140624999999996 0.10995833333333334
2 0.051460937500000005 0.158 0.031515625000000005 0.12191666666666667
2 0.5204765625000001 0.9777777777777777 0.0489296875 0.044430555555555556
2 0.608859375 0.02420833333333333 0.0220390625 0.04841666666666666
2 0.189921875 0.5094444444444445 0.03490625 0.13954166666666667
2 0.9909062499999999 0.28630555555555554 0.018187500000000002 0.11797222222222221
2 0.2199609375 0.5279027777777777 0.039875 0.149125
2 0.6452265625 0.03675 0.023875 0.0735
2 0.9935859375 0.020527777777777777 0.0128359375 0.041055555555555553
2 0.2493671875 0.5173472222222222 0.031148437499999997 0.1353888888888889
2 0.92740625 0.12159722222222222 0.024796875 0.07934722222222222
2 0.9079375000000001 0.2217777777777778 0.03815625 0.13508333333333333
2 0.22228906249999997 0.4568055555555555 0.0256484375 0.05656944444444444
2 0.9457578124999999 0.010333333333333333 0.0170234375 0.02026388888888889
2 0.052054687499999995 0.9890555555555556 0.0461953125 0.021875
2 0.6975234375 0.01625 0.0312421875 0.03248611111111111
2 0.540328125 0.01926388888888889 0.015625 0.03852777777777778
2 0.5010546875 0.015902777777777776 0.0170390625 0.03181944444444444
2 0.6214296874999999 0.043000000000000003 0.0245546875 0.05798611111111111
2 0.6869453125 0.028902777777777777 0.044359375 0.057805555555555554