2 0.5687265625 0.1944861111111111 0.030265625 0.12069444444444445
2 0.643328125 0.5977361111111111 0.04334375 0.14073611111111112
2 0.66096875 0.2888611111111111 0.032875 0.1333611111111111
2 0.7915390625 0.12309722222222222 0.028726562500000004 0.11848611111111111
2 0.49915624999999997 0.07711111111111112 0.02840625 0.11273611111111112
2 0.5178125 0.8841388888888889 0.0508203125 0.19256944444444446
2 0.10204687500000001 0.8419722222222222 0.059109375 0.17204166666666668
2 0.48763281249999996 0.3575277777777778 0.030984374999999998 0.13873611111111112
2 0.2676328125 0.7939166666666667 0.04484375 0.14975
2 0.4083671875 0.815361111111111 0.0448203125 0.16293055555555555
2 0.94040625 0.4128472222222222 0.044421875 0.1495138888888889
2 0.0369609375 0.17368055555555556 0.0325078125 0.11056944444444444
2 0.1218515625 0.15343055555555554 0.0354296875 0.1262222222222222
2 0.371953125 0.058888888888888886 0.0276328125 0.11436111111111112
2 0.295375 0.9667499999999999 0.060304687499999995 0.0665
2 0.43529687499999997 0.030500000000000003 0.02409375 0.06101388888888889
2 0.54209375 0.7009722222222222 0.0526015625 0.19368055555555555
2 0.5310312500000001 0.07886111111111112 0.021953125 0.09936111111111112
2 0.38122656250000003 0.3893611111111111 0.040757812500000004 0.1545138888888889
2 0.45887500000000003 0.029861111111111113 0.0236875 0.059708333333333335
2 0.7304375000000001 0.08234722222222222 0.0221796875 0.12556944444444443
2 0.546015625 0.30206944444444445 0.0231015625 0.11836111111111111
2 0.649625 0.06881944444444445 0.0290078125 0.11897222222222222
2 0.4875859375 0.021458333333333333 0.0238359375 0.042916666666666665
2 0.39068749999999997 0.03023611111111111 0.024085937499999998 0.06047222222222222
2 0.609265625 0.032875 0.0231328125 0.06575
2 0.9641796875 0.2421666666666667 0.0315859375 0.11487499999999999
2 0.33532812500000003 0.06541666666666666 0.0175390625 0.10204166666666667
2 0.21853906250000002 0.523125 0.0442734375 0.15138888888888888
2 0.23272656249999998 0.45016666666666666 0.023445312500000003 0.06475
2 0.044171875 0.01948611111111111 0.0246640625 0.03897222222222222
2 0.18828125 0.49780555555555556 0.041203125 0.14281944444444444
2 0.98690625 0.22206944444444443 0.026187500000000002 0.1811111111111111
2 0.643140625 0.020125 0.022101562499999998 0.04023611111111111
2 0.2488359375 0.5148194444444445 0.038984375 0.1352361111111111
2 0.9286406250000001 0.017583333333333333 0.0334140625 0.035166666666666666
2 0.98184375 0.24573611111111113 0.0363203125 0.12784722222222222
2 0.5910859375 0.051861111111111115 0.021421875 0.04543055555555556