2 0.8392968749999999 0.7100416666666667 0.04821875 0.16905555555555554
2 0.620015625 0.39518055555555553 0.0350078125 0.12691666666666665
2 0.578328125 0.7028194444444444 0.048507812500000004 0.1805138888888889
2 0.6134453125 0.10877777777777776 0.02784375 0.11143055555555556
2 0.930046875 0.30093055555555553 0.0416171875 0.13445833333333335
2 0.588171875 0.1626388888888889 0.026109375 0.10106944444444443
2 0.9271484375 0.22231944444444443 0.036046875 0.1378888888888889
2 0.49661718749999995 0.3126527777777778 0.03253125 0.1336388888888889
2 0.5649609375 0.9377083333333333 0.035765625 0.12212500000000001
2 0.64590625 0.7623472222222222 0.0439765625 0.1537361111111111
2 0.38167968750000003 0.17108333333333334 0.027523437499999998 0.11893055555555555
2 0.12396093749999999 0.6737222222222222 0.051171875 0.1806111111111111
2 0.40598437499999995 0.34176388888888887 0.0305234375 0.1361111111111111
2 0.9204375 0.5417638888888889 0.05011718750000001 0.1632361111111111
2 0.8232421875 0.5488611111111111 0.041007812500000004 0.14963888888888888
2 0.895046875 0.12059722222222222 0.032937499999999995 0.11618055555555556
2 0.025374999999999998 0.11356944444444445 0.0297578125 0.09502777777777778
2 0.5342421875000001 0.232125 0.036140624999999996 0.14098611111111112
2 0.9783203125 0.27893055555555557 0.033460937499999996 0.13569444444444445
2 0.09390625 0.8911250000000001 0.06088281250000001 0.17623611111111112
2 0.3735625 0.4640972222222222 0.034953125 0.15619444444444444
2 0.20125781250000002 0.03577777777777778 0.0300390625 0.07154166666666667
2 0.321984375 0.4139305555555555 0.042460937500000004 0.150125
2 0.663484375 0.06686111111111111 0.024125 0.078875
2 0.7295390625 0.09859722222222221 0.0242421875 0.12329166666666666
2 0.058421875 0.16555555555555557 0.030296875 0.12130555555555556
2 0.6307031249999999 0.09998611111111111 0.026359375 0.12620833333333334
2 0.95325 0.018333333333333333 0.0187421875 0.03666666666666667
2 0.6806640625 0.04634722222222222 0.02203125 0.09269444444444444
2 0.8756953125000001 0.07786111111111112 0.0211796875 0.09222222222222223
2 0.5016796875 0.06916666666666667 0.022515625 0.10534722222222222
2 0.48439062499999996 0.07331944444444444 0.0225859375 0.11458333333333333
2 0.4269765625 0.10769444444444445 0.0238515625 0.11515277777777777
2 0.2412734375 0.02640277777777778 0.0196796875 0.0525
2 0.8522968750000001 0.09120833333333334 0.0211953125 0.10331944444444445
2 0.45790625 0.11404166666666667 0.027609375000000002 0.11697222222222223
2 0.7138203125 0.04566666666666667 0.024171875000000002 0.09134722222222222
2 0.224421875 0.46677777777777774 0.0265390625 0.05973611111111111
2 0.3144765625 0.3036111111111111 0.0370078125 0.10454166666666666
2 0.9913203125000001 0.17727777777777778 0.017359375 0.09420833333333332
2 0.19046093749999998 0.5180555555555556 0.0370703125 0.14197222222222222
2 0.1472421875 0.022680555555555554 0.023890625 0.045375000000000006
2 0.22018749999999998 0.5367361111111111 0.044859375 0.1559722222222222
2 0.399671875 0.012041666666666666 0.0206953125 0.023666666666666666
2 0.25206249999999997 0.5233888888888889 0.039015625 0.13345833333333335
2 0.135890625 0.024819444444444446 0.030843749999999996 0.04963888888888889
2 0.5173593750000001 0.017791666666666667 0.020867187500000002 0.035569444444444445
2 0.9909609375 0.007402777777777778 0.0167890625 0.014208333333333333