2 0.624015625 0.4373194444444444 0.033828125 0.12243055555555557
2 0.66996875 0.43456944444444445 0.0372109375 0.140875
2 0.568078125 0.29079166666666667 0.032242187500000005 0.12579166666666666
2 0.9765 0.5747222222222222 0.0469921875 0.17384722222222224
2 0.13314062499999998 0.9185972222222222 0.054984374999999995 0.1559861111111111
2 0.301734375 0.803125 0.051226562499999996 0.17244444444444443
2 0.9716328125 0.18966666666666668 0.033523437499999996 0.11944444444444445
2 0.48621875000000003 0.25455555555555553 0.029664062499999998 0.12306944444444444
2 0.502625 0.6735 0.0442578125 0.16651388888888888
2 0.0252265625 0.6603194444444445 0.050453125 0.15140277777777778
2 0.37040625 0.13754166666666667 0.030632812500000002 0.12602777777777777
2 0.2670078125 0.06580555555555556 0.0296875 0.09005555555555556
2 0.5022031250000001 0.03744444444444445 0.028585937500000002 0.0748888888888889
2 0.281984375 0.6292222222222222 0.0408828125 0.14884722222222221
2 0.0487734375 0.16159722222222223 0.028476562500000004 0.11738888888888889
2 0.819984375 0.20525 0.033921875000000004 0.12825
2 0.438984375 0.057694444444444444 0.0237265625 0.11202777777777777
2 0.551265625 0.4177222222222222 0.025687500000000002 0.1279722222222222
2 0.3859921875 0.07647222222222222 0.0251171875 0.10883333333333334
2 0.37892187499999996 0.5302083333333333 0.0455 0.18737499999999999
2 0.824171875 0.018486111111111113 0.041281250000000005 0.036972222222222226
2 0.5162734375 0.5311666666666667 0.043828125 0.1605
2 0.4596484375 0.05433333333333333 0.026500000000000003 0.10643055555555556
2 0.730796875 0.08294444444444445 0.021117187500000002 0.12247222222222223
2 0.53453125 0.03952777777777778 0.0234375 0.07555555555555556
2 0.9311093749999999 0.2773611111111111 0.0400078125 0.07194444444444444
2 0.94196875 0.18177777777777776 0.028499999999999998 0.11383333333333333
2 0.6231953125 0.14372222222222222 0.026960937499999997 0.10534722222222222
2 0.12209375 0.10219444444444445 0.03959375 0.13183333333333333
2 0.6467578125 0.034847222222222224 0.021703125 0.06969444444444445
2 0.928296875 0.34925 0.036046875 0.07558333333333334
2 0.2251875 0.44819444444444445 0.0248828125 0.06284722222222222
2 0.2197890625 0.5216805555555556 0.0398359375 0.1527222222222222
2 0.25010937499999997 0.5092916666666667 0.034859375 0.13806944444444444
2 0.6223984375 0.029694444444444443 0.022828124999999998 0.05938888888888889
2 0.189734375 0.5009027777777777 0.034921875000000005 0.1461111111111111
2 0.42239062499999996 0.9857916666666666 0.05365625 0.028430555555555553
2 0.6046328125 0.04440277777777778 0.0229921875 0.06230555555555555