2 0.826375 0.6791805555555556 0.050937500000000004 0.17706944444444445
2 0.0139375 0.11679166666666667 0.027875 0.09695833333333334
2 0.8132265625 0.5248194444444445 0.04203125 0.1552361111111111
2 0.5831953125 0.7348055555555555 0.043046875 0.170375
2 0.6585703125 0.7519722222222222 0.048828125 0.15094444444444446
2 0.9319375000000001 0.5591388888888889 0.044953125 0.1650138888888889
2 0.18719531250000002 0.04063888888888889 0.032390625 0.078
2 0.619515625 0.4104027777777778 0.0328515625 0.12620833333333334
2 0.37800781250000004 0.18834722222222225 0.029031249999999998 0.12443055555555556
2 0.40521874999999996 0.3567083333333333 0.0324765625 0.137
2 0.9216796875 0.2908194444444444 0.039515625 0.13736111111111113
2 0.8938593750000001 0.11119444444444444 0.032921875 0.11913888888888889
2 0.49712500000000004 0.30245833333333333 0.031734374999999995 0.13159722222222223
2 0.5833437499999999 0.14905555555555555 0.0253984375 0.09955555555555556
2 0.61634375 0.12354166666666667 0.027187499999999996 0.11997222222222222
2 0.9768984375 0.272 0.036390624999999996 0.14041666666666666
2 0.1301484375 0.6335416666666667 0.046125 0.18016666666666667
2 0.0875390625 0.8826111111111111 0.057390624999999994 0.18068055555555557
2 0.53340625 0.2252222222222222 0.034835937500000004 0.13983333333333334
2 0.058765625 0.16905555555555554 0.0313671875 0.12140277777777778
2 0.5681796875 0.9611527777777777 0.036851562500000004 0.07768055555555556
2 0.7279921875 0.10109722222222223 0.02165625 0.12311111111111112
2 0.6322578125 0.11006944444444444 0.027046874999999998 0.12776388888888887
2 0.36890625 0.4931805555555555 0.0396015625 0.16804166666666667
2 0.22999999999999998 0.03254166666666666 0.0334296875 0.06508333333333333
2 0.4532265625 0.11654166666666667 0.0270546875 0.11820833333333333
2 0.48584375 0.06272222222222222 0.025671875 0.11326388888888889
2 0.68321875 0.04702777777777778 0.022351562499999998 0.09175
2 0.9258124999999999 0.19947222222222222 0.038234375 0.13201388888888888
2 0.9534921875 0.020194444444444442 0.0209453125 0.040388888888888884
2 0.5016328125 0.018208333333333333 0.03546875 0.03641666666666667
2 0.317640625 0.3864861111111111 0.048 0.14716666666666667
2 0.31571875 0.29073611111111114 0.0351328125 0.09751388888888889
2 0.4275390625 0.10922222222222222 0.0257265625 0.11900000000000001
2 0.7184453125 0.04606944444444445 0.025109375 0.0921388888888889
2 0.4996484375 0.081625 0.02103125 0.10633333333333334
2 0.146109375 0.021402777777777778 0.0238828125 0.042805555555555555
2 0.22434375 0.4686944444444444 0.025031249999999998 0.05615277777777778
2 0.3997265625 0.017277777777777777 0.0235859375 0.034555555555555555
2 0.8500624999999999 0.08713888888888889 0.02025 0.10495833333333332
2 0.1902109375 0.5183333333333333 0.035359375 0.14201388888888888
2 0.218828125 0.5372361111111111 0.04478125 0.1515138888888889
2 0.8661875 0.084875 0.0271484375 0.10761111111111112
2 0.9919921875 0.16722222222222222 0.016015625 0.11193055555555556
2 0.664828125 0.07293055555555555 0.0211015625 0.06840277777777778
2 0.252453125 0.525625 0.044765624999999996 0.13391666666666666
2 0.5067890625 0.08330555555555555 0.030117187499999996 0.12258333333333334