2 0.5932578125 0.23231944444444447 0.0268828125 0.10458333333333333
2 0.49329687499999997 0.4110972222222222 0.037484375 0.13719444444444445
2 0.8918515625 0.7632083333333333 0.051968749999999994 0.1708611111111111
2 0.567484375 0.5394444444444444 0.0395625 0.15559722222222222
2 0.9392968749999999 0.30395833333333333 0.0389609375 0.13870833333333335
2 0.8983671875000001 0.9131527777777778 0.0590625 0.16806944444444444
2 0.5613984375000001 0.906375 0.0443203125 0.1668472222222222
2 0.391609375 0.23881944444444442 0.0315859375 0.12329166666666666
2 0.9735781250000001 0.4096805555555556 0.0495546875 0.14580555555555555
2 0.0833828125 0.8800138888888889 0.05292187499999999 0.1919861111111111
2 0.643 0.8564444444444445 0.0505859375 0.20240277777777776
2 0.62528125 0.29380555555555554 0.032210937499999995 0.12716666666666668
2 0.8738125 0.4086944444444444 0.0379140625 0.1557361111111111
2 0.3808984375 0.09073611111111111 0.023921875000000002 0.11408333333333333
2 0.531640625 0.3201111111111111 0.040109375 0.1537361111111111
2 0.3713359375 0.8994583333333334 0.057382812500000005 0.19602777777777775
2 0.0333203125 0.6059861111111111 0.0631875 0.16651388888888888
2 0.9098671875000001 0.17838888888888887 0.0349453125 0.11697222222222223
2 0.7305078125 0.0931388888888889 0.023078124999999998 0.12826388888888887
2 0.12198437499999999 0.9458888888888889 0.0561328125 0.10822222222222222
2 0.60725 0.05202777777777778 0.032718750000000005 0.10291666666666666
2 0.37463281249999997 0.3343888888888889 0.032710937499999995 0.14434722222222224
2 0.31225 0.5131249999999999 0.0450703125 0.15141666666666667
2 0.9896015625000001 0.23800000000000002 0.0208046875 0.11325
2 0.48829687499999996 0.11844444444444445 0.025468750000000002 0.11644444444444445
2 0.1300703125 0.043208333333333335 0.029249999999999998 0.08369444444444445
2 0.5401640624999999 0.7392361111111111 0.0342265625 0.1606388888888889
2 0.058414062499999996 0.16047222222222224 0.028171875000000002 0.1239861111111111
2 0.69178125 0.04793055555555555 0.0228046875 0.095875
2 0.11096874999999999 0.09681944444444443 0.0275390625 0.09619444444444446
2 0.22421875 0.4579444444444445 0.024054687499999998 0.05706944444444445
2 0.5206640625000001 0.034694444444444444 0.0211484375 0.069375
2 0.428265625 0.10343055555555555 0.025484374999999997 0.11730555555555555
2 0.315921875 0.39699999999999996 0.034999999999999996 0.12870833333333334
2 0.8782187499999999 0.11798611111111111 0.0248828125 0.10406944444444445
2 0.947703125 0.012083333333333333 0.022671875 0.024041666666666666
2 0.45846875000000004 0.10970833333333332 0.02584375 0.11508333333333333
2 0.1906796875 0.5130833333333333 0.03459375 0.1446527777777778
2 0.9045781249999999 0.10920833333333332 0.031765625 0.10190277777777779
2 0.2178046875 0.5317500000000001 0.0446484375 0.15231944444444445
2 0.63115625 0.03723611111111111 0.016835937500000002 0.06956944444444445
2 0.652484375 0.034597222222222224 0.0239609375 0.06920833333333333
2 0.2511640625 0.5236944444444445 0.044625 0.13476388888888888
2 0.6601874999999999 0.05031944444444444 0.01528125 0.09218055555555556
2 0.27458593750000004 0.009791666666666667 0.026921875 0.01934722222222222
2 0.0074921875 0.958 0.0149921875 0.08397222222222223