2 0.5666875 0.3040833333333333 0.0331484375 0.12838888888888889
2 0.6224453125 0.4142638888888889 0.029906250000000002 0.11080555555555556
2 0.38621875 0.08651388888888889 0.0273125 0.10513888888888889
2 0.9714453125 0.5442083333333333 0.049539062499999995 0.16277777777777777
2 0.36965625 0.14683333333333334 0.0288125 0.1225
2 0.4863515625 0.24519444444444444 0.029609375 0.12495833333333334
2 0.9653750000000001 0.18212499999999998 0.027437499999999997 0.11695833333333333
2 0.8223984375000001 0.21943055555555557 0.031578125 0.12730555555555556
2 0.6690859375 0.4635 0.038234375 0.15533333333333335
2 0.1251484375 0.899875 0.055218750000000004 0.1875277777777778
2 0.5029921875000001 0.6396388888888889 0.041703125 0.15940277777777778
2 0.300453125 0.780513888888889 0.05053125000000001 0.1715
2 0.0206328125 0.6445416666666667 0.041125 0.15956944444444446
2 0.2840390625 0.6010277777777778 0.0393984375 0.13786111111111113
2 0.38003125 0.5615 0.0470703125 0.17997222222222223
2 0.62178125 0.15519444444444444 0.029679687500000003 0.11070833333333333
2 0.9243750000000001 0.29980555555555555 0.041023437499999996 0.15204166666666666
2 0.5004921875 0.035611111111111114 0.029578125 0.07122222222222223
2 0.43834375000000003 0.058375 0.0241328125 0.11281944444444444
2 0.459171875 0.057 0.02659375 0.1109861111111111
2 0.73121875 0.08429166666666667 0.0203515625 0.12320833333333332
2 0.5124296875 0.5080833333333333 0.0453671875 0.16358333333333333
2 0.93984375 0.17793055555555556 0.025281249999999998 0.10843055555555554
2 0.5521796875 0.4414166666666667 0.026632812500000002 0.13284722222222223
2 0.8131718749999999 0.017791666666666667 0.030195312499999998 0.03559722222222222
2 0.5345390625 0.033666666666666664 0.0220546875 0.06733333333333333
2 0.0501328125 0.15991666666666668 0.027625 0.11779166666666667
2 0.25578124999999996 0.06519444444444444 0.0185703125 0.09451388888888888
2 0.1232734375 0.10215277777777777 0.0400859375 0.13129166666666667
2 0.647921875 0.035472222222222224 0.022296875 0.07093055555555555
2 0.3860234375 0.011152777777777777 0.018437500000000002 0.022027777777777778
2 0.225140625 0.4478611111111111 0.0242578125 0.06425
2 0.2194765625 0.5219722222222222 0.04046875 0.15493055555555554
2 0.19015625 0.5016944444444444 0.0358359375 0.14695833333333333
2 0.6243671875000001 0.034013888888888885 0.0265546875 0.06802777777777777
2 0.2515546875 0.5093611111111112 0.039046874999999995 0.13706944444444444
2 0.9467968750000001 0.007041666666666667 0.021484375 0.013777777777777778