2 0.9666796874999999 0.4029583333333333 0.0453046875 0.15634722222222222
2 0.49296875 0.40444444444444444 0.0372109375 0.14434722222222224
2 0.88459375 0.7469305555555555 0.049859375 0.1698611111111111
2 0.8899453125000001 0.9008194444444445 0.058210937500000004 0.17868055555555556
2 0.8795546875 0.42670833333333336 0.0404375 0.1607361111111111
2 0.02809375 0.5891944444444445 0.0561875 0.1828611111111111
2 0.3697890625 0.9158472222222221 0.057406250000000006 0.16129166666666667
2 0.56946875 0.8829583333333334 0.0538125 0.16136111111111112
2 0.56878125 0.5568194444444445 0.0401015625 0.15873611111111113
2 0.64490625 0.8733055555555556 0.0483125 0.17616666666666667
2 0.6253046875 0.3020972222222222 0.0308359375 0.12309722222222222
2 0.9360703125000001 0.2979027777777778 0.0374140625 0.14272222222222222
2 0.6118828125 0.05629166666666667 0.0365 0.10975
2 0.5919921875 0.22674999999999998 0.0256015625 0.10508333333333333
2 0.09048437499999999 0.8502222222222222 0.0581640625 0.17979166666666666
2 0.1034609375 0.09615277777777778 0.031484374999999995 0.09808333333333334
2 0.3801875 0.10040277777777779 0.026765624999999998 0.11819444444444444
2 0.9078593749999999 0.17429166666666665 0.0365 0.12606944444444443
2 0.7309453125 0.09209722222222222 0.02446875 0.12876388888888887
2 0.1306796875 0.04109722222222222 0.0327578125 0.07909722222222222
2 0.9891875000000001 0.23541666666666666 0.021617187500000003 0.11538888888888889
2 0.5318046875 0.3061527777777778 0.037367187499999996 0.14322222222222222
2 0.309125 0.5079722222222223 0.039570312499999996 0.1552638888888889
2 0.1184375 0.9401527777777777 0.0599765625 0.11969444444444445
2 0.6980000000000001 0.050125 0.025937500000000002 0.09908333333333334
2 0.3728359375 0.3442222222222222 0.0328984375 0.1445833333333333
2 0.5394609375 0.7612361111111111 0.0329765625 0.15458333333333332
2 0.38958593750000003 0.25006944444444446 0.029375000000000002 0.1246111111111111
2 0.5186484375 0.037069444444444447 0.0239453125 0.07413888888888889
2 0.05875781249999999 0.15801388888888887 0.0281796875 0.11901388888888889
2 0.48809375 0.11520833333333334 0.024765625 0.1172638888888889
2 0.4278984375 0.10293055555555555 0.026828125 0.11777777777777777
2 0.9003203125000001 0.10302777777777779 0.02415625 0.10056944444444443
2 0.3159375 0.38962499999999994 0.034859375 0.13054166666666667
2 0.45874218750000006 0.10933333333333334 0.0260625 0.1125138888888889
2 0.22446875 0.45852777777777776 0.0239921875 0.060597222222222226
2 0.8769140625 0.11174999999999999 0.0239140625 0.103
2 0.949859375 0.012624999999999999 0.0228671875 0.025236111111111112
2 0.6554375 0.04770833333333334 0.0223984375 0.09540277777777778
2 0.19049218750000002 0.5128888888888888 0.033437499999999995 0.14531944444444445
2 0.21844531250000002 0.5323055555555556 0.0436328125 0.15091666666666667
2 0.2500703125 0.52375 0.0396171875 0.13311111111111112
2 0.2649453125 0.012402777777777778 0.02384375 0.024805555555555556
2 0.649703125 0.036833333333333336 0.0219140625 0.06990277777777777
2 0.9927890625 0.37963888888888886 0.0144140625 0.10463888888888889