2 0.569390625 0.39781944444444445 0.034937499999999996 0.14004166666666668
2 0.6097734375 0.32325000000000004 0.030851562500000002 0.1110138888888889
2 0.834859375 0.29100000000000004 0.03409375 0.13674999999999998
2 0.3803359375 0.6943055555555555 0.054656249999999997 0.18868055555555555
2 0.4911875 0.5281666666666667 0.0366796875 0.14055555555555557
2 0.6618046875 0.6099305555555555 0.0436015625 0.17341666666666666
2 0.0894453125 0.7561666666666668 0.052625 0.19291666666666668
2 0.95140625 0.4197222222222222 0.0418046875 0.15680555555555556
2 0.29289062499999996 0.5037638888888889 0.034734375 0.13183333333333333
2 0.43218750000000006 0.0819861111111111 0.025273437500000002 0.11372222222222221
2 0.6181328125000001 0.20497222222222225 0.028984375 0.11352777777777777
2 0.2975 0.6480694444444445 0.0426328125 0.1552638888888889
2 0.370515625 0.2172638888888889 0.027164062500000002 0.12747222222222224
2 0.5116796875 0.41641666666666666 0.040015625 0.1587638888888889
2 0.38496874999999997 0.14891666666666667 0.026140625 0.11480555555555555
2 0.72209375 0.014805555555555556 0.037953125 0.029555555555555557
2 0.49107812500000003 0.184875 0.0245390625 0.1232638888888889
2 0.454265625 0.08577777777777777 0.0263125 0.11561111111111111
2 0.7304453125 0.08656944444444445 0.023679687499999998 0.12945833333333331
2 0.3763828125 0.035166666666666666 0.022046875 0.07034722222222221
2 0.1992890625 0.07091666666666667 0.033734375 0.09502777777777778
2 0.12659375 0.06338888888888888 0.038109375 0.12662500000000002
2 0.051171875 0.15713888888888888 0.032046875 0.12519444444444444
2 0.5488203125 0.5605972222222222 0.0265859375 0.146875
2 0.586390625 0.021736111111111112 0.021421875 0.043472222222222225
2 0.911859375 0.230125 0.03671875 0.13027777777777777
2 0.6634375 0.043444444444444445 0.0259453125 0.08333333333333333
2 0.222984375 0.454 0.0271484375 0.07201388888888889
2 0.9380468750000001 0.15015277777777777 0.024281249999999997 0.11827777777777777
2 0.50128125 0.018430555555555554 0.020015625000000002 0.03686111111111111
2 0.2205078125 0.5265138888888888 0.0407109375 0.1495
2 0.5209374999999999 0.015625 0.0175234375 0.03113888888888889
2 0.25003125000000004 0.512361111111111 0.0308046875 0.13031944444444443
2 0.18912500000000002 0.5062638888888888 0.0333671875 0.14404166666666665
2 0.5447734375 0.01173611111111111 0.015078125000000001 0.02297222222222222
2 0.9181328125 0.14845833333333333 0.0297109375 0.10204166666666667
2 0.61515625 0.04073611111111111 0.0253671875 0.0803611111111111
2 0.6395078125 0.036722222222222226 0.0270625 0.07345833333333333
2 0.9937734375 0.2871666666666667 0.0124140625 0.06026388888888889
2 0.9463437499999999 0.008819444444444444 0.019164062500000002 0.017305555555555557
2 0.6176796875 0.015944444444444445 0.0211796875 0.031875
2 0.9959453125 0.026583333333333334 0.008117187500000001 0.05316666666666667