2 0.5676015624999999 0.43830555555555556 0.03696875 0.14194444444444446
2 0.3869765625 0.17556944444444444 0.0284609375 0.10751388888888888
2 0.4926796875 0.4848194444444444 0.0380625 0.14366666666666666
2 0.84659375 0.328875 0.036515625 0.13729166666666665
2 0.3001640625 0.46399999999999997 0.0338046875 0.11941666666666667
2 0.6006953125 0.29254166666666664 0.030156250000000002 0.11108333333333334
2 0.95815625 0.935125 0.06704687499999999 0.1297361111111111
2 0.6178203124999999 0.23709722222222224 0.030921874999999998 0.11425
2 0.9401953125 0.37654166666666666 0.045546875 0.15094444444444446
2 0.5906796875 0.03079166666666667 0.024453125 0.06159722222222223
2 0.374734375 0.2545 0.0313515625 0.13868055555555556
2 0.7296328125 0.08984722222222222 0.01965625 0.12505555555555556
2 0.544328125 0.6130694444444444 0.0290703125 0.1469861111111111
2 0.4899296875 0.1613888888888889 0.025453125 0.12565277777777778
2 0.0745 0.6957638888888888 0.062390625 0.1807361111111111
2 0.6551875 0.6726527777777778 0.044609375 0.16091666666666665
2 0.29791406249999997 0.6077638888888889 0.0476875 0.15830555555555556
2 0.5198750000000001 0.38398611111111114 0.037421875 0.15493055555555554
2 0.37840625 0.05188888888888889 0.022593750000000003 0.09884722222222223
2 0.4570546875 0.09623611111111112 0.027710937499999998 0.11961111111111111
2 0.37959375 0.760375 0.052578124999999996 0.2107361111111111
2 0.4275703125 0.09022222222222222 0.0228671875 0.11827777777777777
2 0.1665078125 0.07744444444444444 0.032296875 0.09765277777777778
2 0.676890625 0.04633333333333333 0.027914062499999996 0.08956944444444444
2 0.5251328125 0.9766805555555556 0.05339843749999999 0.04663888888888889
2 0.12453906249999999 0.056222222222222215 0.0295078125 0.1095
2 0.9118984375 0.21847222222222223 0.03590625 0.12412500000000001
2 0.0496953125 0.15198611111111113 0.03615625 0.1250138888888889
2 0.1898125 0.5093611111111112 0.0342265625 0.138625
2 0.608890625 0.024972222222222222 0.021851562499999998 0.04993055555555556
2 0.2492421875 0.5147361111111112 0.03103125 0.1343611111111111
2 0.646375 0.03761111111111111 0.0243515625 0.07522222222222222
2 0.9935546875 0.01877777777777778 0.012890625 0.03754166666666667
2 0.9916796874999999 0.2799583333333333 0.016640625 0.11468055555555555
2 0.22024218750000002 0.5278472222222222 0.03975 0.14975
2 0.054328125000000005 0.9847083333333333 0.0531328125 0.030597222222222224
2 0.927140625 0.12354166666666667 0.026109375 0.09140277777777778
2 0.22259375 0.45594444444444443 0.024765625 0.05243055555555556
2 0.9460390625 0.010444444444444444 0.018421874999999997 0.02047222222222222
2 0.902203125 0.1349861111111111 0.03053125 0.10415277777777777
2 0.5016328125 0.015416666666666665 0.017984375 0.030819444444444448
2 0.5401484375 0.01984722222222222 0.0166640625 0.03968055555555556
2 0.6220859375 0.03848611111111111 0.02553125 0.06198611111111112
2 0.6998593750000001 0.015791666666666666 0.0248046875 0.0315
2 0.9914453125 0.5125277777777778 0.0171015625 0.09906944444444445