2 0.8678671874999999 0.8137638888888888 0.0533203125 0.18658333333333335
2 0.49545312499999994 0.3532638888888889 0.034828125 0.1326388888888889
2 0.5700937500000001 0.6102361111111111 0.042828125 0.15752777777777777
2 0.59121875 0.18936111111111112 0.0258359375 0.09970833333333334
2 0.9490234375 0.34608333333333335 0.045125 0.14730555555555555
2 0.9330546875 0.2540277777777778 0.0382890625 0.14049999999999999
2 0.639265625 0.9509861111111112 0.05597656250000001 0.09802777777777777
2 0.858390625 0.6396666666666667 0.047515625 0.15247222222222223
2 0.1052421875 0.7580138888888889 0.049453125 0.17845833333333336
2 0.6044765625 0.8120972222222222 0.0418828125 0.15802777777777777
2 0.537796875 0.27494444444444444 0.0358828125 0.14620833333333333
2 0.6284765625000001 0.34706944444444443 0.0343515625 0.12512500000000001
2 0.898 0.459625 0.0427578125 0.1511111111111111
2 0.546859375 0.8411388888888889 0.0341171875 0.16268055555555555
2 0.9043125 0.1446527777777778 0.0350625 0.12008333333333332
2 0.37259375 0.973111111111111 0.05402343750000001 0.05376388888888889
2 0.38468749999999996 0.1265138888888889 0.026007812499999998 0.11879166666666667
2 0.11302343749999999 0.9134583333333334 0.0600625 0.17306944444444444
2 0.3986796875 0.28994444444444445 0.02915625 0.13215277777777779
2 0.37336718750000003 0.39552777777777776 0.0384296875 0.1632361111111111
2 0.7312578125 0.09154166666666666 0.0246328125 0.1266388888888889
2 0.510578125 0.04843055555555555 0.022078125 0.09234722222222222
2 0.9899140624999999 0.33775 0.020171875 0.1326388888888889
2 0.6110781249999999 0.07575 0.024828125 0.10908333333333334
2 0.9900859375 0.2071527777777778 0.019828125 0.11443055555555556
2 0.31936718750000004 0.4487638888888889 0.0598984375 0.17423611111111112
2 0.702015625 0.048583333333333326 0.029929687500000003 0.09716666666666665
2 0.02040625 0.5522638888888889 0.0408125 0.1689027777777778
2 0.48366406250000005 0.09190277777777778 0.0251328125 0.11768055555555557
2 0.13767968749999998 0.03331944444444444 0.037796875 0.06663888888888889
2 0.45990624999999996 0.10748611111111112 0.0301328125 0.12261111111111112
2 0.6661015625 0.050694444444444445 0.0280078125 0.10058333333333333
2 0.2357421875 0.02125 0.032703125 0.04248611111111111
2 0.317515625 0.34202777777777776 0.03428125 0.10220833333333333
2 0.42828906250000004 0.10348611111111111 0.024523437500000002 0.11654166666666667
2 0.6273359375 0.06143055555555555 0.028625 0.11991666666666667
2 0.886078125 0.09506944444444444 0.028476562500000004 0.11126388888888888
2 0.059875 0.15380555555555556 0.0422890625 0.14719444444444446
2 0.5663671875 0.015625 0.034546875 0.031194444444444445
2 0.07182812499999999 0.10101388888888889 0.0350625 0.09470833333333332
2 0.191859375 0.512361111111111 0.032937499999999995 0.14541666666666667
2 0.9514453125 0.014777777777777779 0.0195546875 0.029541666666666667
2 0.8729453125 0.09822222222222222 0.0220625 0.10859722222222222
2 0.21942187500000002 0.5332083333333334 0.042976562499999996 0.15052777777777776
2 0.2550625 0.5343888888888889 0.049570312500000005 0.14505555555555555
2 0.227 0.46043055555555557 0.0214375 0.057555555555555554
2 0.26980468750000003 0.010138888888888888 0.02265625 0.020125
2 0.9958359375000001 0.013722222222222222 0.0083203125 0.02702777777777778
2 0.012109375 0.006722222222222222 0.02421875 0.013069444444444444