2 0.6298203124999999 0.5212916666666666 0.0388671875 0.1295
2 0.502125 0.05611111111111111 0.029414062499999998 0.10658333333333332
2 0.5679375 0.23951388888888886 0.030890624999999998 0.1245
2 0.48684374999999996 0.31129166666666663 0.0277890625 0.13359722222222223
2 0.4208984375 0.9145555555555556 0.047531250000000004 0.1696388888888889
2 0.5106328125 0.7876388888888889 0.045265625 0.174625
2 0.296546875 0.91375 0.051070312500000006 0.17251388888888888
2 0.27604687499999997 0.7242222222222223 0.04115625 0.14918055555555554
2 0.80853125 0.1607638888888889 0.0352421875 0.1244861111111111
2 0.6648671875 0.34911111111111115 0.0344296875 0.13530555555555557
2 0.37146093750000003 0.0927361111111111 0.0290625 0.12209722222222222
2 0.38753906250000003 0.04722222222222222 0.022234375 0.09073611111111111
2 0.5311796875 0.619736111111111 0.047859374999999996 0.16933333333333334
2 0.93321875 0.36565277777777777 0.04440625 0.1413888888888889
2 0.3040859375 0.06576388888888889 0.028999999999999998 0.09400000000000001
2 0.5328515625 0.05672222222222223 0.02103125 0.09501388888888888
2 0.4587265625 0.04145833333333333 0.0249765625 0.08059722222222222
2 0.3793828125 0.4496388888888889 0.0477890625 0.18945833333333334
2 0.4376015625 0.04197222222222222 0.025484374999999997 0.08065277777777778
2 0.6447421875 0.03315277777777778 0.02421875 0.06629166666666667
2 0.9795078125 0.2192361111111111 0.034937499999999996 0.12343055555555556
2 0.0689765625 0.7508888888888888 0.059515625 0.174875
2 0.8841796875 0.019 0.03878125 0.03801388888888889
2 0.953296875 0.2155 0.0297734375 0.11173611111111112
2 0.039265625 0.17011111111111113 0.032359375 0.12002777777777777
2 0.5483125 0.35184722222222226 0.023679687499999998 0.12554166666666666
2 0.6385156249999999 0.10572222222222223 0.027578125 0.11165277777777778
2 0.730921875 0.08359722222222223 0.0242578125 0.12561111111111112
2 0.98671875 0.6862916666666666 0.0265546875 0.17768055555555556
2 0.12178125 0.13230555555555557 0.0378359375 0.12776388888888887
2 0.229046875 0.4466111111111111 0.021671875 0.059013888888888894
2 0.21760937500000002 0.5192638888888889 0.04428125 0.15444444444444444
2 0.9918203125 0.024930555555555553 0.0163515625 0.049861111111111106
2 0.478640625 0.02 0.018375 0.04
2 0.6122578125 0.03180555555555555 0.025921875 0.0636111111111111
2 0.18851562500000002 0.5011527777777778 0.03278125 0.13866666666666666
2 0.2515703125 0.5089444444444444 0.0389375 0.13541666666666666
2 0.5962890625 0.04861111111111111 0.021625 0.058819444444444445