2 0.580953125 0.7155138888888888 0.0453828125 0.16554166666666667
2 0.4972890625 0.30597222222222226 0.032703125 0.12859722222222222
2 0.836375 0.7006249999999999 0.0486015625 0.1779722222222222
2 0.649140625 0.761875 0.0519296875 0.15508333333333332
2 0.9285 0.29200000000000004 0.0403203125 0.13641666666666666
2 0.6191093750000001 0.4057222222222222 0.035648437500000005 0.13311111111111112
2 0.818375 0.5363472222222222 0.0405 0.14052777777777778
2 0.40525 0.35125 0.0311875 0.13706944444444444
2 0.194546875 0.03858333333333334 0.0354296875 0.07445833333333333
2 0.8936718750000001 0.1103611111111111 0.032640625 0.10066666666666667
2 0.9264453125 0.2066388888888889 0.034914062499999995 0.11841666666666667
2 0.9265078125 0.5464444444444444 0.047875 0.15462499999999998
2 0.58509375 0.1609861111111111 0.025007812499999997 0.10197222222222223
2 0.3796875 0.17813888888888887 0.02609375 0.12518055555555554
2 0.56746875 0.9475694444444445 0.0364453125 0.10484722222222222
2 0.6141640625 0.11288888888888889 0.027234374999999998 0.11263888888888889
2 0.12715625 0.6626527777777778 0.048562499999999995 0.18648611111111113
2 0.0241484375 0.11609722222222223 0.0340390625 0.09187500000000001
2 0.535015625 0.23093055555555558 0.03853125 0.14283333333333334
2 0.9786250000000001 0.2815416666666667 0.034125 0.1393611111111111
2 0.09371874999999999 0.8893611111111112 0.0654296875 0.16925
2 0.3208515625 0.4066666666666667 0.0438203125 0.14802777777777779
2 0.8500624999999999 0.09079166666666667 0.023609375 0.10206944444444443
2 0.7289140625 0.09988888888888889 0.021843750000000002 0.11881944444444444
2 0.058382812500000006 0.168375 0.033195312500000004 0.12259722222222222
2 0.3696796875 0.4853888888888889 0.0420546875 0.17445833333333333
2 0.9532421875000001 0.01972222222222222 0.019703125 0.03944444444444444
2 0.45578124999999997 0.11415277777777777 0.0278046875 0.11904166666666666
2 0.68140625 0.04415277777777778 0.0224453125 0.08829166666666667
2 0.71609375 0.046875 0.0228125 0.0937638888888889
2 0.8708984375 0.08298611111111111 0.023929687499999998 0.10705555555555556
2 0.630375 0.10494444444444445 0.02709375 0.12061111111111111
2 0.42807812500000003 0.1082638888888889 0.024085937499999998 0.11826388888888889
2 0.3145234375 0.29838888888888887 0.0400859375 0.09974999999999999
2 0.5000703125 0.06979166666666667 0.0225078125 0.11309722222222224
2 0.4851953125 0.06944444444444445 0.024085937499999998 0.11601388888888889
2 0.2376953125 0.031222222222222224 0.026289062499999998 0.06244444444444445
2 0.146765625 0.022305555555555554 0.025093749999999998 0.044625000000000005
2 0.9916171874999999 0.17148611111111112 0.0167578125 0.11538888888888889
2 0.40015625000000005 0.013486111111111112 0.0261328125 0.02673611111111111
2 0.22540624999999997 0.4703472222222222 0.025703125 0.063625
2 0.664046875 0.07431944444444444 0.020125 0.06172222222222222
2 0.1899921875 0.5183472222222222 0.036078125 0.14261111111111113
2 0.510484375 0.018805555555555555 0.025031249999999998 0.03761111111111111
2 0.21849218750000002 0.5362638888888889 0.04596875 0.15319444444444444
2 0.2523359375 0.5246111111111111 0.0407265625 0.13583333333333333
2 0.13775781250000002 0.02663888888888889 0.026273437500000003 0.049944444444444444