2 0.5034921875 0.1862777777777778 0.03259375 0.12005555555555555
2 0.55415625 0.05983333333333333 0.025460937500000003 0.0985138888888889
2 0.6862578125 0.9631111111111111 0.053171875 0.07379166666666667
2 0.41051562500000005 0.5054861111111111 0.0369921875 0.15397222222222223
2 0.396265625 0.1971388888888889 0.0322890625 0.12991666666666668
2 0.671859375 0.10643055555555556 0.0295703125 0.11576388888888887
2 0.8272656250000001 0.7148194444444443 0.04821875 0.17608333333333334
2 0.7343828125 0.0784861111111111 0.0265546875 0.12618055555555555
2 0.9144765625 0.06422222222222222 0.033859375000000004 0.11259722222222221
2 0.9765234375 0.6399027777777778 0.0469453125 0.16822222222222222
2 0.9482578125 0.06073611111111111 0.0358359375 0.11006944444444444
2 0.7700625 0.9021111111111111 0.0477578125 0.16233333333333333
2 0.0324375 0.6740416666666667 0.064875 0.17470833333333335
2 0.9744296875 0.17697222222222223 0.034 0.11545833333333333
2 0.5351250000000001 0.18743055555555554 0.028015625 0.10875
2 0.03125 0.17316666666666666 0.0343671875 0.11987500000000001
2 0.5014765625 0.6087361111111111 0.0362109375 0.15843055555555555
2 0.9667421875000001 0.12068055555555555 0.0413515625 0.12483333333333332
2 0.8575703125 0.10672222222222223 0.0320390625 0.11486111111111111
2 0.6434296875000001 0.03327777777777778 0.019546875 0.06655555555555556
2 0.6100234375 0.035416666666666666 0.0233515625 0.07084722222222221
2 0.5550078125 0.14593055555555554 0.0185703125 0.08672222222222221
2 0.096546875 0.28004166666666663 0.0414140625 0.14404166666666665
2 0.5195546875 0.08581944444444445 0.028929687500000002 0.10040277777777779
2 0.740953125 0.026833333333333334 0.0211875 0.05365277777777778
2 0.5704765625 0.6875833333333333 0.045882812499999995 0.2024166666666667
2 0.8784921875 0.09454166666666666 0.0261171875 0.1097638888888889
2 0.012531249999999999 0.37199999999999994 0.025062499999999998 0.14930555555555555
2 0.251140625 0.5087916666666666 0.0332734375 0.1272361111111111
2 0.5198046875 0.025249999999999998 0.020374999999999997 0.050513888888888886
2 0.5926796875 0.03705555555555556 0.018515625 0.06841666666666667
2 0.21900781249999998 0.5201527777777778 0.039546874999999995 0.14997222222222223
2 0.1899921875 0.49869444444444444 0.037046875 0.1490277777777778
2 0.6744921875000001 0.013319444444444445 0.0188671875 0.026444444444444444
2 0.339046875 0.015875 0.0196015625 0.03176388888888889
2 0.2273515625 0.45263888888888887 0.01975 0.054375
2 0.5029765625 0.05269444444444444 0.025828125 0.10075
2 0.46334375000000005 0.03804166666666667 0.0151328125 0.05588888888888889
2 0.4629609375 0.07105555555555555 0.01621875 0.07477777777777778
2 0.8686562500000001 0.1000138888888889 0.0395625 0.11009722222222222
2 0.8851640625 0.06584722222222222 0.013835937500000001 0.05481944444444444