2 0.5695234375 0.47563888888888883 0.03746875 0.14269444444444443
2 0.8541171875 0.35756944444444444 0.03675 0.1441527777777778
2 0.91953125 0.8739166666666667 0.0566484375 0.1748611111111111
2 0.4887734375 0.45395833333333335 0.035398437500000005 0.14304166666666665
2 0.062257812499999995 0.941375 0.06115625 0.11725000000000001
2 0.5390546875 0.662 0.030421874999999998 0.14126388888888888
2 0.5345546875 0.93925 0.0526015625 0.11415277777777777
2 0.94171875 0.34294444444444444 0.041171875000000004 0.14027777777777778
2 0.7291796875000001 0.09215277777777776 0.0212109375 0.1233611111111111
2 0.050124999999999996 0.6522361111111111 0.0546328125 0.19625
2 0.5975546875 0.2657222222222222 0.028210937499999998 0.10622222222222223
2 0.5997343749999999 0.04083333333333333 0.0333046875 0.08166666666666667
2 0.3774609375 0.06486111111111112 0.025257812499999997 0.10981944444444444
2 0.6510859375 0.7377083333333333 0.04628125 0.17390277777777777
2 0.52275 0.3532638888888889 0.0364609375 0.15443055555555554
2 0.3755234375 0.8228888888888889 0.059859375000000006 0.2127361111111111
2 0.3709921875 0.2930277777777778 0.031890625 0.14251388888888888
2 0.48971875000000004 0.1441111111111111 0.0235234375 0.12106944444444445
2 0.385875 0.20652777777777775 0.028687499999999998 0.1238888888888889
2 0.6223828124999999 0.2663055555555556 0.0292109375 0.12165277777777778
2 0.42796093749999997 0.09987499999999999 0.024953125 0.11826388888888889
2 0.3044609375 0.5663055555555556 0.042984375000000005 0.15488888888888888
2 0.3047109375 0.4335555555555556 0.034375 0.11611111111111111
2 0.98690625 0.46201388888888884 0.0261953125 0.1542361111111111
2 0.53259375 0.027333333333333334 0.0239453125 0.05465277777777778
2 0.2231796875 0.45519444444444446 0.0256953125 0.06095833333333334
2 0.0548359375 0.15687500000000001 0.0323125 0.12002777777777777
2 0.9247578125 0.9741388888888889 0.06592187499999999 0.05173611111111111
2 0.989875 0.26493055555555556 0.020234375 0.11013888888888888
2 0.11432031250000001 0.9820555555555556 0.0372421875 0.035902777777777777
2 0.1899765625 0.511 0.034953125 0.14094444444444446
2 0.4570625 0.100125 0.029234375 0.12583333333333332
2 0.1372421875 0.07109722222222221 0.050796875 0.13574999999999998
2 0.9067734375000001 0.23483333333333334 0.032046875 0.06958333333333333
2 0.67875 0.049861111111111106 0.0238828125 0.0957638888888889
2 0.21819531250000002 0.5286666666666666 0.04025 0.14658333333333334
2 0.8922968750000001 0.12691666666666665 0.031906250000000004 0.10851388888888888
2 0.9465312499999999 0.011027777777777779 0.021390625 0.021694444444444443
2 0.9896953125 0.016125 0.020046875 0.03226388888888889
2 0.9067187499999999 0.12937500000000002 0.042007812500000005 0.1356527777777778
2 0.24903124999999998 0.5191527777777778 0.03228125 0.132125
2 0.648171875 0.020027777777777776 0.0239140625 0.04004166666666666
2 0.005171875 0.8980277777777779 0.009804687500000001 0.10030555555555555
2 0.6266406250000001 0.03805555555555555 0.023546875000000002 0.0625
2 0.500609375 0.009944444444444445 0.0206875 0.01972222222222222