2 0.5695781249999999 0.1882638888888889 0.030953124999999998 0.11643055555555555
2 0.5006171875 0.08101388888888889 0.027945312500000003 0.10925
2 0.516984375 0.9019722222222222 0.0513203125 0.186875
2 0.2658359375 0.8157222222222222 0.045046875 0.1483472222222222
2 0.109328125 0.8519722222222221 0.059343749999999994 0.19445833333333332
2 0.6607265625000001 0.28318055555555555 0.0315859375 0.1356111111111111
2 0.40853124999999996 0.7984305555555555 0.0465390625 0.169
2 0.6452656250000001 0.6073055555555555 0.039531250000000004 0.13431944444444444
2 0.7892187500000001 0.11484722222222223 0.03096875 0.11402777777777777
2 0.037421875 0.17436111111111113 0.0336640625 0.1061388888888889
2 0.28640625000000003 0.9735555555555556 0.0573125 0.05288888888888889
2 0.371421875 0.05802777777777778 0.0261328125 0.11398611111111111
2 0.4872109375 0.3644027777777778 0.0296875 0.13202777777777777
2 0.530921875 0.08456944444444445 0.0214453125 0.0978888888888889
2 0.12209375 0.1636111111111111 0.0359921875 0.12770833333333334
2 0.4350703125 0.029444444444444443 0.024531249999999998 0.058902777777777776
2 0.5412421875 0.71125 0.050992187499999994 0.18794444444444444
2 0.729890625 0.0817361111111111 0.0197109375 0.11647222222222223
2 0.941609375 0.4155277777777778 0.0479453125 0.16286111111111112
2 0.3788125 0.38156944444444446 0.0430078125 0.1629861111111111
2 0.45972656250000005 0.02861111111111111 0.022078125 0.05722222222222222
2 0.5466249999999999 0.285375 0.0228125 0.11823611111111111
2 0.653765625 0.06431944444444444 0.028328125 0.11256944444444444
2 0.3433359375 0.06661111111111111 0.023796875000000002 0.09693055555555556
2 0.0547578125 0.01798611111111111 0.0298125 0.03597222222222222
2 0.9379296874999999 0.018319444444444444 0.0335078125 0.036625000000000005
2 0.4884765625 0.02344444444444444 0.0256796875 0.04688888888888888
2 0.39090625 0.027777777777777776 0.018320312499999998 0.05554166666666667
2 0.9639218749999999 0.2492361111111111 0.025960937499999996 0.1105
2 0.23289062500000002 0.44834722222222223 0.02378125 0.06418055555555556
2 0.21853906250000002 0.523 0.043828125 0.15120833333333333
2 0.609640625 0.03731944444444445 0.0237265625 0.0746388888888889
2 0.644921875 0.0345 0.0247578125 0.069
2 0.9853828124999999 0.24795833333333334 0.0285234375 0.12659722222222222
2 0.1882109375 0.5056805555555555 0.0323515625 0.13754166666666667
2 0.2500859375 0.5150555555555555 0.0409453125 0.13630555555555557
2 0.60371875 0.03754166666666667 0.0241015625 0.07509722222222222
2 0.9881796875 0.15938888888888889 0.0236484375 0.11140277777777777
2 0.5909375 0.05223611111111111 0.0231328125 0.04784722222222223