2 0.629671875 0.5170972222222222 0.038843749999999996 0.1284861111111111
2 0.5022890624999999 0.05572222222222222 0.029664062499999998 0.10572222222222223
2 0.5675390625000001 0.23988888888888887 0.031656250000000004 0.1248888888888889
2 0.2761171875 0.7191111111111111 0.0418671875 0.14723611111111112
2 0.42185937500000004 0.9159444444444444 0.049984375 0.1664861111111111
2 0.66515625 0.34979166666666667 0.034609375 0.13443055555555555
2 0.48668750000000005 0.3113888888888889 0.027750000000000004 0.13572222222222222
2 0.5111953125 0.7821527777777777 0.0474765625 0.17965277777777777
2 0.29724218750000003 0.9111111111111111 0.0528203125 0.17606944444444445
2 0.8089140625000001 0.16104166666666667 0.0356875 0.12413888888888888
2 0.38758593750000003 0.04695833333333334 0.0226484375 0.08993055555555556
2 0.3711953125 0.09393055555555554 0.028664062499999997 0.12229166666666666
2 0.5310937499999999 0.6177222222222222 0.0490078125 0.17241666666666666
2 0.9332109375 0.36522222222222217 0.045632812499999995 0.1458888888888889
2 0.3027734375 0.06515277777777777 0.0296875 0.09438888888888888
2 0.5325 0.05551388888888889 0.0215234375 0.09369444444444444
2 0.45892968749999996 0.04158333333333333 0.0261328125 0.08079166666666666
2 0.8831953125 0.019944444444444445 0.0386171875 0.03988888888888889
2 0.379390625 0.4488611111111111 0.0489375 0.19275
2 0.9788359375000001 0.21808333333333335 0.034078125 0.1243888888888889
2 0.43757812500000004 0.043097222222222224 0.026296874999999997 0.08281944444444445
2 0.6439609374999999 0.034125 0.02309375 0.06826388888888889
2 0.03775 0.16923611111111111 0.0339296875 0.12131944444444444
2 0.9520390624999999 0.2157638888888889 0.030679687500000004 0.11237499999999999
2 0.9850859375000001 0.6797916666666667 0.029828125 0.18045833333333333
2 0.637953125 0.10720833333333334 0.0278046875 0.112
2 0.7299765625 0.08323611111111111 0.022226562499999998 0.12406944444444444
2 0.061250000000000006 0.7463333333333334 0.05959375 0.16958333333333334
2 0.5481953125000001 0.35179166666666667 0.0245859375 0.1265
2 0.1211171875 0.12958333333333333 0.036515625 0.12543055555555555
2 0.2288046875 0.44606944444444446 0.021562500000000002 0.057361111111111106
2 0.21809375000000003 0.5216527777777777 0.042421875 0.15440277777777778
2 0.9916953124999999 0.025069444444444446 0.0166171875 0.05013888888888889
2 0.4771875 0.01998611111111111 0.0172265625 0.03998611111111111
2 0.188328125 0.5013055555555556 0.032265625 0.138875
2 0.6125390625 0.03238888888888889 0.026664062500000002 0.0647638888888889
2 0.2511640625 0.509 0.0379921875 0.13604166666666667
2 0.5958515625 0.04959722222222222 0.0204765625 0.057291666666666664