2 0.5694765625 0.47247222222222224 0.0377421875 0.14319444444444443
2 0.0628828125 0.9438333333333333 0.06177343749999999 0.11231944444444444
2 0.9219609375 0.8762083333333334 0.056906250000000005 0.17683333333333331
2 0.48940625000000004 0.45587500000000003 0.0361640625 0.14518055555555556
2 0.853640625 0.3563611111111111 0.037609375 0.1448611111111111
2 0.539453125 0.6594166666666667 0.029195312499999997 0.13876388888888888
2 0.9381718749999999 0.34918055555555555 0.0410859375 0.14368055555555556
2 0.051164062499999996 0.6540277777777778 0.052960937500000006 0.19506944444444443
2 0.7292734375000001 0.09204166666666666 0.020874999999999998 0.12368055555555556
2 0.534859375 0.9442638888888889 0.0575078125 0.10751388888888888
2 0.651328125 0.731111111111111 0.045742187499999996 0.16845833333333335
2 0.3761875 0.8205555555555555 0.061328125 0.20295833333333332
2 0.5995625 0.041152777777777774 0.032796874999999996 0.08230555555555555
2 0.377171875 0.06372222222222222 0.025468750000000002 0.10994444444444444
2 0.5975390625 0.2654722222222222 0.0280859375 0.10883333333333334
2 0.52225 0.3519861111111111 0.036875000000000005 0.15745833333333334
2 0.6233828124999999 0.2652361111111111 0.0293828125 0.11929166666666667
2 0.38590625 0.20423611111111112 0.0276484375 0.12194444444444444
2 0.37090625 0.28880555555555554 0.0314375 0.13920833333333335
2 0.30358593749999996 0.5708333333333333 0.042976562499999996 0.15463888888888888
2 0.4898359375 0.1441388888888889 0.023804687499999998 0.12518055555555554
2 0.9269765624999999 0.9759722222222222 0.06786718750000001 0.04806944444444444
2 0.42803125 0.09959722222222221 0.024453125 0.11781944444444445
2 0.0547109375 0.1564861111111111 0.032484374999999996 0.11945833333333335
2 0.9895234374999999 0.26534722222222223 0.020953125 0.11163888888888888
2 0.678484375 0.04826388888888889 0.0226484375 0.09651388888888889
2 0.2230859375 0.45541666666666664 0.025390625 0.06165277777777778
2 0.4570390625 0.09961111111111111 0.0297421875 0.12662500000000002
2 0.114546875 0.983375 0.0385625 0.03325
2 0.30755468750000003 0.4312638888888889 0.0361875 0.11355555555555556
2 0.5337265625 0.026416666666666665 0.0233984375 0.05252777777777778
2 0.8931953125 0.12736111111111112 0.028664062499999997 0.10615277777777779
2 0.9866328125000001 0.46579166666666666 0.026742187499999997 0.15288888888888888
2 0.1899609375 0.510875 0.03546875 0.1413472222222222
2 0.21834375 0.5282777777777778 0.041257812500000005 0.1477638888888889
2 0.9073671875 0.23487500000000003 0.033875 0.06955555555555555
2 0.145953125 0.09666666666666666 0.040328125 0.08030555555555556
2 0.9911562500000001 0.016916666666666667 0.017015625 0.03384722222222222
2 0.9463984375000001 0.011069444444444444 0.020710937500000002 0.02175
2 0.0052734375 0.8940416666666667 0.0101015625 0.10152777777777777
2 0.1265859375 0.04027777777777778 0.0297421875 0.08056944444444444
2 0.6487578125 0.02036111111111111 0.0248515625 0.04072222222222222
2 0.24971875 0.5148472222222222 0.035664062499999996 0.1294861111111111
2 0.9095703125 0.16866666666666666 0.0383828125 0.0641111111111111
2 0.916453125 0.12422222222222222 0.030617187499999997 0.1093888888888889
2 0.6273203125 0.03936111111111111 0.0229375 0.059263888888888894
2 0.9067578125000001 0.13154166666666667 0.042953124999999995 0.1313888888888889
2 0.5007734375 0.010208333333333333 0.0199453125 0.02026388888888889
2 0.13953125 0.07244444444444444 0.0491015625 0.12179166666666666