2 0.3864765625 0.1679861111111111 0.027687499999999997 0.1111111111111111
2 0.5675546875 0.4334027777777778 0.0371640625 0.14297222222222222
2 0.49138281250000004 0.5024583333333333 0.037203125 0.14747222222222223
2 0.6033515625 0.29680555555555554 0.02809375 0.10602777777777778
2 0.5894375000000001 0.028972222222222222 0.023984375 0.057944444444444444
2 0.517109375 0.3865277777777778 0.039671875 0.15330555555555556
2 0.9666953125 0.946 0.061882812499999995 0.10800000000000001
2 0.2975703125 0.4717361111111111 0.0333515625 0.11486111111111111
2 0.941421875 0.3910277777777778 0.0427578125 0.1527777777777778
2 0.378265625 0.04665277777777778 0.0231171875 0.08868055555555555
2 0.8426484375 0.32225000000000004 0.041328125 0.13777777777777778
2 0.0772421875 0.7137361111111111 0.056125 0.18994444444444444
2 0.302546875 0.607875 0.0489140625 0.153625
2 0.49028124999999995 0.16715277777777776 0.024781249999999998 0.1291111111111111
2 0.1727265625 0.08194444444444444 0.032515625 0.09369444444444444
2 0.7301171875 0.09088888888888888 0.018664062500000002 0.12380555555555556
2 0.6558046875 0.6557222222222222 0.0448125 0.16808333333333333
2 0.54403125 0.6074444444444445 0.030882812500000002 0.15120833333333333
2 0.4277578125 0.08980555555555556 0.0232890625 0.11937500000000001
2 0.373890625 0.24622222222222223 0.031117187499999997 0.1327361111111111
2 0.6162265625 0.22686111111111112 0.032578125 0.10611111111111111
2 0.377828125 0.7346666666666667 0.049328125 0.19113888888888889
2 0.6100078124999999 0.023166666666666665 0.020742187500000002 0.04633333333333333
2 0.9112109374999999 0.227625 0.034453125 0.11423611111111111
2 0.12493749999999999 0.058041666666666665 0.02978125 0.11570833333333333
2 0.0507109375 0.15872222222222224 0.030617187499999997 0.12319444444444445
2 0.673875 0.04716666666666667 0.025171875 0.09045833333333332
2 0.45675781249999997 0.09454166666666666 0.0288125 0.12140277777777778
2 0.9904999999999999 0.29425 0.019 0.12536111111111112
2 0.1898671875 0.5095555555555555 0.0345234375 0.1396388888888889
2 0.21996875 0.5280972222222222 0.039890625 0.147375
2 0.905 0.14311111111111113 0.0286328125 0.08666666666666667
2 0.24925000000000003 0.5169166666666667 0.0309921875 0.13254166666666667
2 0.9255000000000001 0.1370972222222222 0.027664062499999996 0.10668055555555556
2 0.7007734375 0.01584722222222222 0.031117187499999997 0.03169444444444444
2 0.222265625 0.457125 0.02578125 0.05884722222222222
2 0.9935078125000001 0.021944444444444447 0.012828125000000001 0.043888888888888894
2 0.5191953125000001 0.986875 0.05165625 0.02625
2 0.9456328125000001 0.010194444444444443 0.0172578125 0.02
2 0.5404375 0.017027777777777777 0.0143046875 0.034069444444444444
2 0.6444765625 0.03931944444444444 0.021976562499999998 0.07865277777777778
2 0.5007343750000001 0.01573611111111111 0.0195546875 0.03130555555555555
2 0.635375 0.043569444444444445 0.0244453125 0.08252777777777778
2 0.6208203125 0.04223611111111111 0.021968750000000002 0.06220833333333333
2 0.5210625 0.015277777777777777 0.014374999999999999 0.030555555555555555