2 0.61890625 0.39419444444444446 0.0352734375 0.11959722222222222
2 0.56871875 0.3280416666666667 0.033375 0.1345
2 0.9661875 0.5192361111111111 0.0473046875 0.1713611111111111
2 0.379671875 0.5870694444444444 0.049671875 0.18540277777777778
2 0.8240546875 0.2350833333333333 0.0328515625 0.133875
2 0.48939843749999995 0.2335 0.0281796875 0.12698611111111113
2 0.4387890625 0.06529166666666666 0.0243984375 0.11705555555555555
2 0.38565625 0.09958333333333334 0.025968750000000002 0.11051388888888888
2 0.12088281249999999 0.8692777777777778 0.0552421875 0.20808333333333331
2 0.29792968750000004 0.7450138888888889 0.047578125 0.16426388888888888
2 0.3677421875 0.16644444444444445 0.027546875 0.12716666666666668
2 0.6188906249999999 0.16047222222222224 0.028828125 0.10806944444444445
2 0.6684765625 0.4951805555555555 0.0397578125 0.1607638888888889
2 0.4989609375 0.030722222222222224 0.0265625 0.06143055555555555
2 0.240875 0.06663888888888889 0.03028125 0.09136111111111112
2 0.53321875 0.029152777777777774 0.021453125 0.05830555555555555
2 0.4995078125 0.6208194444444445 0.0391015625 0.16008333333333333
2 0.9611953124999999 0.17197222222222222 0.030007812499999998 0.11279166666666665
2 0.7895703125 0.017680555555555557 0.042453125 0.035347222222222224
2 0.7321328125 0.08415277777777778 0.0241953125 0.1265
2 0.920984375 0.28979166666666667 0.0426328125 0.15009722222222222
2 0.459640625 0.06326388888888888 0.0276015625 0.11893055555555555
2 0.551546875 0.4651388888888889 0.026437500000000003 0.1366111111111111
2 0.509140625 0.4797083333333333 0.0433984375 0.150625
2 0.2912109375 0.5784722222222223 0.037171875 0.1443611111111111
2 0.051859375 0.1587638888888889 0.0303125 0.11758333333333333
2 0.9370078124999999 0.1702361111111111 0.029375000000000002 0.10634722222222222
2 0.124734375 0.09144444444444445 0.03628125 0.12784722222222222
2 0.38493750000000004 0.015902777777777776 0.018203125 0.03181944444444444
2 0.013492187499999999 0.6058055555555556 0.026976562500000002 0.14344444444444446
2 0.6509296875 0.035958333333333335 0.023609375 0.07193055555555555
2 0.2199765625 0.5231388888888889 0.0412265625 0.15187499999999998
2 0.2250390625 0.44863888888888886 0.024421875000000003 0.06576388888888889
2 0.2501328125 0.5116805555555556 0.033796875 0.13327777777777777
2 0.1903359375 0.5027916666666666 0.033140625 0.14783333333333332
2 0.6257265624999999 0.03708333333333333 0.029117187500000002 0.07418055555555556