2 0.7934453125 0.1299861111111111 0.030078125 0.12102777777777778
2 0.660828125 0.3029305555555556 0.03440625 0.14120833333333332
2 0.498421875 0.07061111111111111 0.0287109375 0.11002777777777778
2 0.569125 0.20472222222222222 0.0298515625 0.1252777777777778
2 0.4132734375 0.8368333333333333 0.0439453125 0.17668055555555554
2 0.6438828125 0.576861111111111 0.0394609375 0.13191666666666668
2 0.5138984375 0.8544583333333334 0.049140625 0.1710972222222222
2 0.485703125 0.34791666666666665 0.03153125 0.13458333333333333
2 0.2943984375 0.9591944444444445 0.060250000000000005 0.081625
2 0.37189843749999996 0.06098611111111111 0.024781249999999998 0.11473611111111111
2 0.2689609375 0.787236111111111 0.04378125 0.15513888888888888
2 0.436234375 0.03143055555555555 0.0246328125 0.0628611111111111
2 0.12157031250000001 0.15033333333333332 0.0346953125 0.12662500000000002
2 0.5308984375 0.07477777777777778 0.0226796875 0.09729166666666667
2 0.037359375 0.1736111111111111 0.0321875 0.11106944444444444
2 0.3760234375 0.4029583333333333 0.044765624999999996 0.16725
2 0.539484375 0.6827083333333334 0.050507812500000006 0.1925972222222222
2 0.6481250000000001 0.07547222222222223 0.0294375 0.11609722222222223
2 0.459453125 0.030875 0.023328124999999998 0.06175
2 0.547171875 0.31068055555555557 0.021515625 0.12158333333333335
2 0.73046875 0.08319444444444445 0.0224921875 0.12305555555555554
2 0.38903125 0.03294444444444444 0.028929687500000002 0.06588888888888889
2 0.0962734375 0.8201944444444444 0.049390625 0.15666666666666668
2 0.48757812500000003 0.021319444444444443 0.02403125 0.042638888888888886
2 0.3313984375 0.06520833333333334 0.0238984375 0.09583333333333334
2 0.9399843750000001 0.40052777777777776 0.04828125 0.14818055555555557
2 0.6094140625 0.03383333333333333 0.0226796875 0.06766666666666667
2 0.037578125000000004 0.019791666666666666 0.0313828125 0.03956944444444444
2 0.9844375 0.22441666666666668 0.031125000000000003 0.16602777777777777
2 0.9627968750000001 0.23393055555555556 0.0290546875 0.12019444444444445
2 0.218640625 0.5228194444444445 0.044734375 0.1512222222222222
2 0.9223671875000001 0.01898611111111111 0.044703124999999996 0.03797222222222222
2 0.93946875 0.44219444444444445 0.0345625 0.08240277777777777
2 0.23211718750000002 0.4482083333333333 0.0238828125 0.06175
2 0.6441640625 0.025472222222222222 0.0251640625 0.050944444444444445
2 0.188453125 0.49802777777777774 0.0409296875 0.14219444444444443
2 0.24932812499999998 0.5152222222222222 0.03746875 0.13416666666666666
2 0.591359375 0.052 0.02103125 0.04786111111111111