2 0.7854140625 0.5205833333333333 0.04171875 0.15620833333333334
2 0.7616171875 0.7300555555555556 0.0608515625 0.18711111111111112
2 0.6132265625 0.5221111111111111 0.039554687500000005 0.1461111111111111
2 0.152234375 0.4860555555555555 0.0396875 0.14975
2 0.7758203124999999 0.3759166666666667 0.0358828125 0.14165277777777777
2 0.6413515624999999 0.17570833333333333 0.029171875000000003 0.1235
2 0.391375 0.048833333333333326 0.03259375 0.0921388888888889
2 0.5297031249999999 0.1597222222222222 0.034585937500000004 0.13095833333333334
2 0.5776796875 0.09781944444444446 0.02275 0.09358333333333332
2 0.410453125 0.4805972222222222 0.035398437500000005 0.14815277777777777
2 0.6231875 0.9261666666666667 0.055359375 0.14104166666666668
2 0.886328125 0.06705555555555556 0.029867187499999996 0.11070833333333333
2 0.4975703125 0.22945833333333335 0.032078125 0.12719444444444444
2 0.9160546875 0.12966666666666665 0.033 0.11154166666666666
2 0.6913671875 0.054000000000000006 0.0235234375 0.09258333333333332
2 0.368328125 0.6732222222222223 0.041999999999999996 0.17858333333333334
2 0.061734374999999994 0.17391666666666666 0.031070312500000002 0.12173611111111111
2 0.9487578125 0.20362500000000003 0.029726562499999998 0.11686111111111111
2 0.3859375 0.2826944444444444 0.030140624999999997 0.13795833333333332
2 0.12262500000000001 0.08781944444444444 0.0290859375 0.11252777777777777
2 0.9001171875 0.21320833333333333 0.0467421875 0.13144444444444445
2 0.9565078124999999 0.023888888888888887 0.0235078125 0.04777777777777777
2 0.042546875 0.818111111111111 0.057476562499999995 0.17641666666666667
2 0.738546875 0.03768055555555556 0.024054687499999998 0.06998611111111111
2 0.20291406250000002 0.07659722222222222 0.030289062500000002 0.10543055555555556
2 0.8501171875000001 0.06166666666666666 0.028679687500000002 0.10438888888888888
2 0.3116875 0.22774999999999998 0.0310546875 0.08529166666666667
2 0.47871874999999997 0.14148611111111112 0.025937500000000002 0.10891666666666668
2 0.3172421875 0.3235138888888889 0.0440625 0.13511111111111113
2 0.9828359375 0.7238472222222222 0.034328125 0.13220833333333332
2 0.6214375000000001 0.1944861111111111 0.024359375 0.11819444444444444
2 0.43150000000000005 0.12990277777777778 0.03071875 0.11833333333333333
2 0.09230468750000001 0.021847222222222223 0.0241328125 0.04351388888888889
2 0.225921875 0.47486111111111107 0.025171875 0.06056944444444445
2 0.45503906250000004 0.12558333333333332 0.026101562499999998 0.12563888888888888
2 0.8350625 0.06504166666666666 0.020617187500000002 0.09826388888888889
2 0.1975078125 0.5334166666666667 0.0429453125 0.15231944444444445
2 0.25246875 0.5340972222222222 0.0383984375 0.13343055555555555
2 0.4831171875 0.03752777777777778 0.0161796875 0.06798611111111111
2 0.7358828125 0.11384722222222222 0.0278125 0.11980555555555557
2 0.1915546875 0.02343055555555556 0.032109375 0.04684722222222222
2 0.993828125 0.1328611111111111 0.012296875 0.10397222222222222
2 0.21880468749999998 0.552 0.041453125 0.1461111111111111
2 0.42173437500000005 0.006444444444444444 0.01628125 0.012472222222222223