2 0.5876328125 0.17444444444444443 0.0273046875 0.10076388888888889
2 0.4943984375 0.33069444444444446 0.0344765625 0.13358333333333333
2 0.9394765625 0.3132361111111111 0.0385625 0.13773611111111111
2 0.9288203125000001 0.22643055555555555 0.0350625 0.13152777777777777
2 0.57725 0.6657083333333333 0.04334375 0.16052777777777777
2 0.628765625 0.7676250000000001 0.041999999999999996 0.14340277777777777
2 0.834421875 0.5786805555555555 0.044359375 0.14969444444444444
2 0.84753125 0.7471944444444445 0.0483828125 0.18036111111111114
2 0.1032734375 0.9042499999999999 0.059210937500000005 0.17120833333333332
2 0.6162734375000001 0.099125 0.033140625 0.11441666666666667
2 0.11785156249999999 0.7025138888888889 0.049320312500000005 0.1822777777777778
2 0.3840078125 0.15619444444444444 0.0263984375 0.11722222222222223
2 0.8997421875 0.124625 0.033078125 0.11620833333333333
2 0.9150937499999999 0.5028055555555555 0.04346875 0.15459722222222222
2 0.21283593750000002 0.03013888888888889 0.030375000000000003 0.06027777777777778
2 0.404671875 0.3198888888888889 0.030921874999999998 0.13170833333333334
2 0.5567031250000001 0.9170972222222221 0.03653125 0.16454166666666667
2 0.5352578125 0.25093055555555555 0.036703124999999996 0.14448611111111112
2 0.37092187499999996 0.45079166666666665 0.038515625 0.1656388888888889
2 0.0360625 0.11031944444444446 0.0251875 0.09861111111111111
2 0.7309453125 0.09781944444444446 0.025257812499999997 0.12005555555555555
2 0.982546875 0.30762500000000004 0.0341484375 0.11597222222222223
2 0.6224375 0.3778055555555555 0.0333515625 0.12854166666666667
2 0.321671875 0.4295 0.042859375 0.14755555555555555
2 0.6638828125 0.06447222222222222 0.022484375 0.07680555555555556
2 0.990984375 0.18927777777777777 0.01803125 0.10800000000000001
2 0.95503125 0.017513888888888888 0.020703125 0.035041666666666665
2 0.48287500000000005 0.07704166666666666 0.0210234375 0.10895833333333334
2 0.5063984375 0.06243055555555556 0.024203125 0.108125
2 0.0520390625 0.16475 0.039453125 0.13569444444444445
2 0.14103125 0.028416666666666666 0.030640624999999998 0.05683333333333333
2 0.877015625 0.08923611111111111 0.024773437500000002 0.11481944444444445
2 0.42807812500000003 0.10694444444444444 0.0222890625 0.11652777777777779
2 0.5359453125 0.019083333333333334 0.0357578125 0.037875
2 0.45971875000000006 0.11279166666666665 0.0281484375 0.11745833333333332
2 0.6780859375 0.04525 0.0191484375 0.0905
2 0.31553125 0.31672222222222224 0.035640624999999995 0.09755555555555555
2 0.22516406249999998 0.4619444444444445 0.025515624999999997 0.060708333333333336
2 0.7114375 0.049972222222222216 0.026023437500000003 0.09724999999999999
2 0.248875 0.021097222222222222 0.022382812499999998 0.042194444444444444
2 0.1912578125 0.5170416666666666 0.03371875 0.1447361111111111
2 0.25165625 0.5232916666666666 0.041273437499999996 0.130125
2 0.8576953125 0.09076388888888888 0.02065625 0.11109722222222221
2 0.2201328125 0.5364444444444445 0.0443359375 0.15354166666666666
2 0.6320234375 0.05536111111111111 0.025374999999999998 0.063625
2 0.6282265625 0.07506944444444444 0.026015624999999997 0.10029166666666665
2 0.994203125 0.010125 0.011601562499999999 0.01975
2 0.40324218749999996 0.005652777777777778 0.0193203125 0.010958333333333332
2 0.91146875 0.5504861111111111 0.0375859375 0.074