2 0.56146875 0.10448611111111111 0.0275546875 0.11245833333333333
2 0.50125 0.1453888888888889 0.0304453125 0.11566666666666667
2 0.6639375000000001 0.15961111111111112 0.030515625 0.11876388888888889
2 0.9070546875 0.1365972222222222 0.038656249999999996 0.12034722222222223
2 0.672140625 0.8375972222222223 0.0453515625 0.15165277777777778
2 0.8070234375 0.8469444444444444 0.0477109375 0.1802222222222222
2 0.9741250000000001 0.09916666666666668 0.034999999999999996 0.10944444444444444
2 0.9576953125 0.5503055555555556 0.05015625 0.16240277777777778
2 0.4033125 0.5926944444444444 0.0400390625 0.1565
2 0.10989843749999999 0.23491666666666663 0.0486796875 0.14366666666666666
2 0.38575 0.25731944444444443 0.0388515625 0.14304166666666665
2 0.9863593749999999 0.16973611111111112 0.02728125 0.12870833333333334
2 0.7312578125 0.08184722222222222 0.021765625 0.1235138888888889
2 0.9423359375 0.10295833333333333 0.0288828125 0.11951388888888889
2 0.7591484375 0.04498611111111111 0.0243125 0.08770833333333333
2 0.53253125 0.14845833333333333 0.025640625 0.10076388888888889
2 0.49938281250000005 0.514875 0.0331484375 0.15672222222222223
2 0.6769765624999999 0.030166666666666665 0.0244140625 0.06033333333333333
2 0.038109375 0.16929166666666667 0.0347421875 0.11415277777777777
2 0.6341015624999999 0.8131944444444444 0.041796875 0.17891666666666667
2 0.54871875 0.9237222222222223 0.062289062500000006 0.14520833333333333
2 0.507859375 0.04616666666666667 0.0295 0.09234722222222222
2 0.644546875 0.03318055555555555 0.0201875 0.06634722222222222
2 0.5514296875 0.18633333333333332 0.0212109375 0.10525
2 0.9894375 0.3156111111111111 0.021124999999999998 0.11793055555555555
2 0.6105 0.036083333333333335 0.023171875 0.07215277777777779
2 0.42982812499999995 0.06404166666666666 0.015171875000000001 0.0968611111111111
2 0.5930625 0.04583333333333333 0.018484375 0.067
2 0.2516875 0.5099722222222223 0.035312500000000004 0.13130555555555556
2 0.1584765625 0.010486111111111111 0.033796875 0.02086111111111111
2 0.218359375 0.5193888888888889 0.0426640625 0.15606944444444446
2 0.190859375 0.49575 0.037921875 0.14855555555555555
2 0.0093125 0.31722222222222224 0.0181328125 0.13870833333333335
2 0.778609375 0.9858750000000001 0.0475546875 0.028236111111111108
2 0.22821093750000002 0.45037499999999997 0.0198125 0.05258333333333333
2 0.5217421875 0.013305555555555555 0.017210937500000002 0.026625000000000003
2 0.0138671875 0.5948333333333333 0.027734375 0.15445833333333334
2 0.4945390625 0.013541666666666667 0.014875 0.027083333333333334
2 0.5889296875000001 0.04126388888888889 0.0165546875 0.06805555555555555
2 0.5263515625 0.012666666666666666 0.0193046875 0.025249999999999998
2 0.9354374999999999 0.09863888888888889 0.031328125 0.10905555555555554