2 0.8131015625 0.6250138888888889 0.0445703125 0.15951388888888887
2 0.5813046875000001 0.13393055555555555 0.026476562500000002 0.09845833333333333
2 0.8914296875 0.09605555555555555 0.0330859375 0.11751388888888889
2 0.137140625 0.5910972222222222 0.0499140625 0.1776388888888889
2 0.80234375 0.4761388888888889 0.0415546875 0.14755555555555555
2 0.3813046875 0.21070833333333333 0.030796875 0.1291388888888889
2 0.68928125 0.7313055555555555 0.0402421875 0.14306944444444444
2 0.594234375 0.7845972222222222 0.046359375 0.1796388888888889
2 0.49703125000000004 0.27773611111111113 0.030851562500000002 0.12306944444444444
2 0.9156953124999999 0.25519444444444445 0.0420546875 0.13854166666666667
2 0.9515781249999999 0.5900416666666667 0.0465234375 0.15931944444444443
2 0.3909609375 0.024347222222222225 0.0287578125 0.04869444444444445
2 0.923015625 0.16669444444444445 0.033515625 0.10166666666666667
2 0.6253046875 0.14005555555555557 0.0382890625 0.11961111111111111
2 0.40844531249999994 0.3891388888888889 0.0310625 0.13594444444444445
2 0.1683828125 0.04851388888888889 0.0320234375 0.09702777777777778
2 0.07796093750000001 0.8559166666666667 0.0619375 0.21120833333333333
2 0.9655781250000001 0.25081944444444443 0.037921875 0.12695833333333334
2 0.222171875 0.04155555555555556 0.036640624999999996 0.0806388888888889
2 0.5321015625000001 0.20669444444444443 0.0359375 0.13981944444444444
2 0.05923437499999999 0.16879166666666667 0.031992187500000005 0.12347222222222223
2 0.61428125 0.4397083333333333 0.037117187499999996 0.13819444444444445
2 0.954 0.02013888888888889 0.021171875 0.04027777777777778
2 0.37024218750000004 0.5405277777777778 0.03996875 0.17390277777777777
2 0.6846953124999999 0.047125 0.0225625 0.09093055555555556
2 0.8570546875 0.07290277777777777 0.026742187499999997 0.10527777777777778
2 0.31820312500000003 0.3703194444444444 0.043625000000000004 0.1342361111111111
2 0.45203125 0.11490277777777778 0.0303046875 0.12779166666666666
2 0.7268828125 0.082 0.028929687500000002 0.1640138888888889
2 0.487984375 0.09723611111111112 0.02878125 0.11565277777777777
2 0.31350781250000004 0.26583333333333337 0.0396796875 0.09411111111111112
2 0.8406874999999999 0.07558333333333334 0.0240234375 0.09994444444444443
2 0.4262734375 0.110375 0.029171875000000003 0.123
2 0.47194531250000005 0.01988888888888889 0.043359375 0.03959722222222222
2 0.22707031249999998 0.46508333333333335 0.0209296875 0.05486111111111111
2 0.9926875000000001 0.15772222222222224 0.014624999999999999 0.10355555555555555
2 0.2144453125 0.5378194444444445 0.04284375 0.152625
2 0.6642734375 0.07530555555555556 0.0186484375 0.06620833333333334
2 0.1900703125 0.5170833333333333 0.036421875 0.14540277777777777
2 0.149875 0.012944444444444444 0.022109375 0.02588888888888889
2 0.25159375 0.5241666666666667 0.0390078125 0.13029166666666667
2 0.006617187500000001 0.13926388888888888 0.012718750000000001 0.051930555555555556
2 0.636140625 0.12513888888888888 0.02590625 0.12272222222222222
2 0.14428125 0.017583333333333333 0.0216796875 0.035166666666666666