2 0.6437890625 0.5814583333333333 0.0406015625 0.13474999999999998
2 0.4985234375 0.07272222222222222 0.0281484375 0.11108333333333334
2 0.7931640625 0.12805555555555556 0.030117187499999996 0.11994444444444444
2 0.6594765625 0.2972638888888889 0.0332265625 0.1337638888888889
2 0.5689375 0.20173611111111112 0.030265625 0.12372222222222222
2 0.48596874999999995 0.3504861111111111 0.0316171875 0.1364861111111111
2 0.40894531250000005 0.8305 0.0450546875 0.1740972222222222
2 0.51846875 0.8588888888888888 0.0508671875 0.17405555555555555
2 0.371921875 0.060194444444444446 0.025015625000000003 0.11411111111111111
2 0.43672656249999997 0.031097222222222224 0.0256640625 0.06219444444444445
2 0.269015625 0.7904166666666667 0.043796875 0.15475
2 0.295171875 0.9609166666666666 0.061546875 0.07816666666666666
2 0.5310312500000001 0.07615277777777778 0.022390625 0.09756944444444444
2 0.12164843750000001 0.15166666666666667 0.035421875000000005 0.12775
2 0.037367187499999996 0.17372222222222222 0.031968750000000004 0.11119444444444444
2 0.9395 0.4013333333333333 0.0464609375 0.15075
2 0.5410078125 0.6881666666666667 0.053007812499999994 0.1970277777777778
2 0.3807578125 0.3977361111111111 0.042625 0.1594861111111111
2 0.459296875 0.030597222222222224 0.0241171875 0.06120833333333334
2 0.6484765625 0.07472222222222222 0.028976562500000004 0.11526388888888889
2 0.546671875 0.3101111111111111 0.0215546875 0.12052777777777778
2 0.7305078125 0.08311111111111112 0.0226796875 0.12368055555555556
2 0.38957031249999996 0.03225 0.029546875 0.0645138888888889
2 0.0984453125 0.8274444444444444 0.047328125 0.14995833333333333
2 0.4873984375 0.021916666666666664 0.02359375 0.043847222222222225
2 0.96453125 0.23236111111111113 0.029406250000000002 0.12759722222222222
2 0.33113281250000004 0.06522222222222222 0.0191015625 0.0943611111111111
2 0.6096796875 0.03336111111111111 0.0240703125 0.06672222222222222
2 0.984890625 0.2231388888888889 0.030226562499999998 0.17084722222222223
2 0.21912500000000001 0.522625 0.04378125 0.15087499999999998
2 0.23232031250000001 0.4487777777777778 0.024 0.06351388888888888
2 0.03925 0.019555555555555555 0.030046875 0.03911111111111111
2 0.9237421875 0.018597222222222223 0.0440546875 0.03719444444444445
2 0.6441953125000001 0.023944444444444442 0.025750000000000002 0.047888888888888884
2 0.188625 0.4985 0.0405625 0.14116666666666666
2 0.24932812499999998 0.5146527777777778 0.0376484375 0.13576388888888888
2 0.5911953125 0.05086111111111111 0.021351562499999997 0.04480555555555555