2 0.569515625 0.13748611111111111 0.0281328125 0.11337499999999999
2 0.6587500000000001 0.6952499999999999 0.040273437499999995 0.13933333333333334
2 0.254546875 0.9170416666666666 0.049148437499999996 0.15118055555555554
2 0.40345312499999997 0.6836249999999999 0.040859374999999996 0.16358333333333333
2 0.5021796875 0.10955555555555554 0.029453125000000004 0.11461111111111111
2 0.660859375 0.21730555555555556 0.029476562499999998 0.12833333333333335
2 0.384046875 0.3070555555555556 0.0365078125 0.14394444444444446
2 0.04021875 0.16697222222222222 0.037171875 0.11195833333333333
2 0.9516562499999999 0.46912499999999996 0.046125 0.15118055555555554
2 0.7058984374999999 0.9178333333333334 0.0536640625 0.16431944444444443
2 0.7769453125 0.06783333333333334 0.032382812500000004 0.11788888888888888
2 0.7321484375 0.0735 0.024523437500000002 0.12605555555555556
2 0.531046875 0.10611111111111111 0.0233125 0.10090277777777779
2 0.4964453125 0.42645833333333333 0.0323046875 0.13930555555555554
2 0.1460546875 0.9390694444444444 0.0630625 0.11827777777777777
2 0.8062343750000001 0.9571527777777777 0.050187499999999996 0.08569444444444445
2 0.49857031249999995 0.02886111111111111 0.029179687500000002 0.05770833333333333
2 0.5264453125 0.9658749999999999 0.0565859375 0.06826388888888889
2 0.5491406249999999 0.8206388888888889 0.057499999999999996 0.21556944444444445
2 0.9756484375 0.10352777777777779 0.029953125000000004 0.06630555555555556
2 0.6706953125 0.04655555555555556 0.0276796875 0.0911111111111111
2 0.9605625 0.16316666666666668 0.052531249999999995 0.12394444444444444
2 0.5493125 0.231125 0.0215 0.11319444444444444
2 0.646203125 0.03125 0.021476562499999997 0.06251388888888888
2 0.9825156249999999 0.27420833333333333 0.0349609375 0.1233888888888889
2 0.12045312500000001 0.18018055555555554 0.0393125 0.13406944444444444
2 0.00940625 0.2923611111111111 0.0186171875 0.08276388888888889
2 0.978328125 0.16244444444444445 0.038320312499999995 0.1252638888888889
2 0.2199609375 0.5153055555555556 0.04596875 0.15377777777777776
2 0.45992187500000004 0.018125000000000002 0.0164765625 0.035902777777777777
2 0.23615624999999998 0.44558333333333333 0.0240234375 0.06016666666666667
2 0.370171875 0.029083333333333336 0.0241953125 0.05816666666666667
2 0.4379375 0.013583333333333333 0.016953125 0.027166666666666665
2 0.6119375 0.03395833333333333 0.022703124999999998 0.06793055555555555
2 0.1895625 0.4991388888888889 0.0326484375 0.14402777777777778
2 0.59509375 0.043722222222222225 0.01834375 0.06576388888888889
2 0.3942265625 0.010847222222222222 0.0156796875 0.021486111111111112
2 0.2515546875 0.5017638888888889 0.0412421875 0.1337361111111111
2 0.3859765625 0.06131944444444444 0.01784375 0.10125
2 0.9773125 0.0115 0.0358515625 0.022986111111111113