2 0.5677265625000001 0.24473611111111113 0.0315 0.12554166666666666
2 0.6299453125000001 0.5010416666666667 0.035984375 0.12430555555555556
2 0.8107265625 0.16849999999999998 0.031953125 0.12725
2 0.5123046875 0.7618333333333334 0.048343750000000005 0.17925
2 0.931765625 0.3530833333333333 0.044875 0.1423472222222222
2 0.665078125 0.36359722222222224 0.0346796875 0.14056944444444444
2 0.277625 0.6938194444444444 0.041859375 0.14440277777777777
2 0.299828125 0.892 0.053945312499999995 0.17419444444444446
2 0.5005468750000001 0.05348611111111111 0.0273125 0.10263888888888889
2 0.4853203125 0.30141666666666667 0.029546875 0.13702777777777778
2 0.37039062500000003 0.09470833333333332 0.0270078125 0.11854166666666666
2 0.38763281250000003 0.04988888888888889 0.0258828125 0.09590277777777777
2 0.42078125 0.9212499999999999 0.04746875 0.1502638888888889
2 0.050296875 0.7353055555555555 0.051203125 0.15833333333333333
2 0.532296875 0.05266666666666667 0.021859375 0.09465277777777778
2 0.6317265625 0.11156944444444444 0.0300625 0.10719444444444445
2 0.5280234375 0.6046666666666667 0.050984375000000005 0.18391666666666664
2 0.039078125000000005 0.1679166666666667 0.032 0.1225
2 0.644140625 0.034138888888888885 0.0226875 0.06827777777777777
2 0.9764062499999999 0.2107638888888889 0.0319453125 0.11945833333333335
2 0.9826015625 0.6512777777777778 0.034796875 0.15916666666666665
2 0.73065625 0.08290277777777777 0.0235625 0.12525
2 0.378375 0.467875 0.046453125 0.16572222222222222
2 0.1229453125 0.12830555555555556 0.0416875 0.13501388888888888
2 0.877125 0.02001388888888889 0.0335625 0.04004166666666666
2 0.46130468750000003 0.04434722222222222 0.028515625 0.08676388888888889
2 0.548875 0.36473611111111115 0.022546875 0.1252638888888889
2 0.1482890625 0.9791111111111112 0.0525390625 0.04176388888888889
2 0.9513906249999999 0.2142083333333333 0.0309921875 0.11381944444444445
2 0.438953125 0.04745833333333334 0.025796875000000004 0.09225
2 0.29693749999999997 0.06470833333333334 0.0156953125 0.09355555555555556
2 0.22579687499999998 0.4460555555555556 0.0252265625 0.061388888888888896
2 0.9922578124999999 0.025722222222222223 0.015492187499999999 0.051444444444444445
2 0.21864843750000001 0.5223055555555556 0.0422734375 0.1547361111111111
2 0.609953125 0.034055555555555554 0.0249375 0.06811111111111111
2 0.18825 0.496875 0.0314140625 0.13895833333333332
2 0.25201562499999997 0.508361111111111 0.037679687499999996 0.13545833333333335
2 0.5969218749999999 0.049027777777777774 0.0185703125 0.058361111111111114
2 0.94590625 0.0067083333333333335 0.022203125 0.013097222222222222