2 0.6598515625 0.20393055555555556 0.031257812499999996 0.12041666666666667
2 0.50265625 0.10880555555555556 0.031015625 0.11247222222222222
2 0.569453125 0.13316666666666666 0.028078125 0.11345833333333333
2 0.04025 0.1668611111111111 0.036671875 0.11080555555555556
2 0.5313125000000001 0.113 0.0240234375 0.100625
2 0.8009375000000001 0.94325 0.0527109375 0.1135
2 0.9535234375 0.48008333333333336 0.045765625 0.1565138888888889
2 0.7323593749999999 0.07320833333333333 0.0244375 0.12740277777777778
2 0.40785937499999997 0.677375 0.042140625 0.16665277777777776
2 0.66053125 0.7238472222222222 0.041125 0.14891666666666667
2 0.3930625 0.06013888888888889 0.0290859375 0.09880555555555556
2 0.2489140625 0.9271805555555557 0.0522578125 0.13918055555555556
2 0.67365625 0.042861111111111114 0.025546875000000004 0.08206944444444444
2 0.551046875 0.8335138888888889 0.055296875 0.19558333333333333
2 0.69440625 0.9049305555555555 0.054625 0.18384722222222222
2 0.7728828125 0.065875 0.02784375 0.1151388888888889
2 0.49659375 0.4371111111111112 0.032078125 0.14575
2 0.49927343750000003 0.029180555555555557 0.030195312499999998 0.058361111111111114
2 0.3841171875 0.2999027777777778 0.04021875 0.153375
2 0.12184375 0.19008333333333335 0.0458203125 0.13954166666666667
2 0.14565625 0.9475972222222222 0.0669609375 0.09752777777777778
2 0.9848750000000001 0.2784861111111111 0.027937499999999997 0.11273611111111112
2 0.9620390625 0.15395833333333334 0.0489765625 0.12497222222222223
2 0.6463203125 0.03147222222222222 0.020109375 0.06293055555555556
2 0.54984375 0.2266388888888889 0.0222734375 0.11325
2 0.6115078125 0.03352777777777778 0.023234374999999998 0.06705555555555556
2 0.220609375 0.5154305555555556 0.0447421875 0.15390277777777778
2 0.36621875 0.025916666666666668 0.02309375 0.051722222222222225
2 0.530234375 0.9783472222222221 0.054867187500000004 0.043291666666666666
2 0.9708671875 0.10215277777777777 0.030171874999999997 0.07038888888888889
2 0.4381875 0.013541666666666667 0.019039062500000002 0.02706944444444444
2 0.23615624999999998 0.44479166666666664 0.0241484375 0.058694444444444445
2 0.112625 0.010972222222222223 0.0346796875 0.02175
2 0.4608671875 0.014638888888888887 0.0174140625 0.028930555555555553
2 0.18990625 0.4989861111111111 0.0326015625 0.14398611111111112
2 0.2492265625 0.501125 0.0353046875 0.13256944444444446
2 0.3710078125 0.02425 0.0210859375 0.048486111111111105
2 0.5941640625 0.04336111111111111 0.0179921875 0.06341666666666666
2 0.9924765624999999 0.12868055555555558 0.015046875000000001 0.11268055555555555
2 0.0101015625 0.28933333333333333 0.0194453125 0.12145833333333333
2 0.9844765625 0.0115 0.028078125 0.022472222222222223
2 0.995125 0.1328888888888889 0.0097421875 0.09874999999999999
2 0.394921875 0.009291666666666667 0.015796875 0.01840277777777778