2 0.6630390625 0.7650972222222222 0.048234375 0.14030555555555554
2 0.802859375 0.9099027777777777 0.053484374999999994 0.17356944444444444
2 0.4987265625 0.12834722222222222 0.0316015625 0.11291666666666667
2 0.6634453125 0.19034722222222225 0.0297578125 0.12955555555555556
2 0.4970390625 0.4724305555555555 0.033390625 0.14859722222222221
2 0.5664609375 0.12173611111111111 0.0283828125 0.11319444444444444
2 0.6637500000000001 0.8677777777777778 0.055015625 0.18486111111111111
2 0.7314296875 0.08131944444444444 0.0220078125 0.12063888888888889
2 0.9471875000000001 0.5058750000000001 0.046921875 0.14093055555555556
2 0.766390625 0.058180555555555555 0.027718749999999997 0.11361111111111111
2 0.54959375 0.8917499999999999 0.0582265625 0.2134722222222222
2 0.03875 0.16958333333333334 0.034648437500000004 0.11
2 0.9348515624999999 0.14841666666666667 0.0531640625 0.12091666666666667
2 0.530171875 0.12472222222222222 0.025796875000000004 0.09611111111111112
2 0.4013984375 0.6376111111111111 0.0420234375 0.15995833333333334
2 0.6733359375 0.041416666666666664 0.026359375 0.07944444444444444
2 0.380171875 0.27991666666666665 0.04259375 0.15290277777777778
2 0.24133593750000001 0.9525138888888888 0.055882812500000004 0.09495833333333334
2 0.11525 0.21322222222222223 0.0540390625 0.14055555555555557
2 0.64534375 0.03288888888888889 0.0196171875 0.06576388888888889
2 0.9583671875 0.09773611111111112 0.02784375 0.07890277777777778
2 0.6105625 0.035333333333333335 0.0231484375 0.07065277777777777
2 0.9853984375 0.11738888888888889 0.0292109375 0.12038888888888889
2 0.21907031250000003 0.5191666666666667 0.0436171875 0.15081944444444445
2 0.5035078125 0.03958333333333333 0.0280859375 0.07894444444444446
2 0.9871874999999999 0.3002222222222222 0.025625 0.104125
2 0.593421875 0.04676388888888889 0.019125 0.06838888888888889
2 0.3711953125 0.023374999999999996 0.021421875 0.04676388888888889
2 0.9859765625 0.012541666666666666 0.026578125 0.024680555555555556
2 0.1313125 0.011180555555555556 0.0351015625 0.022361111111111113
2 0.5505234375 0.21225 0.0221875 0.11545833333333333
2 0.250296875 0.5079027777777778 0.04025 0.13370833333333332
2 0.41021875 0.06454166666666666 0.0227265625 0.09556944444444444
2 0.43832812499999996 0.010305555555555556 0.0188359375 0.020541666666666666
2 0.007656250000000001 0.31269444444444444 0.0147421875 0.1025
2 0.2347109375 0.4461527777777778 0.026390625 0.058152777777777775
2 0.9615546875 0.1282361111111111 0.028140625000000002 0.13681944444444444