2 0.5548671875 0.06895833333333333 0.0263046875 0.1089861111111111
2 0.41150000000000003 0.5112083333333334 0.034648437500000004 0.1433611111111111
2 0.671203125 0.11481944444444445 0.029140624999999996 0.11683333333333334
2 0.501765625 0.18316666666666667 0.0307578125 0.11902777777777779
2 0.825296875 0.7252083333333333 0.0426328125 0.16055555555555553
2 0.7705078125 0.9199583333333333 0.049562499999999995 0.15765277777777778
2 0.732859375 0.08119444444444444 0.0237734375 0.12034722222222223
2 0.024523437500000002 0.6701666666666667 0.0490390625 0.18013888888888888
2 0.5351171875 0.18054166666666668 0.029296875 0.11124999999999999
2 0.6813125 0.9470694444444444 0.0474765625 0.10584722222222222
2 0.9533828124999999 0.07018055555555555 0.0318671875 0.11816666666666667
2 0.9718671875 0.13059722222222223 0.035414062499999996 0.12033333333333333
2 0.500109375 0.5932916666666667 0.0362578125 0.16325
2 0.9211562499999999 0.07240277777777779 0.03378125 0.1116111111111111
2 0.8629765624999999 0.11055555555555555 0.036140624999999996 0.11487499999999999
2 0.387703125 0.21836111111111112 0.038320312499999995 0.145875
2 0.5778125000000001 0.7075694444444445 0.043476562499999996 0.20497222222222225
2 0.03528125 0.17318055555555556 0.033914062499999995 0.11675
2 0.9815078125 0.189625 0.036984375 0.12675
2 0.973609375 0.6036111111111111 0.0518203125 0.1267222222222222
2 0.6434765625 0.03375 0.020515625000000003 0.06751388888888889
2 0.610390625 0.035958333333333335 0.023515625000000002 0.07190277777777779
2 0.7435625 0.029069444444444443 0.0189453125 0.058152777777777775
2 0.10005468749999999 0.26540277777777777 0.052203124999999996 0.14825
2 0.5537734375000001 0.15540277777777778 0.0192421875 0.08356944444444445
2 0.5925546875000001 0.039375 0.0180390625 0.06456944444444444
2 0.012531249999999999 0.36140277777777774 0.0246640625 0.13330555555555557
2 0.2516171875 0.5096111111111111 0.03265625 0.12734722222222222
2 0.189171875 0.4983611111111111 0.03540625 0.14725
2 0.5212265625 0.08694444444444445 0.027921875000000002 0.092125
2 0.219046875 0.5204027777777778 0.0408828125 0.1512638888888889
2 0.674859375 0.018347222222222223 0.0191953125 0.036694444444444446
2 0.45878125000000003 0.057694444444444444 0.019390625 0.09065277777777778
2 0.887421875 0.10161111111111111 0.026468750000000003 0.1235138888888889
2 0.3389609375 0.01125 0.020015625000000002 0.022152777777777778
2 0.5205703125000001 0.022625 0.022171875 0.04525
2 0.2023984375 0.007638888888888889 0.025773437500000003 0.014972222222222222
2 0.22674218750000003 0.4553888888888889 0.018734375 0.051430555555555556
2 0.74871875 0.03208333333333334 0.024703125 0.060541666666666674