2 0.5675078124999999 0.2944861111111111 0.0332421875 0.13058333333333333
2 0.6700781250000001 0.44009722222222225 0.036828125 0.14390277777777777
2 0.3022421875 0.7905694444444445 0.051617187499999995 0.15852777777777777
2 0.9761875 0.5684027777777778 0.047625 0.1757638888888889
2 0.1339296875 0.9072222222222223 0.0634296875 0.17936111111111108
2 0.9705234375 0.18905555555555556 0.03334375 0.11900000000000001
2 0.6233359375 0.42918055555555557 0.030890624999999998 0.11694444444444445
2 0.502734375 0.6679861111111111 0.044828125 0.16418055555555555
2 0.5153671875 0.5278611111111111 0.0455703125 0.17077777777777778
2 0.4861328125 0.25325000000000003 0.0297890625 0.12602777777777777
2 0.370171875 0.14044444444444446 0.029562500000000002 0.12429166666666666
2 0.9301875000000001 0.31027777777777776 0.0394765625 0.1469861111111111
2 0.2868984375 0.6224166666666666 0.0410625 0.15059722222222224
2 0.8217109375 0.2077638888888889 0.0333125 0.13027777777777777
2 0.380078125 0.541625 0.0459296875 0.18545833333333334
2 0.5024375 0.03701388888888889 0.029125 0.07402777777777778
2 0.049015625 0.16409722222222223 0.0280703125 0.11395833333333333
2 0.3862421875 0.07815277777777778 0.025242187500000002 0.10848611111111112
2 0.02228125 0.6520694444444445 0.0445546875 0.14322222222222222
2 0.622578125 0.14556944444444445 0.027023437500000004 0.10634722222222222
2 0.4386875 0.057972222222222224 0.023859375 0.11255555555555556
2 0.5515390625000001 0.4237083333333333 0.0253515625 0.12658333333333333
2 0.8216484375 0.018597222222222223 0.0415625 0.03719444444444445
2 0.45931249999999996 0.05448611111111111 0.02678125 0.10740277777777778
2 0.265265625 0.06579166666666666 0.0281015625 0.09
2 0.7310546875 0.08318055555555556 0.02015625 0.12205555555555556
2 0.534578125 0.03902777777777778 0.022625 0.07441666666666666
2 0.9419531250000001 0.1804861111111111 0.0273515625 0.11477777777777778
2 0.120890625 0.10079166666666665 0.0371484375 0.12509722222222222
2 0.6475625 0.034944444444444445 0.023203124999999998 0.06990277777777777
2 0.22515625 0.4477083333333334 0.024375 0.06363888888888888
2 0.21942187500000002 0.5206944444444445 0.0405390625 0.15559722222222222
2 0.251453125 0.507125 0.038390625 0.13679166666666667
2 0.6225859375 0.03284722222222222 0.02553125 0.06566666666666666
2 0.18943749999999998 0.4989861111111111 0.0389453125 0.146375
2 0.6037421875 0.04751388888888889 0.021328125 0.05875