2 0.6751484375000001 0.8991111111111111 0.047078125 0.16108333333333333
2 0.40377343750000005 0.5539305555555555 0.0379765625 0.14670833333333333
2 0.8126875 0.7859027777777778 0.0496328125 0.1684166666666667
2 0.49948437500000004 0.16531944444444444 0.0348125 0.12284722222222223
2 0.5019765625 0.5534444444444445 0.038570312499999995 0.15625
2 0.6690546875 0.13980555555555554 0.0288828125 0.11877777777777777
2 0.89234375 0.12309722222222222 0.05240625 0.11918055555555555
2 0.9602499999999999 0.5839722222222222 0.049765625 0.16643055555555555
2 0.5313203125 0.1663888888888889 0.028296875 0.10855555555555554
2 0.967796875 0.08561111111111111 0.03021875 0.11719444444444443
2 0.5611484375 0.08613888888888889 0.026500000000000003 0.11491666666666665
2 0.6000390624999999 0.7613194444444444 0.0460859375 0.18372222222222223
2 0.9326953124999999 0.09023611111111111 0.03384375 0.1185
2 0.1056640625 0.24880555555555553 0.045 0.13944444444444445
2 0.67534375 0.026041666666666668 0.024921875 0.052083333333333336
2 0.730859375 0.08077777777777777 0.020148437499999998 0.12231944444444444
2 0.038421875 0.17009722222222223 0.03525 0.11481944444444445
2 0.7785624999999999 0.9573194444444444 0.05015625 0.08536111111111111
2 0.97903125 0.15104166666666666 0.0418203125 0.11970833333333333
2 0.3879921875 0.23926388888888891 0.034499999999999996 0.14934722222222221
2 0.644140625 0.03372222222222222 0.020499999999999997 0.06743055555555555
2 0.6105625 0.035930555555555556 0.02384375 0.071875
2 0.018265625 0.6191111111111111 0.036539062500000004 0.17605555555555558
2 0.5532109375 0.9634444444444443 0.0591640625 0.07311111111111111
2 0.7549375 0.03852777777777778 0.03121875 0.07706944444444444
2 0.592515625 0.04066666666666667 0.018437500000000002 0.06706944444444445
2 0.5518828124999999 0.16944444444444445 0.0210859375 0.1072638888888889
2 0.98696875 0.2085972222222222 0.0260546875 0.11906944444444445
2 0.5115624999999999 0.05738888888888889 0.037351562500000005 0.11479166666666668
2 0.442390625 0.060500000000000005 0.01378125 0.08798611111111111
2 0.9940468750000001 0.34075 0.01190625 0.08740277777777777
2 0.2180390625 0.5196111111111111 0.0420546875 0.15372222222222223
2 0.2505625 0.5142361111111111 0.0328203125 0.12480555555555556
2 0.189765625 0.49806944444444445 0.037593749999999995 0.1499861111111111
2 0.5202578124999999 0.020513888888888887 0.0193515625 0.041027777777777774
2 0.0117890625 0.3464583333333333 0.022828124999999998 0.11981944444444444
2 0.3755 0.009652777777777777 0.0246953125 0.019027777777777775