2 0.6634609375 0.17469444444444446 0.0291015625 0.11909722222222222
2 0.4996875 0.13497222222222224 0.030179687500000003 0.1151388888888889
2 0.5638124999999999 0.11408333333333333 0.025750000000000002 0.11433333333333333
2 0.9525234375 0.525875 0.0482421875 0.14763888888888888
2 0.40189062499999995 0.6210277777777777 0.0395 0.16279166666666667
2 0.9235 0.14325 0.03959375 0.11976388888888889
2 0.8066171875 0.8960972222222223 0.0484296875 0.20022222222222222
2 0.54953125 0.8998611111111111 0.0599765625 0.19534722222222223
2 0.7630625 0.051569444444444446 0.0265625 0.10315277777777777
2 0.7313046875 0.08130555555555555 0.022078125 0.12297222222222223
2 0.5315390625 0.13645833333333332 0.025820312499999998 0.10002777777777777
2 0.3787421875 0.27629166666666666 0.0428359375 0.15447222222222223
2 0.4979453125 0.48791666666666667 0.033203125 0.14648611111111112
2 0.0377578125 0.16948611111111112 0.032625 0.11241666666666666
2 0.67525 0.033791666666666664 0.024359375 0.06758333333333333
2 0.41858593749999995 0.06436111111111112 0.0290859375 0.09818055555555555
2 0.9514453125 0.11622222222222223 0.0313125 0.12340277777777776
2 0.9840312499999999 0.10688888888888888 0.0319375 0.11861111111111113
2 0.24059375 0.9739444444444445 0.056109374999999996 0.052111111111111115
2 0.54953125 0.2015833333333333 0.022609375 0.1098888888888889
2 0.645484375 0.03295833333333333 0.0200859375 0.06593055555555555
2 0.112359375 0.22219444444444442 0.05396093749999999 0.14400000000000002
2 0.6565078125 0.8378749999999999 0.068421875 0.23820833333333333
2 0.9877109374999999 0.18152777777777776 0.024578125 0.11818055555555557
2 0.593234375 0.04573611111111111 0.0194765625 0.06787499999999999
2 0.610578125 0.035513888888888887 0.0228984375 0.07102777777777777
2 0.506359375 0.044430555555555556 0.0293203125 0.08886111111111111
2 0.37209375 0.01822222222222222 0.022820312500000002 0.03644444444444444
2 0.2194765625 0.5193055555555556 0.0425234375 0.1516111111111111
2 0.6659609375 0.7799583333333334 0.046218749999999996 0.1131111111111111
2 0.9882734375 0.30704166666666666 0.023445312500000003 0.10622222222222223
2 0.14246875 0.011277777777777777 0.033328125 0.022444444444444444
2 0.2528125 0.5105416666666667 0.036296875 0.13155555555555556
2 0.230671875 0.44808333333333333 0.020984375 0.05620833333333333
2 0.1914296875 0.4949305555555556 0.0381953125 0.14975
2 0.43899218749999996 0.010041666666666667 0.020546875 0.019972222222222225
2 0.009578125 0.31381944444444443 0.018609375 0.13291666666666668
2 0.5892265625 0.04083333333333333 0.0182890625 0.06769444444444445
2 0.46003906250000004 0.009097222222222222 0.018390625 0.018041666666666668
2 0.0058515625 0.30441666666666667 0.0113203125 0.1483611111111111
2 0.5204140625 0.008194444444444445 0.021015625 0.01623611111111111