2 0.914703125 0.853125 0.055070312499999996 0.18194444444444444
2 0.069921875 0.9247222222222221 0.058374999999999996 0.1432361111111111
2 0.5697578125 0.4917916666666666 0.03678125 0.1499861111111111
2 0.48953125000000003 0.44179166666666664 0.0347734375 0.1324722222222222
2 0.3712578125 0.8515972222222222 0.065109375 0.23843055555555553
2 0.044375 0.637125 0.0489375 0.17677777777777778
2 0.729234375 0.09279166666666668 0.0212109375 0.12376388888888888
2 0.5399765624999999 0.6809444444444444 0.033890625 0.15125
2 0.6474140625 0.7667916666666668 0.0526328125 0.20220833333333335
2 0.85678125 0.3725416666666667 0.0400859375 0.1474861111111111
2 0.9349140625000001 0.33768055555555554 0.043609375 0.14497222222222222
2 0.5249843750000001 0.34908333333333336 0.03915625 0.15488888888888888
2 0.3789453125 0.06848611111111111 0.023390625 0.10794444444444444
2 0.595015625 0.25704166666666667 0.025953125 0.11063888888888888
2 0.307078125 0.5496666666666666 0.04271875 0.15233333333333335
2 0.9836562499999999 0.44437499999999996 0.032695312500000004 0.15165277777777778
2 0.373296875 0.30358333333333337 0.033515625 0.14500000000000002
2 0.539984375 0.9337638888888888 0.0509140625 0.13093055555555555
2 0.055953125000000006 0.15786111111111112 0.030156250000000002 0.11745833333333332
2 0.3098359375 0.4275694444444445 0.0341796875 0.12456944444444444
2 0.9093203125 0.19218055555555555 0.035867187499999995 0.12645833333333334
2 0.6017421875 0.04011111111111111 0.032828125 0.08020833333333334
2 0.917453125 0.9625277777777778 0.0633515625 0.07494444444444445
2 0.387046875 0.20963888888888887 0.027914062499999996 0.12265277777777778
2 0.489921875 0.13443055555555555 0.02409375 0.12005555555555555
2 0.6224453125 0.2689027777777778 0.0307890625 0.12197222222222222
2 0.11653906249999998 0.9772083333333333 0.037343749999999995 0.04556944444444445
2 0.22360937500000003 0.45523611111111106 0.024625 0.05791666666666667
2 0.98984375 0.26229166666666665 0.0203125 0.11527777777777778
2 0.427921875 0.09913888888888889 0.024734375 0.11877777777777777
2 0.45708593750000004 0.10495833333333332 0.026742187499999997 0.12020833333333333
2 0.1277109375 0.03984722222222222 0.030875000000000003 0.07968055555555555
2 0.19 0.51075 0.034664062499999995 0.14058333333333334
2 0.531265625 0.02727777777777778 0.021484375 0.05455555555555556
2 0.21833593750000002 0.5293888888888889 0.0405 0.14577777777777776
2 0.8897421874999999 0.1238888888888889 0.029281249999999998 0.10672222222222223
2 0.9873203125 0.015152777777777777 0.022265625 0.030125000000000002
2 0.946390625 0.011125 0.0205390625 0.021847222222222223
2 0.1324453125 0.10080555555555555 0.02790625 0.0813611111111111
2 0.9133984375 0.10873611111111112 0.0268515625 0.09229166666666667
2 0.6497421875 0.04718055555555555 0.029796875 0.09179166666666667
2 0.6822109375000001 0.059958333333333336 0.0211328125 0.070125
2 0.2502890625 0.5170694444444445 0.0359921875 0.12534722222222222
2 0.0051484375 0.9188888888888889 0.010125 0.1351388888888889
2 0.6507109375 0.020152777777777776 0.02840625 0.04031944444444445
2 0.50071875 0.006916666666666667 0.020265625000000002 0.013736111111111112