2 0.500015625 0.12575 0.031820312499999996 0.11275
2 0.5665234375 0.12563888888888888 0.028296875 0.11551388888888889
2 0.8029765624999999 0.9157777777777778 0.0532421875 0.1607777777777778
2 0.662296875 0.7585555555555555 0.046484375 0.1512638888888889
2 0.400953125 0.6387499999999999 0.041578125 0.15716666666666665
2 0.49708593749999996 0.46704166666666663 0.032859375 0.14447222222222222
2 0.939703125 0.15093055555555557 0.055546874999999996 0.12170833333333332
2 0.9508749999999999 0.5045138888888889 0.0487421875 0.16009722222222222
2 0.7315390625 0.08047222222222222 0.0225625 0.12051388888888888
2 0.5481640624999999 0.8905277777777777 0.05809375 0.21893055555555554
2 0.6613359375 0.19143055555555558 0.0308125 0.131125
2 0.5304609375 0.1224861111111111 0.025515624999999997 0.09815277777777778
2 0.7677265625 0.056819444444444436 0.0275546875 0.11315277777777778
2 0.0392265625 0.16959722222222223 0.035875000000000004 0.10890277777777778
2 0.6734218750000001 0.042444444444444444 0.02628125 0.08077777777777777
2 0.24236718750000003 0.945763888888889 0.055960937499999995 0.1041111111111111
2 0.67103125 0.8730416666666667 0.050921875000000005 0.20033333333333334
2 0.381921875 0.2847361111111111 0.045187500000000005 0.1686527777777778
2 0.645609375 0.03269444444444444 0.0195 0.065375
2 0.9853203125000001 0.11684722222222221 0.029359375 0.11880555555555557
2 0.11472656249999999 0.20413888888888887 0.0517421875 0.1421388888888889
2 0.5504140625 0.2127638888888889 0.0230625 0.116125
2 0.6112265625 0.035472222222222224 0.02309375 0.07094444444444445
2 0.3706171875 0.025555555555555554 0.0231015625 0.05111111111111111
2 0.5024609375 0.03834722222222222 0.0277578125 0.07579166666666667
2 0.21909375 0.5190555555555556 0.0430234375 0.15052777777777776
2 0.40277343749999994 0.06351388888888888 0.0175625 0.10004166666666667
2 0.9861640625 0.012555555555555554 0.026289062499999998 0.024694444444444446
2 0.5938203125 0.04595833333333334 0.019414062500000002 0.0685
2 0.9600156249999999 0.10084722222222223 0.026492187499999997 0.07626388888888888
2 0.2351640625 0.4502361111111111 0.027203125 0.065125
2 0.43770312499999997 0.010499999999999999 0.016796875 0.020874999999999998
2 0.12782812500000001 0.011541666666666667 0.026000000000000002 0.022805555555555558
2 0.24892187500000001 0.505625 0.035921875 0.12655555555555556
2 0.0072968749999999995 0.3073888888888889 0.0141484375 0.10073611111111111
2 0.9866796875 0.2622083333333333 0.0266484375 0.18094444444444444
2 0.188671875 0.5002361111111111 0.0330625 0.14294444444444446
2 0.4609453125 0.014486111111111111 0.0148828125 0.02888888888888889
2 0.987203125 0.29688888888888887 0.02559375 0.10541666666666667
2 0.9632421875 0.11373611111111111 0.026742187499999997 0.10275000000000001
2 0.5901640625 0.04044444444444444 0.0180390625 0.06840277777777778
2 0.4076171875 0.06284722222222222 0.0195625 0.09976388888888889
2 0.1497578125 0.989625 0.05248437500000001 0.020749999999999998
2 0.5199609374999999 0.005805555555555555 0.0215546875 0.011388888888888888