2 0.789953125 0.5500416666666667 0.0437578125 0.1565277777777778
2 0.38903906250000003 0.044125 0.0276015625 0.08440277777777778
2 0.57859375 0.102 0.023921875000000002 0.09361111111111112
2 0.7809375000000001 0.39673611111111107 0.0373828125 0.14169444444444443
2 0.05011718750000001 0.8189583333333333 0.0626484375 0.16973611111111112
2 0.49684375000000003 0.2383611111111111 0.030953124999999998 0.12202777777777778
2 0.618265625 0.904625 0.051000000000000004 0.18694444444444444
2 0.1368125 0.07931944444444444 0.0304609375 0.11179166666666666
2 0.8890859375 0.0746388888888889 0.0315 0.11791666666666667
2 0.6256953125 0.1776388888888889 0.033921875000000004 0.11511111111111111
2 0.952 0.20668055555555556 0.034499999999999996 0.12590277777777778
2 0.7515625 0.7383472222222223 0.0491796875 0.16427777777777777
2 0.38651562500000003 0.2663333333333333 0.030109375 0.13630555555555557
2 0.14642187499999998 0.5240277777777778 0.043234375000000005 0.163375
2 0.5324921875 0.1748472222222222 0.038570312499999995 0.13597222222222222
2 0.9809765625000001 0.6889722222222222 0.038046875 0.18129166666666666
2 0.6908046875 0.051527777777777777 0.024085937499999998 0.09479166666666666
2 0.9564609374999999 0.02225 0.022171875 0.0445
2 0.41558593750000006 0.46476388888888887 0.0438203125 0.15291666666666665
2 0.7408750000000001 0.08322222222222223 0.033468750000000005 0.16644444444444445
2 0.061515625 0.16918055555555556 0.029203125000000003 0.12301388888888888
2 0.21021874999999998 0.06470833333333334 0.0295234375 0.10750000000000001
2 0.371484375 0.6363194444444444 0.046625 0.1952638888888889
2 0.8528828125000001 0.06306944444444444 0.0277890625 0.10337500000000001
2 0.6081640625 0.4975416666666667 0.042749999999999996 0.15384722222222222
2 0.2251796875 0.4706388888888889 0.026210937499999996 0.05620833333333333
2 0.3158046875 0.32852777777777775 0.0421953125 0.14454166666666665
2 0.3130859375 0.2341805555555556 0.0318828125 0.09108333333333334
2 0.908140625 0.18277777777777776 0.0503203125 0.1980972222222222
2 0.42091406249999996 0.02201388888888889 0.02175 0.04402777777777778
2 0.6408437499999999 0.16441666666666666 0.0277578125 0.1342638888888889
2 0.193046875 0.5185277777777777 0.0319296875 0.14319444444444443
2 0.45314062499999996 0.1208611111111111 0.0250859375 0.11851388888888889
2 0.42771875000000004 0.1252777777777778 0.0239921875 0.1212638888888889
2 0.48499218749999995 0.033263888888888885 0.022328124999999997 0.06654166666666667
2 0.8384921875 0.06888888888888889 0.0197109375 0.1031111111111111
2 0.902328125 0.22529166666666667 0.04015625 0.12369444444444445
2 0.2518125 0.5320416666666666 0.0362734375 0.12666666666666668
2 0.483046875 0.125375 0.028875 0.11284722222222222
2 0.1994609375 0.012472222222222223 0.030679687500000004 0.024944444444444446
2 0.218484375 0.546875 0.038453125 0.14916666666666667
2 0.6695625 0.07677777777777778 0.0189296875 0.07304166666666667
2 0.91659375 0.14665277777777777 0.039070312499999996 0.11768055555555557
2 0.9939296875 0.13468055555555555 0.012140624999999999 0.11725000000000001
2 0.7375390625 0.03748611111111111 0.027875 0.07065277777777777
2 0.16140625 0.006375 0.0256484375 0.012624999999999999
2 0.43666406249999995 0.12127777777777776 0.0456015625 0.12936111111111112