2 0.5680078125 0.42819444444444443 0.0361875 0.14658333333333334
2 0.49021875000000004 0.5099166666666667 0.0385859375 0.14908333333333335
2 0.29690625000000004 0.6167361111111112 0.046625 0.15434722222222222
2 0.588953125 0.02725 0.024656249999999998 0.05451388888888889
2 0.9445546874999999 0.40349999999999997 0.042976562499999996 0.15840277777777778
2 0.296234375 0.47841666666666666 0.03325 0.11868055555555555
2 0.38558593750000003 0.16502777777777777 0.026250000000000002 0.11230555555555556
2 0.6036328125 0.3048194444444444 0.026609375 0.10868055555555556
2 0.8413125000000001 0.3191111111111111 0.0396015625 0.14269444444444443
2 0.078171875 0.7186805555555557 0.0527421875 0.17981944444444445
2 0.6582265625 0.6489999999999999 0.045492187499999996 0.17897222222222225
2 0.4910234375 0.17144444444444445 0.025500000000000002 0.12818055555555558
2 0.42816406249999994 0.09022222222222222 0.02521875 0.11758333333333333
2 0.5111640625 0.39269444444444446 0.0399609375 0.15115277777777777
2 0.7298359375000001 0.09040277777777778 0.019859375000000002 0.12469444444444444
2 0.3755625 0.7298194444444445 0.054640625 0.19494444444444448
2 0.5440078125000001 0.5947916666666667 0.0318125 0.15023611111111113
2 0.4569140625 0.09525 0.029125 0.11984722222222223
2 0.377421875 0.04565277777777777 0.0226015625 0.08776388888888889
2 0.3694375 0.24233333333333332 0.030382812500000002 0.13727777777777778
2 0.050335937500000004 0.15872222222222224 0.02909375 0.12230555555555556
2 0.6715234375 0.04513888888888889 0.02396875 0.08788888888888889
2 0.1253125 0.058361111111111114 0.0306640625 0.11572222222222221
2 0.96875 0.9585694444444444 0.05971875 0.08286111111111111
2 0.17671874999999998 0.078625 0.028617187500000002 0.09891666666666667
2 0.1894765625 0.5096805555555556 0.033484375 0.13920833333333335
2 0.6166171874999999 0.21231944444444445 0.0317890625 0.09084722222222222
2 0.24959375 0.5155277777777778 0.030578125 0.13231944444444443
2 0.609828125 0.02622222222222222 0.0234609375 0.05244444444444444
2 0.9101796875 0.22266666666666665 0.036851562500000004 0.138
2 0.22028124999999998 0.5276666666666667 0.039984375 0.14954166666666666
2 0.7028749999999999 0.016374999999999997 0.0253046875 0.03276388888888889
2 0.9913359375 0.3036111111111111 0.017335937500000002 0.12218055555555556
2 0.636390625 0.04338888888888889 0.028499999999999998 0.08645833333333333
2 0.2222109375 0.45612500000000006 0.0255546875 0.057263888888888885
2 0.5420859375 0.015625 0.01559375 0.03125
2 0.9267421875 0.13370833333333332 0.027203125 0.10384722222222222
2 0.9881953125 0.9566805555555555 0.02309375 0.08468055555555555
2 0.9458593750000001 0.010277777777777778 0.018046875 0.020180555555555556
2 0.5012187499999999 0.01627777777777778 0.020273437499999998 0.03243055555555556
2 0.9938359374999999 0.021763888888888888 0.012328124999999999 0.043527777777777776
2 0.6428281250000001 0.03344444444444444 0.025625 0.06690277777777778
2 0.520828125 0.01423611111111111 0.0160703125 0.028458333333333332