2 0.7627890625 0.7789583333333334 0.0472578125 0.14018055555555556
2 0.4153203125 0.4318194444444445 0.034499999999999996 0.13948611111111112
2 0.8342734374999999 0.6119305555555555 0.0447890625 0.16004166666666667
2 0.6769296875 0.06443055555555556 0.026421875 0.11429166666666668
2 0.5086171875 0.21500000000000002 0.03175 0.12684722222222222
2 0.6154609375 0.936861111111111 0.0461953125 0.12209722222222222
2 0.0209453125 0.4124027777777778 0.0408828125 0.15138888888888888
2 0.7525937500000001 0.9169305555555556 0.061304687499999996 0.160375
2 0.8960156250000001 0.04695833333333334 0.03440625 0.0922638888888889
2 0.0591171875 0.7358472222222221 0.0543125 0.1868611111111111
2 0.5350937499999999 0.607375 0.041335937499999996 0.16956944444444444
2 0.8234843749999999 0.07888888888888888 0.037703125 0.11302777777777777
2 0.5381328125 0.2183888888888889 0.027640625000000002 0.11206944444444444
2 0.085828125 0.30288888888888893 0.047093750000000004 0.141625
2 0.40424218749999996 0.1547638888888889 0.037109375 0.13506944444444444
2 0.0223125 0.17523611111111112 0.0294921875 0.11334722222222222
2 0.98246875 0.33394444444444443 0.0350703125 0.15295833333333334
2 0.538046875 0.10498611111111111 0.0245390625 0.10373611111111111
2 0.9360546875000001 0.04709722222222222 0.038742187500000004 0.09187500000000001
2 0.504359375 0.6880555555555555 0.040015625 0.17174999999999999
2 0.3366484375 0.026236111111111113 0.032937499999999995 0.052472222222222226
2 0.5575078125 0.10380555555555555 0.0204921875 0.10219444444444445
2 0.6445703125 0.030666666666666665 0.02071875 0.06133333333333333
2 0.956609375 0.10268055555555557 0.03675 0.1683472222222222
2 0.54953125 0.03159722222222222 0.025875 0.06319444444444444
2 0.7328046875 0.07877777777777778 0.024953125 0.12209722222222222
2 0.8475468749999999 0.06675 0.025242187500000002 0.10961111111111112
2 0.6116406249999999 0.03236111111111111 0.0232890625 0.06472222222222222
2 0.25299218749999997 0.5027083333333333 0.0332265625 0.13804166666666667
2 0.51778125 0.033305555555555554 0.022109375 0.066625
2 0.9877109374999999 0.7045694444444445 0.0245859375 0.135375
2 0.219390625 0.5090555555555555 0.038703125 0.1521111111111111
2 0.1933359375 0.49106944444444445 0.035390624999999995 0.15580555555555556
2 0.500890625 0.04002777777777778 0.0206875 0.07223611111111111
2 0.7315625 0.010611111111111111 0.0208046875 0.020930555555555556
2 0.592859375 0.034680555555555555 0.019375 0.06327777777777778
2 0.48685156249999995 0.08902777777777778 0.011515625 0.035291666666666666
2 0.588734375 0.03223611111111111 0.0185 0.06447222222222222