2 0.5695703125 0.48459722222222223 0.036796875 0.14583333333333334
2 0.0682734375 0.9300972222222221 0.0609453125 0.13255555555555557
2 0.48949218749999995 0.44679166666666664 0.03621875 0.13847222222222222
2 0.9411250000000001 0.33895833333333336 0.0419296875 0.14055555555555557
2 0.9163984375 0.8673333333333334 0.054796875 0.17829166666666668
2 0.539296875 0.6689444444444445 0.032234374999999996 0.14201388888888888
2 0.85528125 0.3634583333333333 0.0382578125 0.14480555555555558
2 0.536390625 0.9338333333333334 0.049078125 0.12543055555555555
2 0.985453125 0.45402777777777775 0.02909375 0.16008333333333333
2 0.59653125 0.2624444444444445 0.02784375 0.10541666666666667
2 0.7292109375 0.09256944444444445 0.021296875 0.12384722222222222
2 0.37791406250000004 0.06547222222222222 0.024625 0.10850000000000001
2 0.3728515625 0.8402777777777778 0.060750000000000005 0.22141666666666665
2 0.6487890625 0.7569999999999999 0.0509296875 0.19045833333333334
2 0.5232812499999999 0.34933333333333333 0.037429687499999996 0.15059722222222224
2 0.04721875 0.6525138888888888 0.0521875 0.19275
2 0.9094765625000001 0.19294444444444442 0.0360390625 0.12715277777777778
2 0.37213281249999997 0.2985277777777778 0.0328671875 0.1443611111111111
2 0.600234375 0.04147222222222222 0.030875000000000003 0.08294444444444445
2 0.48986718749999997 0.13954166666666667 0.0249140625 0.120625
2 0.305546875 0.4322777777777778 0.0339921875 0.12247222222222223
2 0.38671875 0.20845833333333333 0.027226562500000002 0.12279166666666666
2 0.055453125000000006 0.1575138888888889 0.030875000000000003 0.11694444444444445
2 0.12090624999999999 0.9778055555555555 0.052140624999999996 0.044375
2 0.428015625 0.09990277777777778 0.0239765625 0.11734722222222221
2 0.30578125 0.5599166666666666 0.044164062500000004 0.16359722222222223
2 0.9164687499999999 0.9671944444444445 0.06378125 0.06559722222222222
2 0.22354687499999998 0.45509722222222226 0.025210937500000002 0.059708333333333335
2 0.6224453125 0.2709722222222222 0.0282578125 0.11872222222222223
2 0.9902656249999999 0.26508333333333334 0.0194765625 0.11147222222222222
2 0.5319765624999999 0.027375 0.022609375 0.0547361111111111
2 0.45720312500000004 0.10258333333333333 0.029398437500000003 0.12201388888888888
2 0.1900703125 0.5111388888888888 0.0349453125 0.14093055555555556
2 0.2181796875 0.5288888888888889 0.04084375 0.1473888888888889
2 0.6809296875 0.04880555555555555 0.021859375 0.0955
2 0.91521875 0.10965277777777778 0.0259140625 0.08588888888888889
2 0.8913828125000001 0.12418055555555554 0.032468750000000005 0.10505555555555555
2 0.134125 0.06898611111111111 0.040445312500000004 0.13622222222222222
2 0.9887578124999999 0.015347222222222224 0.021453125 0.030472222222222223
2 0.946515625 0.011305555555555557 0.0211328125 0.02225
2 0.6084453125 0.035833333333333335 0.02090625 0.07166666666666667
2 0.6470546875000001 0.04647222222222222 0.0300625 0.09216666666666666
2 0.24929687500000003 0.5201527777777778 0.03259375 0.1319861111111111
2 0.005078125 0.9163888888888888 0.0096796875 0.12209722222222222
2 0.13896875 0.097625 0.036890624999999996 0.08115277777777778
2 0.12792187500000002 0.04147222222222222 0.030890624999999998 0.08293055555555556