2 0.660484375 0.3171527777777778 0.035328125 0.13897222222222222
2 0.2920859375 0.9418194444444444 0.056523437499999996 0.11636111111111111
2 0.499234375 0.06427777777777778 0.0292109375 0.10338888888888889
2 0.570921875 0.21834722222222222 0.0304375 0.12201388888888888
2 0.51503125 0.8400277777777778 0.0467890625 0.1806111111111111
2 0.41515625 0.8586111111111112 0.0462578125 0.17418055555555556
2 0.5358125 0.6599861111111112 0.0478828125 0.18484722222222222
2 0.08639843750000001 0.8008194444444445 0.052554687499999996 0.1875277777777778
2 0.9356406249999999 0.38659722222222226 0.04521875 0.1493611111111111
2 0.796734375 0.13995833333333332 0.029390624999999997 0.1296388888888889
2 0.485328125 0.3412777777777778 0.032953125 0.14281944444444444
2 0.3706484375 0.07408333333333333 0.0268359375 0.12041666666666667
2 0.9833359375 0.23158333333333334 0.0333203125 0.118
2 0.2669921875 0.7679722222222223 0.04240625 0.15930555555555556
2 0.641453125 0.5625972222222222 0.033390625 0.13036111111111112
2 0.64603125 0.08825 0.030195312499999998 0.12095833333333333
2 0.5318515625 0.06836111111111111 0.0211015625 0.09513888888888888
2 0.3734296875 0.4204444444444445 0.049078125 0.16845833333333335
2 0.5493125 0.3188472222222222 0.0233984375 0.11954166666666666
2 0.730203125 0.08356944444444445 0.020296875 0.12052777777777778
2 0.9583671875 0.23231944444444447 0.032703125 0.11065277777777778
2 0.436875 0.03626388888888889 0.027546875 0.07251388888888889
2 0.38809375 0.03648611111111111 0.027218750000000003 0.07297222222222222
2 0.12296093749999999 0.14502777777777778 0.0384453125 0.13054166666666667
2 0.037515625000000004 0.17348611111111112 0.03125 0.1120138888888889
2 0.9095625 0.018611111111111113 0.0331328125 0.03723611111111111
2 0.3247890625 0.06787499999999999 0.0294609375 0.09540277777777778
2 0.6437265625 0.026583333333333334 0.0224140625 0.05318055555555556
2 0.486484375 0.022166666666666668 0.0251953125 0.044319444444444446
2 0.45748437500000005 0.036333333333333336 0.026109375 0.07266666666666667
2 0.025140625 0.020291666666666666 0.0290234375 0.04059722222222222
2 0.6067734375 0.035666666666666666 0.024859375 0.07131944444444445
2 0.2179765625 0.5233333333333333 0.0455078125 0.14972222222222223
2 0.23157812500000002 0.4456805555555555 0.0233515625 0.058861111111111114
2 0.25115625 0.5109722222222222 0.039218750000000004 0.1363888888888889
2 0.9934531249999999 0.026430555555555558 0.0130859375 0.052861111111111116
2 0.188703125 0.5040555555555556 0.0332578125 0.13620833333333332
2 0.59265625 0.05061111111111111 0.019648437499999998 0.05548611111111112
2 0.9954296875 0.739013888888889 0.009140625 0.15455555555555556
2 0.9918046875 0.7439027777777778 0.016398437499999998 0.14925