2 0.587453125 0.17105555555555554 0.0273671875 0.10438888888888888
2 0.631140625 0.7655138888888888 0.039484375 0.15505555555555556
2 0.38391406250000004 0.16316666666666668 0.025890625 0.11761111111111112
2 0.9285078125 0.22179166666666666 0.036078125 0.13011111111111112
2 0.49521875 0.32752777777777775 0.033359375000000004 0.13434722222222223
2 0.5784374999999999 0.6838888888888889 0.0450390625 0.17545833333333333
2 0.8411171875000001 0.7274166666666667 0.0498359375 0.17252777777777778
2 0.9350078125 0.3147083333333333 0.040273437499999995 0.14080555555555554
2 0.40544531250000004 0.323 0.031015625 0.13319444444444445
2 0.835171875 0.5765694444444445 0.04503125 0.152125
2 0.9165546875 0.5210555555555556 0.044921875 0.15488888888888888
2 0.560375 0.924875 0.0424453125 0.15023611111111113
2 0.6181953124999999 0.10255555555555557 0.0370078125 0.11618055555555556
2 0.10075 0.9040555555555555 0.060187500000000005 0.18131944444444445
2 0.119890625 0.6796666666666666 0.0543359375 0.1703611111111111
2 0.621078125 0.3802222222222222 0.031148437499999997 0.11979166666666667
2 0.980984375 0.2967777777777778 0.035875000000000004 0.1264861111111111
2 0.5351484375 0.24730555555555556 0.04084375 0.14570833333333333
2 0.898375 0.12329166666666666 0.033078125 0.11543055555555555
2 0.033796875 0.1113888888888889 0.027523437499999998 0.10126388888888889
2 0.7308828125 0.09847222222222222 0.024515625 0.12077777777777778
2 0.6627109375 0.06480555555555555 0.0248515625 0.0782638888888889
2 0.3710078125 0.45523611111111106 0.0391875 0.16509722222222223
2 0.20778124999999997 0.033263888888888885 0.033359375000000004 0.06651388888888889
2 0.24432031250000003 0.021458333333333333 0.026484374999999998 0.042916666666666665
2 0.5325390624999999 0.018611111111111113 0.036421875 0.037222222222222226
2 0.42728124999999995 0.10730555555555556 0.02325 0.11529166666666667
2 0.9530390625 0.01801388888888889 0.017499999999999998 0.036041666666666666
2 0.4840234375 0.07223611111111111 0.02378125 0.11377777777777778
2 0.6782109375 0.04504166666666667 0.020453125 0.09006944444444444
2 0.050687499999999996 0.16409722222222223 0.0408203125 0.13301388888888888
2 0.3224140625 0.41887499999999994 0.045546875 0.143125
2 0.45971093749999997 0.11252777777777777 0.0273984375 0.11926388888888889
2 0.3155625 0.31183333333333335 0.034421875000000005 0.09543055555555555
2 0.5078437499999999 0.06268055555555556 0.0210234375 0.10858333333333334
2 0.2251328125 0.4639305555555555 0.0249453125 0.058680555555555555
2 0.8762578124999999 0.09002777777777776 0.0257265625 0.11451388888888889
2 0.191203125 0.5178472222222222 0.03403125 0.14320833333333333
2 0.62840625 0.09283333333333334 0.033328125 0.12195833333333334
2 0.712109375 0.03572222222222222 0.02553125 0.07143055555555555
2 0.9916874999999999 0.17956944444444442 0.016625 0.09475
2 0.8609453125 0.09155555555555556 0.0199296875 0.10606944444444445
2 0.146609375 0.02415277777777778 0.020171875 0.04829166666666667
2 0.2521328125 0.5230555555555556 0.0406328125 0.1327222222222222
2 0.134171875 0.024013888888888887 0.01865625 0.04801388888888889
2 0.22021875 0.5378194444444445 0.0444609375 0.15472222222222223
2 0.4004921875 0.008986111111111111 0.021851562499999998 0.017541666666666667
2 0.9939453125 0.009666666666666667 0.0119453125 0.01877777777777778
2 0.031109375 0.08551388888888889 0.01928125 0.055374999999999994