2 0.569609375 0.14554166666666668 0.027500000000000004 0.11631944444444445
2 0.6559375000000001 0.6835972222222222 0.041976562499999995 0.14215277777777777
2 0.662109375 0.22372222222222224 0.03071875 0.12933333333333333
2 0.403140625 0.7059444444444444 0.0404765625 0.16005555555555556
2 0.501125 0.10226388888888888 0.030929687500000004 0.11302777777777777
2 0.7781875 0.07294444444444445 0.029429687500000003 0.11977777777777777
2 0.2562890625 0.9056944444444445 0.048585937499999995 0.16366666666666668
2 0.13564062500000001 0.9293888888888888 0.058210937500000004 0.14120833333333332
2 0.5305390625 0.10190277777777779 0.022828124999999998 0.09494444444444444
2 0.9504296875 0.4635 0.0453359375 0.15395833333333334
2 0.039632812499999996 0.16743055555555555 0.038656249999999996 0.11255555555555556
2 0.530171875 0.9557361111111111 0.057609375 0.08851388888888888
2 0.49424999999999997 0.4157361111111111 0.0330625 0.14343055555555556
2 0.7319453125 0.07504166666666667 0.023640625000000002 0.12434722222222222
2 0.37796875 0.3293055555555556 0.0419609375 0.15981944444444443
2 0.4997109375 0.028208333333333332 0.0298359375 0.056402777777777774
2 0.805578125 0.9710416666666666 0.0634765625 0.057930555555555555
2 0.5501875 0.802888888888889 0.05532812499999999 0.2064027777777778
2 0.66903125 0.04806944444444444 0.025609375 0.09369444444444444
2 0.7208046875 0.9320694444444445 0.0631875 0.13125
2 0.9826171875 0.2632638888888889 0.034421875000000005 0.13030555555555554
2 0.547546875 0.23966666666666667 0.022234375 0.11666666666666667
2 0.647359375 0.03158333333333333 0.024203125 0.06316666666666666
2 0.97234375 0.16269444444444445 0.0551640625 0.1455972222222222
2 0.1230078125 0.18377777777777776 0.048875 0.14005555555555557
2 0.4370546875 0.01423611111111111 0.0191796875 0.028486111111111115
2 0.9698125 0.011930555555555555 0.03965625 0.023847222222222225
2 0.00834375 0.29056944444444444 0.016273437499999998 0.09036111111111111
2 0.22028124999999998 0.5159027777777777 0.045328125000000004 0.15265277777777778
2 0.45903124999999995 0.019791666666666666 0.018171875 0.03959722222222222
2 0.6113593749999999 0.036819444444444446 0.027484375 0.073625
2 0.366734375 0.030430555555555554 0.0263671875 0.06086111111111111
2 0.393484375 0.011944444444444443 0.016640625 0.023888888888888887
2 0.23670312500000001 0.44683333333333336 0.0253359375 0.06348611111111112
2 0.5970156249999999 0.042166666666666665 0.0201171875 0.06990277777777777
2 0.7133359375 0.9861388888888889 0.045796875 0.027722222222222224
2 0.2512890625 0.5025138888888889 0.0427421875 0.1365972222222222
2 0.18948437499999998 0.5021111111111111 0.03484375 0.14345833333333335
2 0.09623437500000001 0.011402777777777779 0.028359375 0.02279166666666667
2 0.37690625 0.08008333333333333 0.0271171875 0.06284722222222222