2 0.49251562499999996 0.3888888888888889 0.0369609375 0.13723611111111111
2 0.5409296875 0.7757499999999999 0.0348125 0.15034722222222222
2 0.9670624999999999 0.38423611111111106 0.044601562500000004 0.14831944444444445
2 0.6430234375 0.9049027777777777 0.05248437500000001 0.19015277777777778
2 0.8790625000000001 0.7178333333333333 0.049085937499999996 0.17838888888888887
2 0.8854140625 0.8870138888888889 0.0574921875 0.19127777777777777
2 0.569328125 0.5623055555555556 0.0397578125 0.15288888888888888
2 0.026523437500000004 0.5794722222222223 0.05304687500000001 0.1887638888888889
2 0.9358437500000001 0.28268055555555555 0.0360234375 0.13706944444444444
2 0.5911484375 0.21644444444444444 0.0265078125 0.10495833333333332
2 0.366859375 0.9325694444444446 0.065609375 0.1348611111111111
2 0.5743046875 0.8667083333333333 0.04503125 0.16754166666666667
2 0.09234375 0.8160833333333334 0.057359375000000004 0.15175
2 0.881671875 0.4301527777777778 0.0390390625 0.1537361111111111
2 0.905171875 0.16329166666666667 0.03790625 0.12266666666666666
2 0.5333125 0.301375 0.0362265625 0.15570833333333334
2 0.1150546875 0.9287361111111112 0.06394531249999999 0.14252777777777778
2 0.6998359375 0.049819444444444444 0.0270859375 0.09883333333333333
2 0.382234375 0.108875 0.024765625 0.11961111111111111
2 0.7311328125000001 0.09126388888888888 0.0243671875 0.12865277777777778
2 0.6295 0.3167083333333333 0.0305546875 0.13244444444444445
2 0.37378125 0.35936111111111113 0.037375000000000005 0.15455555555555556
2 0.10030468749999999 0.09844444444444443 0.0373125 0.0965
2 0.393484375 0.26045833333333335 0.031148437499999997 0.13152777777777777
2 0.314796875 0.4926527777777778 0.04240625 0.16215277777777778
2 0.9898046875000001 0.22547222222222224 0.0203828125 0.10843055555555554
2 0.516578125 0.03973611111111111 0.02296875 0.07947222222222222
2 0.6053515625 0.05683333333333333 0.023570312500000003 0.11336111111111112
2 0.058867187499999994 0.15819444444444444 0.0285390625 0.11829166666666667
2 0.1324921875 0.036250000000000004 0.032625 0.07248611111111111
2 0.42709374999999994 0.10218055555555555 0.0248046875 0.11654166666666667
2 0.45922656249999994 0.10909722222222222 0.026445312500000002 0.11475
2 0.9925625 0.36058333333333337 0.014570312499999998 0.08209722222222222
2 0.4863515625 0.11056944444444444 0.0279296875 0.12105555555555556
2 0.8985859375 0.09297222222222222 0.02334375 0.08751388888888889
2 0.315296875 0.3735833333333334 0.0360234375 0.11325
2 0.224828125 0.45702777777777776 0.02325 0.057833333333333334
2 0.8768046875 0.10509722222222223 0.021609375 0.104125
2 0.19141406249999998 0.5131944444444444 0.03425 0.14694444444444443
2 0.6584921875 0.04897222222222222 0.020867187500000002 0.09601388888888888
2 0.2179765625 0.5300277777777778 0.0450078125 0.1515
2 0.2582890625 0.016944444444444443 0.0259765625 0.033888888888888885
2 0.591078125 0.017791666666666667 0.0295078125 0.035583333333333335
2 0.61915625 0.05733333333333333 0.029367187500000003 0.1119861111111111
2 0.9507656250000001 0.013708333333333333 0.0200859375 0.02740277777777778
2 0.2518125 0.5210555555555556 0.042515625 0.13259722222222223
2 0.978203125 0.009597222222222222 0.017460937500000002 0.01913888888888889
2 0.64578125 0.03831944444444445 0.021703125 0.07163888888888889
2 0.8906328125 0.10501388888888889 0.0388984375 0.10875
2 0.9086718749999999 0.1396388888888889 0.0371640625 0.06688888888888889