2 0.571265625 0.1683611111111111 0.029453125000000004 0.11830555555555557
2 0.7849062499999999 0.09552777777777778 0.026250000000000002 0.11752777777777779
2 0.6588203125 0.2515555555555556 0.0318671875 0.13279166666666667
2 0.499203125 0.09269444444444444 0.029703125000000004 0.11393055555555556
2 0.5214375 0.9281805555555555 0.05065625 0.1366527777777778
2 0.403421875 0.746 0.0416171875 0.1597083333333333
2 0.038820312499999995 0.17250000000000001 0.0353515625 0.1073611111111111
2 0.6534765625000001 0.6452361111111111 0.0370703125 0.13608333333333333
2 0.4913046875 0.39568055555555554 0.0347890625 0.13993055555555556
2 0.12156249999999999 0.9041250000000001 0.05703125 0.19173611111111113
2 0.25613281250000003 0.8579166666666668 0.047445312499999996 0.1465972222222222
2 0.9440625 0.4372916666666667 0.04478125 0.14205555555555555
2 0.5296640625 0.09584722222222222 0.0224609375 0.09809722222222221
2 0.49626562500000004 0.026750000000000003 0.0261640625 0.053500000000000006
2 0.5462890625 0.7595694444444444 0.05328125 0.20244444444444443
2 0.377875 0.34261111111111114 0.0429453125 0.15959722222222222
2 0.45874218750000006 0.02309722222222222 0.0195 0.04619444444444444
2 0.7298984374999999 0.07922222222222222 0.0208828125 0.12088888888888889
2 0.120171875 0.16727777777777778 0.0389921875 0.12740277777777778
2 0.5480078125000001 0.2619166666666667 0.02225 0.11952777777777777
2 0.43520312499999997 0.02188888888888889 0.0203203125 0.04377777777777778
2 0.64659375 0.03183333333333334 0.024375 0.06366666666666668
2 0.7543828125 0.9653333333333333 0.052328125 0.06934722222222223
2 0.66253125 0.06254166666666666 0.026328125 0.10405555555555555
2 0.218609375 0.5198194444444444 0.04278125 0.1504861111111111
2 0.3921875 0.020083333333333335 0.0178828125 0.04018055555555555
2 0.6112031250000001 0.03656944444444444 0.027703125000000002 0.07313888888888888
2 0.0738671875 0.01633333333333333 0.025921875 0.03265277777777778
2 0.36821875 0.04865277777777778 0.029109375 0.09731944444444443
2 0.9782421875 0.17458333333333334 0.0435078125 0.1545277777777778
2 0.234359375 0.44980555555555557 0.025257812499999997 0.06961111111111111
2 0.9893124999999999 0.26402777777777775 0.021374999999999998 0.13004166666666667
2 0.2501484375 0.5135972222222223 0.0371796875 0.12561111111111112
2 0.9519140625 0.01640277777777778 0.0317265625 0.03279166666666666
2 0.18857812499999999 0.5047777777777778 0.03184375 0.13895833333333332
2 0.3627109375 0.059291666666666666 0.030453124999999998 0.11495833333333333