2 0.40396093750000006 0.5502777777777778 0.0381328125 0.14388888888888887
2 0.501453125 0.5552777777777778 0.0383671875 0.14980555555555555
2 0.4996171875 0.16622222222222224 0.034765625 0.12106944444444445
2 0.6757500000000001 0.9013888888888889 0.04584375 0.15893055555555557
2 0.67028125 0.13568055555555555 0.0259296875 0.11509722222222223
2 0.8890234375 0.1243888888888889 0.0471875 0.11641666666666665
2 0.8145078124999999 0.7833611111111111 0.0464375 0.17118055555555556
2 0.964859375 0.5914027777777778 0.0482421875 0.16618055555555555
2 0.5317578125 0.16695833333333332 0.027875 0.10565277777777776
2 0.7784140625 0.9537777777777778 0.0511484375 0.09244444444444445
2 0.979109375 0.14959722222222221 0.041203125 0.11601388888888889
2 0.96578125 0.08458333333333333 0.030882812500000002 0.11783333333333333
2 0.7313046875 0.081 0.020984375 0.12259722222222222
2 0.5603828125 0.08505555555555556 0.025750000000000002 0.11281944444444444
2 0.9323515625000001 0.09020833333333333 0.0348671875 0.11648611111111112
2 0.6748359374999999 0.024861111111111108 0.0241484375 0.049722222222222216
2 0.5978203125 0.7546805555555556 0.0474765625 0.18941666666666665
2 0.038078125000000004 0.17 0.034687499999999996 0.11499999999999999
2 0.3901015625 0.23729166666666665 0.033187499999999995 0.14605555555555555
2 0.105078125 0.25005555555555553 0.044 0.13886111111111113
2 0.6439843749999999 0.034055555555555554 0.02028125 0.06811111111111111
2 0.0189453125 0.6194444444444445 0.0378828125 0.17791666666666667
2 0.6105234375 0.03597222222222222 0.023804687499999998 0.07195833333333333
2 0.9867578124999999 0.21061111111111108 0.026476562500000002 0.1093888888888889
2 0.7523125 0.036375000000000005 0.0281171875 0.07276388888888889
2 0.55146875 0.9631666666666667 0.062273437499999994 0.07365277777777778
2 0.5519140625000001 0.16927777777777778 0.0211640625 0.10586111111111111
2 0.5925312500000001 0.04094444444444444 0.018789062500000002 0.06780555555555555
2 0.5131953125 0.058611111111111114 0.0340859375 0.11722222222222223
2 0.9942968750000001 0.34229166666666666 0.0113984375 0.08445833333333333
2 0.21800000000000003 0.5204305555555555 0.041976562499999995 0.15198611111111113
2 0.25017187500000004 0.5082083333333334 0.0312265625 0.12366666666666667
2 0.18948437499999998 0.49774999999999997 0.0369453125 0.1482638888888889
2 0.0119765625 0.3486111111111111 0.023296875 0.12463888888888888
2 0.52053125 0.020555555555555556 0.019296874999999998 0.04111111111111111
2 0.443328125 0.05773611111111111 0.0145234375 0.08495833333333333
2 0.22652343749999998 0.45740277777777777 0.0210546875 0.05373611111111111
2 0.49746875 0.02073611111111111 0.017937500000000002 0.04148611111111111
2 0.9459296875 0.005472222222222222 0.020359375 0.010666666666666666