2 0.570984375 0.18291666666666664 0.029976562499999998 0.12100000000000001
2 0.5004062499999999 0.08191666666666667 0.03028125 0.11266666666666668
2 0.65915625 0.2713055555555556 0.0327578125 0.13481944444444444
2 0.5180625 0.9091666666666667 0.04940625 0.16990277777777776
2 0.038125 0.17356944444444444 0.0346796875 0.106125
2 0.7855000000000001 0.11275 0.02834375 0.11798611111111111
2 0.530484375 0.09090277777777778 0.02296875 0.10008333333333333
2 0.48911718750000005 0.3709166666666667 0.0314296875 0.13454166666666667
2 0.943921875 0.4325277777777778 0.04434375 0.15202777777777776
2 0.411421875 0.7858750000000001 0.0467265625 0.18106944444444445
2 0.64728125 0.6244305555555555 0.0364921875 0.14023611111111112
2 0.1125703125 0.8670555555555555 0.053937500000000006 0.16654166666666667
2 0.9407265625000001 0.017597222222222222 0.0363203125 0.035180555555555555
2 0.434578125 0.02808333333333333 0.025773437500000003 0.05618055555555556
2 0.4914296875 0.025180555555555553 0.027734375 0.050361111111111106
2 0.260046875 0.8394305555555556 0.0479765625 0.17572222222222222
2 0.3814921875 0.37575000000000003 0.0479765625 0.1744861111111111
2 0.37059375 0.051472222222222225 0.027203125 0.10109722222222223
2 0.5412265625 0.7256388888888889 0.054000000000000006 0.1848888888888889
2 0.729546875 0.08120833333333333 0.0205546875 0.11787500000000001
2 0.0615703125 0.018000000000000002 0.031171874999999998 0.036000000000000004
2 0.6596093749999999 0.06536111111111112 0.025992187500000003 0.10716666666666666
2 0.12064843750000001 0.16541666666666666 0.038234375 0.12740277777777778
2 0.459375 0.02886111111111111 0.024781249999999998 0.05772222222222222
2 0.5469375000000001 0.2803888888888889 0.0219921875 0.12269444444444445
2 0.6445390625 0.034236111111111106 0.0221953125 0.06848611111111111
2 0.348 0.068875 0.028875 0.09793055555555556
2 0.391 0.02731944444444445 0.0196171875 0.0546388888888889
2 0.21875781249999998 0.5234305555555555 0.0450078125 0.15069444444444444
2 0.9879374999999999 0.2609583333333333 0.02359375 0.11836111111111111
2 0.6099453125000001 0.03718055555555556 0.0244765625 0.07436111111111111
2 0.23378125 0.45083333333333336 0.025468750000000002 0.07093055555555555
2 0.9811640625000001 0.2076111111111111 0.037671875 0.2110138888888889
2 0.25096093750000004 0.51525 0.0396484375 0.13018055555555555
2 0.1916328125 0.49883333333333335 0.0370078125 0.1404027777777778
2 0.6036796875 0.038375 0.0251953125 0.07675
2 0.987671875 0.2194583333333333 0.024648437500000002 0.2001527777777778
2 0.5868671875 0.049722222222222216 0.021328125 0.04445833333333333