2 0.8329921875 0.6146805555555556 0.0430234375 0.15740277777777778
2 0.5077890625 0.21069444444444443 0.0319375 0.12373611111111112
2 0.6767578125 0.06390277777777778 0.0280078125 0.11174999999999999
2 0.826875 0.07868055555555556 0.0356953125 0.11541666666666665
2 0.6151328125 0.9388194444444445 0.0454609375 0.11745833333333332
2 0.7631328125 0.7877222222222222 0.046867187500000004 0.14488888888888887
2 0.414953125 0.43351388888888887 0.032671875 0.13879166666666667
2 0.020734375 0.4063888888888889 0.040546874999999996 0.14144444444444446
2 0.895875 0.04751388888888889 0.03403125 0.09251388888888888
2 0.5377890625 0.21695833333333334 0.0282578125 0.11319444444444444
2 0.0865703125 0.3026111111111111 0.0472421875 0.1408472222222222
2 0.057937499999999996 0.7303611111111111 0.0575390625 0.19952777777777778
2 0.537390625 0.102375 0.0243515625 0.10065277777777777
2 0.9315625000000001 0.04543055555555556 0.038640625 0.09087500000000001
2 0.0228515625 0.17477777777777778 0.02865625 0.11411111111111111
2 0.40383593749999996 0.1554861111111111 0.0370625 0.13494444444444445
2 0.75496875 0.92425 0.0637109375 0.14475
2 0.5374296875 0.6176944444444444 0.040953125 0.18170833333333336
2 0.55009375 0.03461111111111111 0.026375 0.06922222222222223
2 0.9846953125000001 0.709125 0.030601562500000002 0.15761111111111112
2 0.50453125 0.6836805555555555 0.0427734375 0.17105555555555554
2 0.6444062500000001 0.03073611111111111 0.020171875 0.06147222222222222
2 0.848546875 0.06445833333333333 0.0250546875 0.11593055555555555
2 0.73328125 0.07468055555555556 0.023546875000000002 0.12411111111111112
2 0.9837734375 0.3509583333333333 0.0315 0.13518055555555555
2 0.5575546874999999 0.10334722222222222 0.0201328125 0.10075
2 0.338296875 0.024652777777777777 0.02403125 0.049305555555555554
2 0.9535625 0.13545833333333335 0.034609375 0.12073611111111113
2 0.9582421875 0.10925 0.037671875 0.17166666666666666
2 0.61153125 0.03229166666666667 0.0230390625 0.06459722222222222
2 0.2528359375 0.5025833333333334 0.0333984375 0.13679166666666667
2 0.516234375 0.03359722222222222 0.025070312500000004 0.06719444444444445
2 0.21946875000000002 0.5096388888888889 0.038515625 0.15275
2 0.1932421875 0.4913472222222222 0.035078125 0.1562361111111111
2 0.5898203125 0.03201388888888889 0.017828125 0.06402777777777778
2 0.73128125 0.009569444444444445 0.0208046875 0.018944444444444444
2 0.5943046875 0.03318055555555555 0.018890625 0.06347222222222222
2 0.48596093749999997 0.07675 0.0138671875 0.059166666666666666
2 0.95628125 0.079875 0.0313671875 0.11741666666666667
2 0.5136406250000001 0.05070833333333333 0.0270078125 0.10143055555555555