2 0.0793828125 0.9118333333333333 0.057109375 0.1753472222222222
2 0.5921015625 0.2541805555555555 0.0304609375 0.11281944444444444
2 0.5673046875 0.5133194444444444 0.04015625 0.15297222222222223
2 0.49290625 0.4324722222222222 0.0373203125 0.1463888888888889
2 0.93534375 0.32811111111111113 0.0416171875 0.14781944444444445
2 0.9049609375 0.805236111111111 0.0600703125 0.17266666666666666
2 0.8665546875000001 0.3862638888888889 0.0418984375 0.15052777777777776
2 0.3810859375 0.08416666666666667 0.0245546875 0.11426388888888889
2 0.3680625 0.8758472222222222 0.057234375000000004 0.20252777777777778
2 0.9095234375000001 0.18472222222222223 0.034671875000000005 0.12156944444444445
2 0.31163281249999997 0.5333333333333333 0.0468203125 0.16054166666666667
2 0.39075000000000004 0.22375 0.0309609375 0.11575
2 0.0426796875 0.6260416666666667 0.059640625 0.18193055555555557
2 0.6236953125 0.2811388888888889 0.03046875 0.1223888888888889
2 0.6443359375 0.7947222222222223 0.0502734375 0.18131944444444445
2 0.977578125 0.43106944444444445 0.04484375 0.1510138888888889
2 0.9052031250000001 0.9377916666666667 0.0620390625 0.12441666666666666
2 0.37603906249999997 0.31019444444444444 0.0322265625 0.13776388888888888
2 0.729015625 0.09256944444444445 0.022171875 0.1267361111111111
2 0.550984375 0.9234861111111111 0.0421640625 0.14840277777777777
2 0.5284765625000001 0.3326111111111111 0.040296874999999996 0.14919444444444444
2 0.541390625 0.711625 0.0336328125 0.15198611111111113
2 0.9899140624999999 0.24901388888888887 0.020171875 0.11869444444444444
2 0.5995546875 0.04736111111111111 0.025265625000000003 0.09081944444444444
2 0.31253125000000004 0.4147638888888889 0.0338828125 0.11851388888888889
2 0.124265625 0.9631805555555556 0.054031249999999996 0.07365277777777778
2 0.129 0.042375 0.029484375 0.08473611111111111
2 0.057671875 0.15891666666666668 0.030921874999999998 0.11955555555555555
2 0.1243203125 0.093875 0.032640625 0.09137500000000001
2 0.22367187500000002 0.4569722222222222 0.0246015625 0.05536111111111111
2 0.4273828125 0.10141666666666665 0.027250000000000003 0.11770833333333333
2 0.5263984374999999 0.03013888888888889 0.022109375 0.06029166666666666
2 0.48958593749999996 0.12769444444444444 0.026687499999999996 0.12730555555555556
2 0.45814843749999995 0.10870833333333332 0.0253359375 0.11572222222222221
2 0.8890703125 0.11900000000000001 0.031140624999999998 0.10877777777777776
2 0.6920078125 0.030291666666666665 0.0215078125 0.06058333333333333
2 0.21880468749999998 0.5317222222222222 0.042249999999999996 0.1526388888888889
2 0.19025 0.5118472222222222 0.03465625 0.14215277777777777
2 0.9858593750000001 0.013777777777777778 0.0254453125 0.02719444444444444
2 0.6509765625 0.03302777777777778 0.0237578125 0.06605555555555556
2 0.9459140625 0.011902777777777778 0.0224296875 0.02352777777777778
2 0.6133828125 0.04016666666666667 0.026890625 0.08033333333333334
2 0.249546875 0.5225694444444444 0.034390625 0.1300277777777778
2 0.656953125 0.06745833333333333 0.016953125 0.057999999999999996
2 0.6895546875 0.06313888888888888 0.024578125 0.07158333333333333
2 0.00484375 0.9128888888888889 0.0092265625 0.118125
2 0.6298828125 0.036291666666666667 0.021203125 0.07033333333333333
2 0.280765625 0.006319444444444444 0.0304609375 0.012430555555555554