2 0.5027578125 0.19468055555555555 0.0365 0.12781944444444446
2 0.41342187499999994 0.4831111111111111 0.0369765625 0.14047222222222222
2 0.553328125 0.049805555555555554 0.025578125 0.09516666666666666
2 0.9459296875 0.05526388888888889 0.03371875 0.11031944444444446
2 0.9110546875000001 0.058833333333333335 0.0335 0.108125
2 0.6744375 0.0973611111111111 0.027265624999999998 0.11747222222222221
2 0.7332890625 0.07633333333333334 0.0244375 0.1346388888888889
2 0.0395859375 0.6929166666666666 0.061125 0.18305555555555558
2 0.8249140625000001 0.6874861111111111 0.0430859375 0.16725
2 0.6905390625 0.978625 0.050523437500000004 0.042736111111111114
2 0.9669140625000001 0.13569444444444445 0.0395625 0.17884722222222224
2 0.769484375 0.878125 0.0458359375 0.17080555555555557
2 0.5072656249999999 0.6303333333333333 0.0396640625 0.17009722222222223
2 0.9804999999999999 0.6547083333333333 0.039 0.18384722222222222
2 0.8507890625 0.09565277777777778 0.03896875 0.11598611111111112
2 0.39753125 0.1889861111111111 0.03415625 0.13526388888888888
2 0.53478125 0.19463888888888886 0.027890625000000002 0.11438888888888889
2 0.5560078125000001 0.13104166666666667 0.0190078125 0.09411111111111112
2 0.02915625 0.1759027777777778 0.035562500000000004 0.11231944444444444
2 0.0130703125 0.37872222222222224 0.026140625 0.14366666666666666
2 0.643765625 0.03251388888888889 0.0190078125 0.06504166666666666
2 0.0944375 0.27918055555555554 0.040921875 0.1446388888888889
2 0.9625234375 0.15873611111111113 0.03628125 0.12793055555555555
2 0.6107578124999999 0.034319444444444444 0.023265625 0.06863888888888889
2 0.764828125 0.9740277777777777 0.0603984375 0.05195833333333333
2 0.5647890624999999 0.6809305555555555 0.0457578125 0.19281944444444446
2 0.5220859375 0.08468055555555555 0.0268125 0.11940277777777777
2 0.871078125 0.09270833333333334 0.0320625 0.11708333333333333
2 0.21934375 0.5195555555555555 0.0405703125 0.14993055555555557
2 0.50184375 0.053 0.026546874999999998 0.10090277777777779
2 0.1927890625 0.4939583333333333 0.036617187499999995 0.15063888888888888
2 0.5897187500000001 0.03434722222222222 0.0177421875 0.06869444444444445
2 0.25284375 0.506986111111111 0.0341796875 0.12855555555555556
2 0.9635624999999999 0.10970833333333332 0.0384140625 0.12144444444444444
2 0.6229921875 0.9860555555555556 0.04278125 0.027888888888888887
2 0.520046875 0.02723611111111111 0.023429687499999997 0.05445833333333334
2 0.2297265625 0.4498333333333333 0.018203125 0.05383333333333333
2 0.67396875 0.011375 0.017421875 0.022583333333333337
2 0.33871875 0.01661111111111111 0.017609375 0.03322222222222222
2 0.47103906249999994 0.057583333333333334 0.02578125 0.09401388888888888
2 0.738421875 0.017527777777777778 0.025281249999999998 0.035055555555555555