2 0.629578125 0.5143333333333333 0.0384765625 0.12940277777777778
2 0.5679140625 0.23997222222222223 0.031140624999999998 0.12372222222222222
2 0.5019296875 0.05568055555555556 0.028976562500000004 0.10548611111111111
2 0.422265625 0.9154444444444445 0.0507890625 0.16227777777777777
2 0.6649375 0.3527361111111111 0.03428125 0.13381944444444444
2 0.27671875 0.7150694444444444 0.043421875 0.14969444444444444
2 0.511640625 0.7791388888888889 0.0479296875 0.17998611111111112
2 0.2983828125 0.9057638888888888 0.051765625 0.171
2 0.48646874999999995 0.3106388888888889 0.028000000000000004 0.13776388888888888
2 0.387125 0.04727777777777778 0.02315625 0.09094444444444445
2 0.8094609374999999 0.16255555555555556 0.035664062499999996 0.12652777777777777
2 0.9333671875 0.3635833333333333 0.0455546875 0.14566666666666667
2 0.5324765625000001 0.0546388888888889 0.021593750000000002 0.09341666666666668
2 0.8819296874999999 0.02001388888888889 0.0375703125 0.04002777777777778
2 0.37078125 0.09431944444444444 0.028140625000000002 0.1218611111111111
2 0.5310546875 0.6126527777777778 0.051171875 0.18523611111111113
2 0.9785468749999999 0.21654166666666666 0.0333046875 0.12430555555555556
2 0.5483359375 0.3547083333333333 0.0242421875 0.12270833333333332
2 0.45944531250000004 0.042263888888888886 0.0262265625 0.08176388888888889
2 0.3016171875 0.06384722222222222 0.029125 0.09594444444444444
2 0.37940625 0.4502777777777778 0.049234375000000004 0.19131944444444443
2 0.64396875 0.034055555555555554 0.0228828125 0.06812499999999999
2 0.43763281249999997 0.04486111111111111 0.027250000000000003 0.086625
2 0.6375390624999999 0.10827777777777776 0.027726562500000003 0.1103611111111111
2 0.95178125 0.21454166666666666 0.0302734375 0.11491666666666665
2 0.9854140625 0.6692361111111111 0.029171875000000003 0.17772222222222223
2 0.039453125 0.1698611111111111 0.034390625 0.12077777777777778
2 0.730984375 0.08322222222222223 0.0238515625 0.12627777777777777
2 0.05903125 0.7452361111111112 0.057414062499999995 0.16668055555555555
2 0.1233359375 0.13151388888888887 0.041765625 0.1300277777777778
2 0.2285625 0.4449861111111111 0.0218828125 0.058125
2 0.21834375 0.5214861111111111 0.043015625 0.1545277777777778
2 0.9919296875000001 0.025194444444444446 0.016140625 0.05038888888888889
2 0.609953125 0.033763888888888885 0.026250000000000002 0.06752777777777777
2 0.47749218750000005 0.02034722222222222 0.020203125 0.04070833333333333
2 0.188140625 0.4975416666666667 0.031070312500000002 0.13736111111111113
2 0.251515625 0.5091944444444445 0.038804687500000004 0.13591666666666666
2 0.59603125 0.04954166666666667 0.020499999999999997 0.05591666666666666