2 0.5030390625 0.18755555555555553 0.03559375 0.12431944444444445
2 0.55371875 0.05698611111111111 0.0245390625 0.09723611111111112
2 0.6854375 0.9688055555555555 0.0525625 0.06238888888888889
2 0.9133515624999999 0.06225 0.032765625 0.11066666666666668
2 0.412984375 0.5005555555555555 0.036625000000000005 0.15158333333333335
2 0.734359375 0.07888888888888888 0.0261953125 0.1272222222222222
2 0.39758593750000004 0.19305555555555556 0.0331171875 0.13104166666666667
2 0.6723828125 0.10593055555555556 0.028953125000000003 0.11734722222222221
2 0.8224375 0.70875 0.0451171875 0.17881944444444445
2 0.50190625 0.6110972222222222 0.037 0.1530277777777778
2 0.7702734375 0.8940555555555556 0.047117187500000005 0.16244444444444445
2 0.9788125000000001 0.6421944444444444 0.0423671875 0.16758333333333333
2 0.5351874999999999 0.1884722222222222 0.02884375 0.10848611111111112
2 0.8557656250000001 0.10181944444444445 0.030796875 0.11605555555555556
2 0.9470078125000001 0.05925 0.03590625 0.10983333333333332
2 0.0307109375 0.17455555555555557 0.033921875000000004 0.11534722222222221
2 0.569375 0.6924166666666667 0.044914062500000004 0.19255555555555554
2 0.9721796875000001 0.1731111111111111 0.03440625 0.11558333333333333
2 0.037093749999999995 0.6814444444444444 0.0700390625 0.17933333333333334
2 0.6435546875 0.03313888888888889 0.019796875 0.06629166666666667
2 0.0120546875 0.3765972222222222 0.024109375 0.14675
2 0.555203125 0.14158333333333334 0.0186484375 0.08365277777777777
2 0.6100390625000001 0.035097222222222224 0.0233515625 0.07019444444444445
2 0.8754531249999999 0.09275 0.032359375 0.11855555555555555
2 0.96659375 0.11658333333333333 0.0399375 0.12770833333333334
2 0.7401718749999999 0.02375 0.0219296875 0.0475
2 0.09396875 0.28147222222222223 0.0395625 0.14431944444444444
2 0.25096875 0.5087777777777778 0.033453125 0.12756944444444443
2 0.5195546875 0.025166666666666667 0.0203671875 0.05031944444444444
2 0.190015625 0.49777777777777776 0.036843749999999995 0.147625
2 0.219203125 0.5199444444444444 0.04034375 0.15052777777777776
2 0.592703125 0.03881944444444444 0.01871875 0.06929166666666667
2 0.503 0.05198611111111111 0.02603125 0.10145833333333333
2 0.771671875 0.9864444444444445 0.0455703125 0.02711111111111111
2 0.3384453125 0.016694444444444442 0.0192421875 0.033388888888888885
2 0.520375 0.09306944444444445 0.0289921875 0.09477777777777777
2 0.97159375 0.14125000000000001 0.0390078125 0.180125
2 0.674640625 0.012152777777777778 0.0192421875 0.024125
2 0.22762500000000002 0.4502083333333333 0.0197265625 0.05254166666666667
2 0.46655468750000006 0.059291666666666666 0.0176640625 0.08979166666666667