2 0.5669609375 0.2975833333333333 0.03278125 0.12870833333333334
2 0.28396875 0.6144166666666666 0.04159375 0.14548611111111112
2 0.6702734375 0.45340277777777777 0.0372265625 0.15438888888888888
2 0.969 0.18372222222222223 0.031140624999999998 0.11788888888888888
2 0.9743671875000001 0.5537083333333334 0.0512578125 0.1678611111111111
2 0.386359375 0.08159722222222222 0.0270703125 0.10779166666666666
2 0.503015625 0.6568194444444445 0.0432421875 0.16620833333333335
2 0.9301484375 0.30625 0.038984375 0.1446527777777778
2 0.62321875 0.4216111111111111 0.029015625 0.11486111111111111
2 0.3702578125 0.14450000000000002 0.0300625 0.12145833333333333
2 0.8184687500000001 0.018152777777777778 0.0376875 0.036291666666666667
2 0.48621875000000003 0.24987499999999999 0.0293046875 0.12795833333333334
2 0.02109375 0.6499861111111112 0.0421875 0.15404166666666666
2 0.3027734375 0.7831944444444444 0.0520390625 0.162875
2 0.8231640625000001 0.21183333333333335 0.0314453125 0.12906944444444446
2 0.62253125 0.146875 0.028875 0.10805555555555556
2 0.5016171875000001 0.03761111111111111 0.0294609375 0.07522222222222222
2 0.3806328125 0.5562777777777778 0.0484921875 0.19290277777777776
2 0.55171875 0.438 0.0246328125 0.13044444444444445
2 0.1333125 0.9028194444444444 0.06882031250000001 0.18869444444444447
2 0.51378125 0.5199027777777777 0.044187500000000005 0.16625
2 0.4589765625 0.05663888888888889 0.026703125 0.11018055555555556
2 0.7310234375 0.083625 0.020125 0.12200000000000001
2 0.43842968750000005 0.058722222222222224 0.024078125 0.11352777777777777
2 0.940890625 0.18056944444444442 0.026242187500000003 0.11309722222222224
2 0.0497421875 0.1632361111111111 0.027476562500000003 0.11391666666666667
2 0.262234375 0.06576388888888889 0.0249140625 0.09204166666666666
2 0.5349921875 0.03559722222222222 0.0249375 0.07119444444444444
2 0.6480234375 0.035208333333333335 0.023570312500000003 0.07041666666666667
2 0.12253906249999999 0.09755555555555555 0.0409140625 0.13269444444444445
2 0.2194296875 0.5210555555555556 0.0403203125 0.15466666666666667
2 0.2253671875 0.4481527777777778 0.024328125 0.06513888888888889
2 0.6235234375 0.03191666666666667 0.0258984375 0.06383333333333334
2 0.1897421875 0.5012083333333334 0.034914062499999995 0.1462638888888889
2 0.25109375 0.5107361111111112 0.0371484375 0.137125