2 0.7102890625 0.735111111111111 0.055781250000000004 0.15341666666666665
2 0.9548984375 0.2281527777777778 0.0323671875 0.12990277777777778
2 0.49808593749999996 0.2574444444444445 0.0311953125 0.12480555555555556
2 0.7919296874999999 0.43845833333333334 0.040445312500000004 0.14822222222222223
2 0.8000546875 0.5877361111111111 0.0455703125 0.16881944444444444
2 0.9060312500000001 0.23556944444444447 0.0416015625 0.13355555555555554
2 0.378453125 0.23177777777777778 0.030656250000000003 0.12645833333333334
2 0.5999531250000001 0.8188055555555555 0.050296875 0.20638888888888887
2 0.15594531250000002 0.05494444444444445 0.037601562500000005 0.10591666666666667
2 0.9219375 0.15588888888888888 0.032960937499999995 0.09991666666666667
2 0.888046875 0.08583333333333333 0.0320234375 0.11987500000000001
2 0.9678046874999999 0.6293055555555556 0.0545390625 0.15975
2 0.5780390625 0.11520833333333334 0.0241171875 0.09595833333333334
2 0.5322109375 0.18829166666666666 0.035203125 0.13793055555555556
2 0.38896875 0.03184722222222222 0.0286015625 0.06369444444444444
2 0.0581953125 0.1706388888888889 0.032140625 0.12255555555555554
2 0.13957031250000002 0.5608888888888889 0.042296875 0.17095833333333335
2 0.06085937500000001 0.8340277777777778 0.0589453125 0.17675000000000002
2 0.6128203125 0.46744444444444444 0.03828125 0.140875
2 0.212828125 0.049180555555555554 0.030984374999999998 0.09661111111111112
2 0.625234375 0.1570138888888889 0.0344296875 0.11788888888888888
2 0.3141171875 0.34855555555555556 0.048046875 0.14468055555555556
2 0.3682578125 0.5883472222222222 0.043375000000000004 0.17645833333333333
2 0.639390625 0.14204166666666665 0.026671875 0.12915277777777778
2 0.487421875 0.03251388888888889 0.023554687499999998 0.06504166666666666
2 0.46381249999999996 0.01986111111111111 0.02915625 0.036555555555555556
2 0.9542187500000001 0.020166666666666666 0.020546875 0.04033333333333333
2 0.6890234375000001 0.04847222222222222 0.023578125 0.09256944444444445
2 0.858765625 0.069375 0.018789062500000002 0.10722222222222223
2 0.73140625 0.03372222222222222 0.0229921875 0.06429166666666666
2 0.3124140625 0.24933333333333335 0.031828125 0.08608333333333333
2 0.451828125 0.11552777777777778 0.02834375 0.12168055555555556
2 0.41127343749999995 0.4182777777777778 0.0362265625 0.1493611111111111
2 0.9926640624999999 0.14640277777777777 0.0146796875 0.10220833333333333
2 0.7309375 0.10104166666666667 0.02059375 0.12290277777777778
2 0.42662500000000003 0.11372222222222221 0.027015624999999998 0.12206944444444444
2 0.483 0.11411111111111111 0.030593749999999996 0.10484722222222222
2 0.6677421875 0.07283333333333333 0.01953125 0.07009722222222223
2 0.21525781249999998 0.54125 0.039484375 0.15388888888888888
2 0.2269609375 0.46477777777777773 0.021109375 0.05243055555555556
2 0.19140625 0.5215000000000001 0.038140625 0.14744444444444443
2 0.83825 0.06772222222222223 0.0200390625 0.09643055555555556
2 0.154875 0.00963888888888889 0.026250000000000002 0.018958333333333334
2 0.10540624999999999 0.006625 0.025890625 0.012972222222222222
2 0.24640625 0.526625 0.0476640625 0.13484722222222223