2 0.5687265625 0.351125 0.0345078125 0.1428472222222222
2 0.6168125 0.36313888888888884 0.0287578125 0.11343055555555556
2 0.9598984375 0.48215277777777776 0.0465078125 0.16743055555555555
2 0.438640625 0.06690277777777778 0.02384375 0.11526388888888889
2 0.495109375 0.5823611111111111 0.041328125 0.1527916666666667
2 0.48942968750000004 0.2075138888888889 0.026296874999999997 0.11933333333333333
2 0.9217421874999999 0.2647222222222222 0.039703125 0.13520833333333332
2 0.6695625 0.5186805555555556 0.039765625 0.15155555555555555
2 0.3788671875 0.610625 0.047593750000000004 0.17791666666666667
2 0.28835937500000003 0.5488611111111111 0.0374921875 0.1414027777777778
2 0.37048437500000003 0.18441666666666667 0.029453125000000004 0.12925
2 0.827796875 0.2515277777777778 0.036289062500000004 0.13906944444444444
2 0.5015546875 0.025208333333333333 0.0261953125 0.050402777777777776
2 0.2992578125 0.7091527777777777 0.045640625000000004 0.1721527777777778
2 0.385609375 0.11629166666666667 0.0247265625 0.10972222222222222
2 0.1135234375 0.8173055555555556 0.05765625 0.19745833333333332
2 0.6156875 0.1755 0.027359375000000002 0.11269444444444444
2 0.5085625 0.4502777777777778 0.0445703125 0.15743055555555555
2 0.45881249999999996 0.0659861111111111 0.028078125 0.11390277777777778
2 0.549734375 0.4875833333333333 0.027984375 0.13526388888888888
2 0.7316328125 0.08197222222222222 0.022453124999999997 0.12319444444444445
2 0.12430468750000001 0.07911111111111112 0.0348046875 0.12095833333333333
2 0.9549218749999999 0.159 0.034648437500000004 0.12205555555555556
2 0.530390625 0.02327777777777778 0.021718750000000002 0.04654166666666666
2 0.9306796875 0.15770833333333334 0.032296875 0.10572222222222223
2 0.38334375 0.02347222222222222 0.0236171875 0.04695833333333334
2 0.224390625 0.44665277777777773 0.025671875 0.0645
2 0.05144531249999999 0.15465277777777778 0.0317890625 0.12331944444444445
2 0.22474218750000002 0.0647638888888889 0.0219453125 0.092625
2 0.6556093749999999 0.03648611111111111 0.026960937499999997 0.07297222222222222
2 0.24992968750000003 0.5075555555555555 0.0333671875 0.1328611111111111
2 0.008054687500000001 0.5881111111111111 0.015921875 0.12920833333333334
2 0.6348984375 0.034666666666666665 0.0268828125 0.06933333333333333
2 0.771015625 0.015111111111111112 0.030109375 0.030222222222222223
2 0.21981250000000002 0.5185138888888888 0.042859375 0.15483333333333335
2 0.1909140625 0.5003194444444444 0.034453125 0.14775
2 0.61159375 0.03998611111111111 0.022359375 0.06486111111111112
2 0.5980859374999999 0.006555555555555555 0.01815625 0.013