2 0.5618828125 0.10518055555555555 0.027046874999999998 0.11186111111111112
2 0.500859375 0.14390277777777777 0.029640624999999997 0.11445833333333333
2 0.664859375 0.1646111111111111 0.0292109375 0.1233611111111111
2 0.9143046874999999 0.13954166666666667 0.0453125 0.12081944444444444
2 0.40296093749999995 0.5975 0.03984375 0.148625
2 0.8071484375000001 0.8553888888888889 0.045742187499999996 0.1849861111111111
2 0.9561328124999999 0.5451944444444444 0.049585937499999996 0.16855555555555554
2 0.6718828125 0.8330555555555554 0.043960937500000005 0.15629166666666666
2 0.9442656250000001 0.1094722222222222 0.0304375 0.12148611111111111
2 0.6326562499999999 0.8249305555555556 0.045875 0.1796388888888889
2 0.1103359375 0.2331388888888889 0.048296875 0.14347222222222222
2 0.760671875 0.04611111111111112 0.02559375 0.08919444444444444
2 0.731140625 0.08204166666666667 0.0220078125 0.124875
2 0.5488125 0.9212638888888888 0.061906249999999996 0.1574722222222222
2 0.3840859375 0.26148611111111114 0.0415625 0.1451527777777778
2 0.0380078125 0.16976388888888888 0.034140625 0.11370833333333334
2 0.5324140625 0.14584722222222224 0.025265625000000003 0.10256944444444444
2 0.49887499999999996 0.510361111111111 0.03340625 0.155
2 0.986890625 0.17181944444444444 0.026218750000000002 0.13194444444444445
2 0.676265625 0.03294444444444444 0.0249921875 0.06590277777777778
2 0.550671875 0.1870138888888889 0.0229609375 0.10548611111111111
2 0.644390625 0.03359722222222222 0.0206953125 0.06719444444444445
2 0.5074062500000001 0.04616666666666667 0.030195312499999998 0.09233333333333334
2 0.9784062499999999 0.09994444444444443 0.036375000000000005 0.11297222222222222
2 0.6104375 0.035861111111111114 0.023078124999999998 0.07173611111111111
2 0.592953125 0.045263888888888895 0.018789062500000002 0.06805555555555555
2 0.3731953125 0.017305555555555557 0.0216328125 0.03461111111111111
2 0.251734375 0.5095416666666667 0.0357109375 0.13170833333333334
2 0.216609375 0.5167916666666666 0.045125 0.15593055555555554
2 0.1556484375 0.01113888888888889 0.029179687500000002 0.022125
2 0.42727343749999996 0.06651388888888889 0.014374999999999999 0.0943611111111111
2 0.9893906250000001 0.3385277777777778 0.020874999999999998 0.05401388888888889
2 0.1905859375 0.49540277777777775 0.037593749999999995 0.14819444444444446
2 0.494796875 0.01186111111111111 0.014890625 0.02372222222222222
2 0.228796875 0.45019444444444445 0.01990625 0.053402777777777785
2 0.9887734375000001 0.31948611111111114 0.0219375 0.09726388888888889
2 0.521015625 0.012972222222222222 0.017578125 0.025944444444444444
2 0.0085703125 0.31616666666666665 0.016804687500000002 0.13183333333333333
2 0.008046875 0.6138194444444445 0.015757812500000003 0.12104166666666667
2 0.9886171875 0.2957916666666667 0.0227734375 0.08958333333333333
2 0.5888984374999999 0.04088888888888889 0.0170078125 0.06884722222222223
2 0.238078125 0.9913888888888889 0.049828125 0.017222222222222222
2 0.52584375 0.012583333333333334 0.020859375 0.025027777777777777