2 0.571328125 0.16969444444444445 0.029359375 0.11755555555555555
2 0.658875 0.2522916666666667 0.0321328125 0.13083333333333333
2 0.5205546875 0.9269166666666666 0.049296875000000004 0.13925
2 0.49953906249999996 0.09198611111111112 0.02996875 0.11426388888888889
2 0.0389765625 0.17247222222222222 0.0345703125 0.10620833333333334
2 0.7853515625 0.09666666666666666 0.0260625 0.11908333333333333
2 0.11992968749999999 0.9034583333333334 0.055929687500000005 0.19309722222222223
2 0.49126562500000004 0.39418055555555553 0.034937499999999996 0.1418611111111111
2 0.4039921875 0.7492361111111112 0.0416796875 0.162
2 0.26040625 0.8540694444444443 0.04628125 0.15309722222222222
2 0.5296406250000001 0.09455555555555556 0.022382812499999998 0.09695833333333334
2 0.9476171875 0.4396388888888889 0.0453984375 0.14804166666666668
2 0.545765625 0.7557916666666666 0.053976562500000005 0.20166666666666666
2 0.4955625 0.02659722222222222 0.0253515625 0.05319444444444444
2 0.6535390624999999 0.6480138888888889 0.037875 0.14288888888888887
2 0.378859375 0.3515833333333333 0.045179687499999996 0.15522222222222223
2 0.458484375 0.023291666666666665 0.0188515625 0.04658333333333333
2 0.729546875 0.07958333333333333 0.0209375 0.11848611111111111
2 0.435234375 0.02297222222222222 0.0194296875 0.04595833333333334
2 0.5482265625 0.2632361111111111 0.02240625 0.12041666666666667
2 0.662125 0.06333333333333334 0.026726562500000002 0.10537500000000001
2 0.75534375 0.9692222222222223 0.057835937500000004 0.06155555555555556
2 0.6464531250000001 0.03161111111111111 0.024015625 0.06320833333333332
2 0.12042968750000001 0.1663888888888889 0.0383671875 0.126
2 0.392390625 0.02047222222222222 0.017484375 0.04093055555555555
2 0.3689921875 0.04752777777777777 0.0279296875 0.09504166666666668
2 0.0712421875 0.016958333333333336 0.026382812500000002 0.033902777777777775
2 0.21853906250000002 0.5195972222222223 0.042726562499999995 0.15080555555555555
2 0.6110625 0.037875 0.0280703125 0.07575
2 0.9883046875 0.26576388888888886 0.0233828125 0.124
2 0.234328125 0.4484444444444444 0.025234374999999996 0.06673611111111111
2 0.9505234375 0.01620833333333333 0.027945312500000003 0.03240277777777777
2 0.2500234375 0.5129305555555556 0.03721875 0.12666666666666668
2 0.188640625 0.504875 0.032 0.13943055555555556
2 0.3559609375 0.06233333333333334 0.0220625 0.107625
2 0.9710078125000001 0.2637916666666667 0.0300546875 0.10580555555555557
2 0.977875 0.17975 0.0442578125 0.16170833333333334
2 0.59153125 0.046875 0.017249999999999998 0.05279166666666667