2 0.4951484375 0.36518055555555556 0.03609375 0.13844444444444445
2 0.93334375 0.27020833333333333 0.036843749999999995 0.1403611111111111
2 0.5904921875 0.20266666666666666 0.028828125 0.1055138888888889
2 0.6392187500000001 0.9337638888888888 0.0546015625 0.1324722222222222
2 0.9520937500000001 0.35475 0.041375 0.1318888888888889
2 0.863265625 0.6733055555555555 0.050164062499999995 0.1631111111111111
2 0.87140625 0.8258888888888889 0.052625 0.17327777777777778
2 0.5694375 0.6028333333333333 0.0438515625 0.16729166666666667
2 0.544109375 0.8210694444444444 0.035703125 0.15636111111111112
2 0.6244375 0.3319722222222222 0.033187499999999995 0.12540277777777778
2 0.891875 0.4563333333333333 0.047531250000000004 0.1565138888888889
2 0.11285156249999999 0.91025 0.0585234375 0.1795138888888889
2 0.10018750000000001 0.7833749999999999 0.054781250000000004 0.18129166666666666
2 0.3852578125 0.12156944444444445 0.0253359375 0.11594444444444445
2 0.511796875 0.04630555555555556 0.023 0.08523611111111111
2 0.37307812500000004 0.9613750000000001 0.05865625 0.07723611111111112
2 0.31728125 0.45981944444444445 0.054015625 0.16594444444444445
2 0.5920625 0.828125 0.046453125 0.16244444444444445
2 0.9899531250000001 0.2155 0.02009375 0.11520833333333334
2 0.731234375 0.09069444444444444 0.02484375 0.12833333333333335
2 0.5368125 0.2803472222222222 0.038328125000000005 0.14500000000000002
2 0.3774765625 0.3823472222222222 0.037359375 0.15441666666666667
2 0.31565625 0.3534861111111111 0.033218750000000005 0.10065277777777777
2 0.24030468749999997 0.018236111111111113 0.0303046875 0.036472222222222225
2 0.9053125 0.15020833333333333 0.03303125 0.12480555555555556
2 0.398296875 0.2794861111111111 0.0291015625 0.12944444444444445
2 0.6092734375 0.06579166666666666 0.027875 0.10862499999999999
2 0.0220546875 0.5531805555555556 0.044109375 0.18326388888888887
2 0.624859375 0.05875 0.02475 0.11415277777777777
2 0.701953125 0.049624999999999996 0.028765625 0.09908333333333334
2 0.991046875 0.3433888888888889 0.0179140625 0.11811111111111113
2 0.0787421875 0.09631944444444443 0.026046875000000004 0.09744444444444444
2 0.060757812499999994 0.1635138888888889 0.026375 0.11280555555555555
2 0.428203125 0.10211111111111111 0.024210937499999998 0.11918055555555555
2 0.13746875 0.03615277777777778 0.0386328125 0.07023611111111111
2 0.6630703125 0.05280555555555556 0.029109375 0.09466666666666666
2 0.4852890625 0.10230555555555555 0.027578125 0.12063888888888889
2 0.5755312499999999 0.01526388888888889 0.028914062499999997 0.03051388888888889
2 0.4594765625 0.10755555555555556 0.031406250000000004 0.12559722222222222
2 0.9516718750000001 0.014305555555555556 0.0184921875 0.02861111111111111
2 0.584453125 0.8842361111111111 0.04715625 0.07584722222222222
2 0.8876406250000001 0.09641666666666666 0.026890625 0.10195833333333333
2 0.1919296875 0.5132222222222222 0.033359375000000004 0.1463888888888889
2 0.8726953125 0.10568055555555556 0.022578124999999998 0.10476388888888889
2 0.226890625 0.45894444444444443 0.020624999999999998 0.0525
2 0.21877343749999997 0.5312083333333334 0.043687500000000004 0.14966666666666667
2 0.25446875 0.5320972222222222 0.047375 0.14354166666666665
2 0.66646875 0.033805555555555554 0.0220859375 0.06761111111111111
2 0.6662265625 0.01625 0.0210546875 0.0325
2 0.272421875 0.008194444444444445 0.02240625 0.01627777777777778