2 0.8135468749999999 0.1812777777777778 0.029671874999999997 0.13036111111111112
2 0.627921875 0.4855277777777778 0.032296875 0.12755555555555556
2 0.569140625 0.260875 0.031101562500000002 0.12790277777777778
2 0.49985937500000005 0.04758333333333333 0.027023437500000004 0.092625
2 0.369375 0.11268055555555555 0.028945312499999997 0.12305555555555554
2 0.6643828125 0.38633333333333336 0.0368359375 0.1453888888888889
2 0.2974765625 0.8720277777777778 0.054304687500000004 0.18155555555555555
2 0.3862578125 0.05443055555555555 0.02653125 0.09991666666666667
2 0.4854765625 0.2877361111111111 0.029664062499999998 0.1314722222222222
2 0.9338046875 0.3401111111111111 0.040140625 0.12979166666666667
2 0.5070390625 0.7307638888888889 0.044765624999999996 0.16169444444444445
2 0.0423046875 0.7132222222222222 0.051390625 0.17069444444444445
2 0.5222890625 0.5746527777777778 0.042828125 0.16823611111111111
2 0.46363281250000005 0.04623611111111111 0.0268359375 0.09045833333333332
2 0.421375 0.9455138888888889 0.0491796875 0.10895833333333334
2 0.9732734375 0.2064027777777778 0.0329140625 0.11966666666666666
2 0.62834375 0.12368055555555556 0.031148437499999997 0.11331944444444444
2 0.376265625 0.4850972222222222 0.0463203125 0.16975
2 0.53340625 0.04674999999999999 0.020046875 0.08940277777777779
2 0.438828125 0.04961111111111111 0.025257812499999997 0.09583333333333334
2 0.9503046875000001 0.20516666666666666 0.028671875000000003 0.10891666666666668
2 0.9820390625 0.6348472222222222 0.035921875 0.18287499999999998
2 0.28288281249999997 0.6813472222222222 0.0426171875 0.1567361111111111
2 0.730828125 0.08216666666666667 0.0234140625 0.12705555555555556
2 0.144984375 0.9673194444444445 0.0566640625 0.06534722222222222
2 0.6441796875 0.033819444444444444 0.021078125 0.06763888888888889
2 0.8598359375 0.019569444444444445 0.04121875 0.03913888888888889
2 0.28884375 0.06369444444444444 0.029625000000000002 0.09706944444444444
2 0.0385859375 0.17052777777777778 0.0351328125 0.12101388888888888
2 0.5500546875000001 0.37654166666666666 0.0251328125 0.12394444444444444
2 0.1214375 0.11688888888888889 0.036296875 0.12625
2 0.6165078125 0.030666666666666665 0.0268984375 0.06133333333333333
2 0.2233671875 0.44848611111111114 0.026664062500000002 0.059750000000000004
2 0.2194296875 0.5216944444444445 0.042960937500000004 0.1521111111111111
2 0.992796875 0.025958333333333337 0.01440625 0.05190277777777778
2 0.6012578125 0.043152777777777776 0.022789062500000002 0.06838888888888889
2 0.192625 0.49566666666666664 0.036734375 0.14248611111111112
2 0.251625 0.5077083333333333 0.0382578125 0.1359861111111111
2 0.946328125 0.006930555555555556 0.0223125 0.013541666666666667