2 0.7821875 0.5119305555555556 0.041109375 0.1531388888888889
2 0.6133671875 0.5398055555555555 0.037921875 0.15052777777777776
2 0.76690625 0.7345416666666666 0.059484375 0.17808333333333334
2 0.641203125 0.18375000000000002 0.029890624999999997 0.1285
2 0.88578125 0.06436111111111112 0.033210937499999996 0.11366666666666667
2 0.41099218750000005 0.4978611111111111 0.0380546875 0.15093055555555557
2 0.7723984374999999 0.36701388888888886 0.0360625 0.1406111111111111
2 0.12074218750000001 0.0953611111111111 0.035328125 0.10611111111111111
2 0.62321875 0.9359999999999999 0.0565625 0.12066666666666666
2 0.3854375 0.29444444444444445 0.0326875 0.13925
2 0.49692187499999996 0.22441666666666668 0.0331328125 0.12555555555555556
2 0.5771953125 0.09252777777777778 0.021976562499999998 0.0905138888888889
2 0.151765625 0.485625 0.038046875 0.1549861111111111
2 0.9472890625 0.19158333333333333 0.030117187499999996 0.113125
2 0.5296406250000001 0.1547638888888889 0.034648437500000004 0.1299861111111111
2 0.0398359375 0.8165277777777777 0.058851562499999996 0.1797083333333333
2 0.366734375 0.6959861111111111 0.044929687499999996 0.19065277777777778
2 0.9564453125 0.024125 0.0232890625 0.048236111111111105
2 0.6920625 0.05461111111111111 0.022234375 0.09202777777777779
2 0.3907734375 0.050736111111111114 0.034390625 0.09869444444444445
2 0.8972031250000001 0.19969444444444445 0.045875 0.12766666666666668
2 0.314671875 0.3218888888888889 0.04740625 0.13230555555555557
2 0.618765625 0.2002361111111111 0.025062499999999998 0.12316666666666667
2 0.7376171874999999 0.03898611111111111 0.023625 0.072125
2 0.8499531250000001 0.064125 0.027523437499999998 0.10194444444444445
2 0.4771640625 0.14331944444444444 0.026289062499999998 0.1082638888888889
2 0.08590624999999999 0.025097222222222222 0.027640625000000002 0.050194444444444444
2 0.0603984375 0.17781944444444445 0.033960937499999996 0.11968055555555555
2 0.9832890624999999 0.7468194444444445 0.0334140625 0.10651388888888888
2 0.43009375 0.13359722222222223 0.0304765625 0.12175
2 0.197484375 0.07656944444444445 0.0342578125 0.11934722222222223
2 0.9131796874999999 0.11505555555555556 0.034414062499999995 0.08388888888888889
2 0.31217968749999997 0.22166666666666665 0.03425 0.09159722222222223
2 0.834171875 0.06445833333333333 0.0208203125 0.09890277777777777
2 0.4552578125 0.12670833333333334 0.0241171875 0.12206944444444444
2 0.7347109374999999 0.11018055555555556 0.0241328125 0.12354166666666667
2 0.19609375 0.535875 0.0423515625 0.15170833333333333
2 0.22666406249999999 0.47344444444444445 0.022382812499999998 0.04897222222222222
2 0.189234375 0.021055555555555557 0.0325078125 0.04209722222222222
2 0.48139843750000005 0.034319444444444444 0.015328125000000001 0.06862499999999999
2 0.993765625 0.13105555555555556 0.0123359375 0.10434722222222222
2 0.25313281249999997 0.5345972222222223 0.036609375 0.13958333333333334
2 0.4190078125 0.006458333333333334 0.023929687499999998 0.012486111111111111
2 0.0531015625 0.8879305555555554 0.034171875000000004 0.05627777777777778
2 0.6737265625 0.08095833333333333 0.021492187500000003 0.06813888888888889
2 0.21859375 0.551625 0.047796875 0.15191666666666667
2 0.16478125 0.005541666666666667 0.0232421875 0.010958333333333332