2 0.5810390625 0.7209722222222222 0.04428125 0.16468055555555555
2 0.8278437500000001 0.6924583333333333 0.0477265625 0.17811111111111114
2 0.4973515625 0.30365277777777777 0.0325234375 0.12740277777777778
2 0.6498359375 0.7603888888888889 0.056820312500000004 0.15512499999999999
2 0.93434375 0.55175 0.045015625 0.15904166666666666
2 0.8163750000000001 0.5279305555555556 0.0395078125 0.14781944444444445
2 0.8940312499999999 0.11459722222222223 0.034499999999999996 0.12152777777777778
2 0.6192968750000001 0.41001388888888884 0.035414062499999996 0.13084722222222223
2 0.9282734375 0.2876944444444444 0.0394765625 0.1299722222222222
2 0.021843750000000002 0.11805555555555555 0.0379609375 0.09579166666666666
2 0.192046875 0.03870833333333334 0.037390625 0.07743055555555556
2 0.37871875 0.1804861111111111 0.02784375 0.12219444444444445
2 0.6158203125 0.11723611111111111 0.0278515625 0.116125
2 0.40523437500000004 0.3543472222222222 0.0323125 0.13891666666666666
2 0.5839609375 0.15769444444444444 0.025171875 0.09980555555555555
2 0.1278359375 0.6541250000000001 0.048234375 0.188125
2 0.9772421874999999 0.2778611111111111 0.03375 0.13094444444444445
2 0.0910234375 0.8843611111111112 0.06103125 0.18294444444444444
2 0.568546875 0.9520138888888889 0.039625 0.0959861111111111
2 0.3200546875 0.4034861111111111 0.044664062500000004 0.1448611111111111
2 0.926421875 0.20741666666666667 0.0364453125 0.12740277777777778
2 0.72875 0.09918055555555555 0.022078125 0.1228888888888889
2 0.534640625 0.22858333333333336 0.0370234375 0.143375
2 0.6816953125 0.04597222222222223 0.023429687499999997 0.08981944444444445
2 0.3688984375 0.49048611111111107 0.0420234375 0.17494444444444443
2 0.058234375000000005 0.169 0.03265625 0.12180555555555556
2 0.953515625 0.020083333333333335 0.020703125 0.04016666666666667
2 0.631328125 0.10668055555555556 0.027492187499999998 0.12315277777777778
2 0.71746875 0.04611111111111112 0.025046875000000003 0.0922361111111111
2 0.48445312500000004 0.06802777777777777 0.0225625 0.11306944444444444
2 0.23425781250000002 0.03220833333333333 0.031046875 0.06441666666666666
2 0.14609375 0.02175 0.025718750000000002 0.0435
2 0.45534375000000005 0.11549999999999999 0.027203125 0.11979166666666667
2 0.506671875 0.018916666666666665 0.029046875 0.03781944444444445
2 0.8681640625 0.079875 0.0244296875 0.10515277777777778
2 0.9918906249999999 0.1679166666666667 0.0162265625 0.11268055555555555
2 0.3152109375 0.2974583333333333 0.041749999999999995 0.09369444444444444
2 0.849734375 0.08290277777777777 0.0235625 0.10127777777777779
2 0.4284921875 0.10759722222222222 0.0261640625 0.12004166666666667
2 0.2251796875 0.4709861111111111 0.0261171875 0.06237499999999999
2 0.49964062499999995 0.07515277777777778 0.021406249999999998 0.10879166666666666
2 0.399984375 0.01573611111111111 0.025507812499999998 0.03136111111111111
2 0.189875 0.5176805555555556 0.035171875000000005 0.14209722222222224
2 0.6638359375 0.07673611111111112 0.0204921875 0.058236111111111113
2 0.21911718750000003 0.5365833333333333 0.0445 0.15280555555555556
2 0.25359375 0.5253194444444444 0.044203124999999996 0.13516666666666666
2 0.1384609375 0.026333333333333334 0.0312734375 0.049652777777777775