2 0.5880625 0.1637361111111111 0.0265703125 0.10055555555555556
2 0.8420703125 0.7090138888888889 0.0495 0.16815277777777776
2 0.6413125 0.7576527777777777 0.03915625 0.14804166666666668
2 0.9259453125 0.21976388888888887 0.03675 0.1322222222222222
2 0.6203046875 0.39145833333333335 0.034296875 0.12725
2 0.4960234375 0.3207361111111111 0.032859375 0.12640277777777778
2 0.931765625 0.30577777777777776 0.0408359375 0.14122222222222222
2 0.382453125 0.17019444444444445 0.026773437500000004 0.11994444444444444
2 0.5781015625 0.7002916666666666 0.0478828125 0.1845277777777778
2 0.5643906249999999 0.9289166666666667 0.038625 0.1347361111111111
2 0.9178828125 0.5377083333333333 0.048085937499999995 0.16683333333333333
2 0.8298671875 0.5636944444444445 0.0432734375 0.15188888888888888
2 0.40571875 0.3346388888888889 0.031578125 0.13104166666666667
2 0.1217265625 0.6752916666666666 0.05103124999999999 0.17930555555555555
2 0.895671875 0.12413888888888888 0.0326484375 0.11691666666666668
2 0.026203125 0.11266666666666668 0.0263125 0.09994444444444443
2 0.6134999999999999 0.10633333333333334 0.028648437500000002 0.11320833333333334
2 0.5332109375 0.23761111111111113 0.0363046875 0.14281944444444444
2 0.9789843749999999 0.28304166666666664 0.0362734375 0.13906944444444444
2 0.0581953125 0.16644444444444445 0.030367187499999997 0.12180555555555556
2 0.09465625 0.896 0.0596484375 0.17505555555555558
2 0.7302187499999999 0.09869444444444445 0.0241484375 0.12418055555555554
2 0.520328125 0.019375 0.0216328125 0.03875
2 0.37040625 0.4583611111111111 0.039515625 0.1604861111111111
2 0.2409921875 0.024805555555555556 0.0210703125 0.04961111111111111
2 0.629390625 0.09322222222222223 0.02665625 0.12159722222222222
2 0.201609375 0.034152777777777775 0.0272578125 0.06831944444444445
2 0.679171875 0.045222222222222226 0.0217578125 0.09044444444444445
2 0.32253125 0.41636111111111107 0.0457265625 0.1442361111111111
2 0.42700781250000003 0.1078611111111111 0.0237421875 0.11531944444444445
2 0.8768984375000001 0.07125 0.020046875 0.07884722222222222
2 0.9532812500000001 0.018166666666666668 0.018070312499999998 0.036333333333333336
2 0.22421875 0.46520833333333333 0.026382812500000002 0.06143055555555555
2 0.502390625 0.06813888888888889 0.021625 0.10252777777777777
2 0.3142109375 0.3043611111111111 0.033210937499999996 0.10077777777777779
2 0.45827343750000005 0.11191666666666666 0.0295859375 0.12323611111111112
2 0.6635234375 0.05609722222222222 0.0239453125 0.098625
2 0.4845390625 0.07366666666666667 0.022796875 0.11370833333333334
2 0.7131406250000001 0.03729166666666667 0.023828125 0.07458333333333333
2 0.1906875 0.5176944444444445 0.0369296875 0.1433472222222222
2 0.8537578124999999 0.08797222222222223 0.018914062500000002 0.10534722222222222
2 0.9914140625 0.1776111111111111 0.0171640625 0.09518055555555556
2 0.2523359375 0.5233194444444444 0.0391875 0.1342361111111111
2 0.22049218750000002 0.5380277777777778 0.044453124999999996 0.153625
2 0.135078125 0.025708333333333337 0.0257265625 0.05141666666666667
2 0.1468203125 0.02225 0.0237734375 0.0445
2 0.40171093750000003 0.010597222222222221 0.02134375 0.020847222222222222
2 0.9942421875 0.009569444444444445 0.0112109375 0.018541666666666665
2 0.5096875 0.06527777777777778 0.0238359375 0.10423611111111111