2 0.56959375 0.28141666666666665 0.0315 0.128625
2 0.1372265625 0.9315277777777778 0.05365625 0.13695833333333332
2 0.623140625 0.4558888888888889 0.03665625 0.12818055555555558
2 0.8176171875 0.19734722222222223 0.0309609375 0.12936111111111112
2 0.2968203125 0.8290972222222223 0.0502265625 0.18356944444444442
2 0.03234375 0.6787222222222222 0.052046875000000006 0.1602638888888889
2 0.9773828124999999 0.5878333333333333 0.045242187499999996 0.17018055555555556
2 0.5021015625 0.044444444444444446 0.029328125 0.08602777777777777
2 0.48660156250000003 0.2652361111111111 0.0299609375 0.12652777777777777
2 0.9715390625 0.19133333333333333 0.033625 0.11169444444444444
2 0.9268124999999999 0.3228888888888889 0.0412421875 0.14202777777777778
2 0.5015468750000001 0.6835277777777777 0.043679687499999995 0.15694444444444444
2 0.280234375 0.6354166666666666 0.040031250000000004 0.14119444444444443
2 0.6682890625 0.4231666666666667 0.0351328125 0.1450972222222222
2 0.37596093750000004 0.5124722222222222 0.045859375 0.17170833333333332
2 0.5182734375 0.5507083333333334 0.0463125 0.17769444444444443
2 0.36934374999999997 0.12755555555555556 0.028609375 0.12530555555555556
2 0.53434375 0.041180555555555554 0.0206875 0.0777638888888889
2 0.6260234375 0.13531944444444446 0.026750000000000003 0.10205555555555557
2 0.3851796875 0.07231944444444445 0.026687499999999996 0.10829166666666666
2 0.4606328125 0.05497222222222222 0.025742187500000003 0.10520833333333333
2 0.9454140625 0.1911111111111111 0.033773437499999996 0.109
2 0.42280468750000005 0.9694583333333333 0.053859375 0.06106944444444444
2 0.045203125 0.16572222222222222 0.033390625 0.11502777777777777
2 0.439546875 0.05652777777777778 0.0244296875 0.10933333333333334
2 0.7315859375 0.08318055555555556 0.0231796875 0.127
2 0.1229921875 0.11447222222222223 0.0423671875 0.13229166666666667
2 0.5506953125 0.4075277777777778 0.023515625000000002 0.13309722222222223
2 0.8399531250000001 0.01911111111111111 0.037234375 0.03823611111111111
2 0.646046875 0.034944444444444445 0.0240078125 0.06990277777777777
2 0.27396875 0.06529166666666666 0.022328124999999997 0.09530555555555556
2 0.21875781249999998 0.5191527777777778 0.0412421875 0.1535
2 0.22498437500000001 0.44873611111111106 0.025500000000000002 0.06297222222222222
2 0.18953906250000002 0.5013333333333333 0.0344921875 0.14708333333333334
2 0.62071875 0.03179166666666667 0.0224296875 0.06359722222222222
2 0.2508359375 0.5097777777777778 0.03659375 0.13390277777777776
2 0.60359375 0.041999999999999996 0.021367187500000002 0.06698611111111111