2 0.81275 0.6207638888888889 0.0445703125 0.1577361111111111
2 0.5815 0.12920833333333334 0.024054687499999998 0.09402777777777778
2 0.8914296875 0.095375 0.032078125 0.11647222222222223
2 0.38113281250000003 0.21309722222222224 0.0293515625 0.1281111111111111
2 0.8012109374999999 0.47294444444444445 0.04065625 0.14543055555555554
2 0.49712500000000004 0.27681944444444445 0.0307265625 0.12465277777777778
2 0.1375859375 0.5859027777777778 0.0513828125 0.17344444444444443
2 0.5943984375 0.7872222222222222 0.048484375 0.18472222222222223
2 0.6942734374999999 0.7332500000000001 0.041640625 0.14959722222222221
2 0.6258203124999999 0.14191666666666666 0.038140625 0.12131944444444444
2 0.952171875 0.5934861111111112 0.047484375 0.1595
2 0.3908671875 0.024722222222222222 0.028515625 0.049444444444444444
2 0.9150390625 0.2519722222222222 0.042226562499999995 0.14159722222222224
2 0.6139375 0.4405833333333334 0.035859375 0.13156944444444446
2 0.4085078125 0.38997222222222216 0.032171875 0.13629166666666667
2 0.9645390624999999 0.24945833333333337 0.0378046875 0.12662500000000002
2 0.5318203125000001 0.20651388888888889 0.036125000000000004 0.13744444444444442
2 0.9228828124999999 0.16447222222222221 0.03265625 0.09904166666666667
2 0.07764062499999999 0.8507916666666667 0.0626796875 0.2127638888888889
2 0.0591015625 0.16918055555555556 0.03215625 0.12356944444444444
2 0.2214453125 0.04172222222222222 0.036140624999999996 0.08094444444444444
2 0.16553125 0.04993055555555556 0.035398437500000005 0.09987499999999999
2 0.9539296875 0.020125 0.02096875 0.04025
2 0.6846953124999999 0.04708333333333333 0.022468750000000003 0.09073611111111111
2 0.36996875 0.5414444444444444 0.0388359375 0.17006944444444444
2 0.451703125 0.11481944444444445 0.030140624999999997 0.12652777777777777
2 0.489796875 0.09527777777777777 0.028445312499999997 0.11558333333333333
2 0.727546875 0.08080555555555556 0.0284921875 0.16159722222222223
2 0.3170546875 0.3657777777777778 0.043984375 0.13
2 0.857546875 0.07211111111111111 0.0241484375 0.10594444444444445
2 0.8410703125 0.07559722222222222 0.0255546875 0.10206944444444443
2 0.3135 0.26805555555555555 0.0372578125 0.09475
2 0.4691328125 0.018916666666666665 0.04146875 0.03781944444444445
2 0.42630468749999995 0.1115138888888889 0.0305859375 0.12602777777777777
2 0.2268515625 0.4649722222222222 0.021203125 0.05409722222222223
2 0.9926875000000001 0.15908333333333335 0.0145078125 0.09908333333333334
2 0.6645859375 0.07534722222222222 0.018578125 0.066125
2 0.1902109375 0.5170694444444445 0.03603125 0.14566666666666667
2 0.21423437500000003 0.5371944444444444 0.0430078125 0.15536111111111112
2 0.2516875 0.5238888888888888 0.038796874999999995 0.13231944444444443
2 0.149640625 0.012319444444444444 0.02103125 0.024638888888888887
2 0.0057265625 0.1445972222222222 0.011 0.053152777777777785