2 0.62978125 0.7673472222222222 0.0403203125 0.15190277777777778
2 0.5875468749999999 0.17234722222222223 0.027437499999999997 0.10429166666666667
2 0.578328125 0.6786388888888889 0.0425546875 0.16940277777777776
2 0.3841640625 0.161375 0.0261328125 0.11666666666666667
2 0.49487500000000006 0.32837500000000003 0.0332890625 0.132625
2 0.9286562500000001 0.2232916666666667 0.03625 0.13180555555555556
2 0.936625 0.3112361111111111 0.0416328125 0.1376388888888889
2 0.8456640625 0.7345972222222221 0.0486640625 0.17494444444444443
2 0.40535156250000004 0.3216111111111111 0.0305859375 0.13227777777777777
2 0.8324140625 0.5701944444444444 0.045203125 0.14288888888888887
2 0.1022734375 0.9034861111111111 0.061664062500000005 0.18090277777777777
2 0.1201875 0.6841666666666667 0.05265625 0.18094444444444444
2 0.9167500000000001 0.5173888888888889 0.0448515625 0.15525
2 0.61965625 0.09806944444444445 0.0398671875 0.12151388888888888
2 0.8987890625 0.1233888888888889 0.0338671875 0.116375
2 0.2094609375 0.03134722222222222 0.02946875 0.06269444444444444
2 0.5595625 0.918 0.041015625 0.15665277777777778
2 0.98153125 0.29841666666666666 0.03665625 0.12884722222222222
2 0.5348124999999999 0.24870833333333334 0.0382109375 0.14320833333333333
2 0.62090625 0.37919444444444445 0.032140625 0.12000000000000001
2 0.371046875 0.45284722222222223 0.038343749999999996 0.1653888888888889
2 0.7307187500000001 0.0975 0.024406249999999997 0.12091666666666667
2 0.0340859375 0.11123611111111112 0.027703125000000002 0.10072222222222221
2 0.5336093749999999 0.018555555555555554 0.0374765625 0.03711111111111111
2 0.24605468749999998 0.021666666666666667 0.02728125 0.043319444444444445
2 0.95409375 0.017819444444444443 0.019171874999999998 0.03563888888888889
2 0.66328125 0.06534722222222222 0.023 0.07648611111111112
2 0.4272265625 0.10708333333333332 0.0231015625 0.1146388888888889
2 0.6770937499999999 0.044833333333333336 0.021578125 0.08965277777777778
2 0.0489140625 0.1589861111111111 0.045164062500000005 0.15059722222222224
2 0.3151640625 0.31319444444444444 0.0338984375 0.09245833333333332
2 0.4597734375 0.1118888888888889 0.027296874999999998 0.118125
2 0.4838125 0.07322222222222222 0.0236015625 0.111875
2 0.3221640625 0.4202916666666667 0.0443203125 0.14294444444444446
2 0.8764062499999999 0.08836111111111111 0.026351562499999998 0.11616666666666667
2 0.5046484375 0.06486111111111112 0.0231796875 0.10816666666666666
2 0.191203125 0.5176527777777777 0.034 0.1431388888888889
2 0.22526562499999997 0.463125 0.0247578125 0.058958333333333335
2 0.8571640625000001 0.0900138888888889 0.021242187500000002 0.10820833333333332
2 0.991625 0.18233333333333335 0.01675 0.10475
2 0.7118984375 0.03397222222222222 0.025523437500000003 0.06794444444444445
2 0.144890625 0.025569444444444443 0.0226875 0.051152777777777776
2 0.134765625 0.024944444444444446 0.0200078125 0.049874999999999996
2 0.25210937499999997 0.5234305555555555 0.0411640625 0.13341666666666668
2 0.21989062499999998 0.5375277777777777 0.0440234375 0.15520833333333334
2 0.40172656250000005 0.0076527777777777774 0.0215859375 0.014902777777777779
2 0.99415625 0.010041666666666667 0.0116484375 0.019555555555555555
2 0.9921562500000001 0.2373611111111111 0.0156875 0.0495