2 0.5693984375000001 0.13658333333333333 0.028015625 0.11254166666666666
2 0.25460937499999997 0.9214027777777777 0.048890625 0.15052777777777776
2 0.6619531249999999 0.2121388888888889 0.0300390625 0.12904166666666667
2 0.6585156249999999 0.6997916666666667 0.040281250000000005 0.1391111111111111
2 0.5023515625 0.108875 0.029476562499999998 0.11444444444444445
2 0.0402265625 0.164375 0.037921875 0.11280555555555555
2 0.40328125000000004 0.6824583333333334 0.0406796875 0.16041666666666668
2 0.3836015625 0.30440277777777774 0.036398437500000005 0.14380555555555558
2 0.7750703125 0.06761111111111111 0.02978125 0.11422222222222221
2 0.9518828125000001 0.47075 0.045765625 0.1482638888888889
2 0.7041953125 0.9146944444444445 0.0513671875 0.1706111111111111
2 0.8056640625 0.9556111111111111 0.0479296875 0.08876388888888888
2 0.7307578125 0.07344444444444445 0.02165625 0.12279166666666666
2 0.531296875 0.1066388888888889 0.023578125 0.10387500000000001
2 0.552171875 0.8257083333333333 0.056523437499999996 0.21416666666666664
2 0.49878906250000005 0.028333333333333332 0.029875000000000002 0.056666666666666664
2 0.67121875 0.04668055555555555 0.027492187499999998 0.09104166666666666
2 0.14071093750000002 0.9461666666666667 0.061750000000000006 0.10765277777777779
2 0.527015625 0.9689027777777778 0.0579609375 0.06219444444444445
2 0.4967734375 0.4316111111111111 0.0312265625 0.14173611111111112
2 0.646375 0.03156944444444444 0.021921875 0.06313888888888888
2 0.9620859375 0.1610138888888889 0.054484374999999995 0.1348611111111111
2 0.5493671875 0.22952777777777778 0.022132812499999998 0.11118055555555555
2 0.9824765624999999 0.2750694444444445 0.035046875 0.12222222222222222
2 0.12071875000000001 0.18551388888888887 0.043390625 0.13941666666666666
2 0.9783593749999999 0.15308333333333332 0.034296875 0.13891666666666666
2 0.6116796875 0.034138888888888885 0.0235078125 0.06827777777777777
2 0.21984374999999998 0.5150694444444445 0.04634375 0.15462499999999998
2 0.9745781250000001 0.10661111111111111 0.0316796875 0.07595833333333334
2 0.2359453125 0.44554166666666667 0.023570312500000003 0.06052777777777778
2 0.460359375 0.017263888888888888 0.016046875 0.03429166666666667
2 0.438 0.013555555555555555 0.01665625 0.02711111111111111
2 0.3658359375 0.02834722222222222 0.023171875 0.05669444444444444
2 0.009945312500000001 0.2945 0.0198203125 0.09765277777777778
2 0.189953125 0.4997361111111111 0.033445312500000005 0.14493055555555553
2 0.2516640625 0.501375 0.04115625 0.1327638888888889
2 0.59440625 0.04390277777777778 0.018109375 0.0628888888888889
2 0.39437500000000003 0.010680555555555556 0.0166328125 0.021152777777777777
2 0.992390625 0.14166666666666666 0.01521875 0.12172222222222222
2 0.9785390625 0.0115 0.032453125 0.022875
2 0.3833046875 0.05363888888888889 0.020015625000000002 0.10727777777777778