2 0.5697421874999999 0.4786805555555555 0.03771875 0.14358333333333334
2 0.48934375 0.4510694444444444 0.035953125 0.14155555555555555
2 0.9180781250000001 0.8687361111111112 0.05647656250000001 0.17769444444444443
2 0.8548203125 0.3610138888888889 0.0379921875 0.14545833333333333
2 0.0675625 0.9313611111111112 0.0640703125 0.1299722222222222
2 0.9412890624999999 0.341125 0.041375 0.1401388888888889
2 0.5392734375 0.664888888888889 0.0318359375 0.14081944444444444
2 0.5972500000000001 0.2627361111111111 0.0268984375 0.10436111111111111
2 0.535109375 0.93475 0.0507890625 0.12330555555555556
2 0.6503359375 0.745361111111111 0.04778125 0.178375
2 0.37756249999999997 0.06526388888888889 0.025015625000000003 0.10966666666666666
2 0.729203125 0.09237500000000001 0.0211953125 0.1235
2 0.60028125 0.04131944444444444 0.032968750000000005 0.082625
2 0.5232109375 0.3515277777777778 0.03640625 0.149
2 0.04890625 0.6538888888888889 0.05550000000000001 0.1954861111111111
2 0.3717421875 0.2953194444444444 0.0322265625 0.1422638888888889
2 0.386578125 0.20872222222222223 0.0275625 0.12441666666666666
2 0.4896953125 0.1413888888888889 0.02396875 0.12022222222222223
2 0.37634375000000003 0.8365694444444445 0.0596953125 0.21270833333333333
2 0.9857578124999999 0.45870833333333333 0.028476562500000004 0.15820833333333334
2 0.4278984375 0.09995833333333333 0.024234375 0.11794444444444445
2 0.055265625 0.15711111111111112 0.0310234375 0.11959722222222222
2 0.6806484375 0.049055555555555554 0.022695312500000002 0.09380555555555556
2 0.62234375 0.26934722222222224 0.02890625 0.11786111111111111
2 0.53325 0.027875 0.025257812499999997 0.0555
2 0.304953125 0.5531527777777777 0.0455 0.17781944444444445
2 0.22335937499999997 0.4558888888888889 0.024984375 0.059541666666666666
2 0.9901249999999999 0.2648611111111111 0.0197421875 0.1108611111111111
2 0.1218046875 0.9789444444444445 0.0535859375 0.042124999999999996
2 0.4573125 0.10170833333333335 0.0290390625 0.12304166666666667
2 0.308859375 0.42725 0.0370703125 0.11672222222222223
2 0.1900546875 0.5108472222222222 0.034984375 0.14019444444444445
2 0.8930312499999999 0.12690277777777778 0.034859375 0.10901388888888888
2 0.1356171875 0.06963888888888889 0.044390625 0.13719444444444445
2 0.21814062500000003 0.5289722222222223 0.040749999999999995 0.1474861111111111
2 0.9101015625000001 0.1931388888888889 0.038109375 0.13270833333333332
2 0.91753125 0.96975 0.0676328125 0.06048611111111111
2 0.9464375 0.011305555555555557 0.0209453125 0.02225
2 0.98915625 0.015611111111111112 0.0210234375 0.031222222222222224
2 0.0050859375 0.9065694444444444 0.009664062499999999 0.09991666666666667
2 0.2500234375 0.5163888888888889 0.036484375 0.12770833333333334
2 0.141578125 0.09773611111111112 0.039054687500000004 0.08055555555555556
2 0.9154843749999999 0.11443055555555556 0.02865625 0.0942361111111111
2 0.65625 0.01863888888888889 0.035140624999999995 0.03729166666666667
2 0.65053125 0.04756944444444444 0.02146875 0.08943055555555555
2 0.5006015625 0.008569444444444444 0.0205390625 0.017013888888888887