2 0.7898046875 0.5446527777777778 0.0430390625 0.15595833333333334
2 0.135765625 0.07894444444444446 0.031406250000000004 0.11295833333333333
2 0.7803828125 0.39412499999999995 0.03725 0.14208333333333334
2 0.6188203125 0.9080555555555555 0.050875000000000004 0.18387499999999998
2 0.3889765625 0.04480555555555555 0.027625 0.08570833333333333
2 0.498171875 0.23963888888888887 0.030640624999999998 0.1249861111111111
2 0.5788203125 0.10230555555555555 0.0232109375 0.09390277777777778
2 0.7530859375000001 0.7389027777777778 0.051984375000000006 0.16625
2 0.0488828125 0.8177638888888888 0.0623515625 0.16833333333333333
2 0.9517031250000001 0.20481944444444444 0.035953125 0.12294444444444444
2 0.6236171875000001 0.1793472222222222 0.0285546875 0.11583333333333334
2 0.8893515624999999 0.073125 0.032046875 0.11876388888888889
2 0.691421875 0.05155555555555555 0.023578125 0.0936388888888889
2 0.98159375 0.6879444444444445 0.0368203125 0.18368055555555557
2 0.1469921875 0.5206805555555556 0.04396875 0.16355555555555557
2 0.3855234375 0.27049999999999996 0.0299375 0.13668055555555556
2 0.5329531249999999 0.17431944444444444 0.0392109375 0.13786111111111113
2 0.6409765625 0.1657361111111111 0.027750000000000004 0.13159722222222223
2 0.9567265624999999 0.022361111111111113 0.02165625 0.04470833333333333
2 0.0606328125 0.17218055555555556 0.0321484375 0.12154166666666667
2 0.41528906250000003 0.46463888888888893 0.0444921875 0.1560277777777778
2 0.20987499999999998 0.06530555555555556 0.030179687500000003 0.10894444444444444
2 0.6079687500000001 0.49879166666666663 0.042421875 0.15281944444444445
2 0.3711171875 0.6442638888888889 0.046515625 0.19370833333333334
2 0.9015625 0.2225138888888889 0.0405859375 0.12470833333333334
2 0.85309375 0.06344444444444444 0.029249999999999998 0.10404166666666666
2 0.7411484374999999 0.08469444444444443 0.031921875 0.1693611111111111
2 0.3125078125 0.23384722222222223 0.0312890625 0.08725
2 0.4165234375 0.022083333333333333 0.030265625 0.04416666666666667
2 0.45323437499999997 0.1217638888888889 0.025109375 0.12008333333333332
2 0.0954609375 0.015347222222222224 0.026187500000000002 0.030694444444444448
2 0.3161484375 0.3264166666666667 0.0475390625 0.14430555555555558
2 0.22684375 0.46975000000000006 0.02390625 0.05575
2 0.42856249999999996 0.12465277777777778 0.026078125 0.125
2 0.193453125 0.5202638888888889 0.0335625 0.14055555555555557
2 0.9169609375000001 0.14847222222222223 0.0305859375 0.12197222222222222
2 0.4848671875 0.035055555555555555 0.0232265625 0.06638888888888889
2 0.73790625 0.03723611111111111 0.0278046875 0.07001388888888889
2 0.4829921875 0.12373611111111112 0.02971875 0.12006944444444445
2 0.2510625 0.5325555555555556 0.0382890625 0.12729166666666666
2 0.8377812499999999 0.06838888888888889 0.018226562499999998 0.10188888888888889
2 0.218171875 0.5475416666666667 0.0392421875 0.14820833333333333
2 0.19891406250000002 0.008597222222222223 0.0306875 0.017069444444444443
2 0.735484375 0.11006944444444444 0.0270078125 0.12273611111111112
2 0.99434375 0.13151388888888887 0.0113125 0.109
2 0.66975 0.07833333333333334 0.018671874999999998 0.06980555555555555
2 0.16271875 0.006430555555555556 0.026718750000000003 0.012722222222222222