2 0.49222656249999996 0.4761388888888889 0.037679687499999996 0.1370138888888889
2 0.3862109375 0.1754861111111111 0.029906250000000002 0.10115277777777777
2 0.5679375 0.44819444444444445 0.036601562500000004 0.14194444444444446
2 0.5994296875 0.2901944444444444 0.0303125 0.11202777777777777
2 0.8477656250000001 0.3355 0.0352421875 0.13949999999999999
2 0.3008203125 0.45822222222222225 0.0343515625 0.12411111111111112
2 0.9478125000000001 0.9178472222222223 0.07075781249999999 0.15779166666666666
2 0.6538359375 0.686 0.046546875 0.16922222222222222
2 0.5983515625 0.033416666666666664 0.0400859375 0.06683333333333333
2 0.9434531249999999 0.37075 0.0433515625 0.14379166666666668
2 0.3745625 0.26219444444444445 0.0323984375 0.13668055555555556
2 0.49047656249999994 0.155 0.027578125 0.12020833333333333
2 0.729390625 0.09002777777777776 0.0201640625 0.12454166666666668
2 0.05771875 0.9732638888888889 0.0585859375 0.05347222222222222
2 0.30134375 0.5975555555555556 0.047343750000000004 0.15566666666666668
2 0.6211796875 0.24384722222222222 0.0294375 0.1187361111111111
2 0.5436015624999999 0.6144305555555556 0.029203125000000003 0.14183333333333334
2 0.5207890625 0.3757222222222222 0.0375703125 0.15480555555555556
2 0.4567734375 0.09743055555555556 0.028296875 0.12056944444444445
2 0.3810390625 0.781625 0.0563125 0.21830555555555556
2 0.527921875 0.9711111111111111 0.054328125000000005 0.057791666666666665
2 0.9123359375 0.21533333333333332 0.035265625 0.1229861111111111
2 0.37789843749999996 0.05347222222222222 0.0229140625 0.10165277777777777
2 0.4274296875 0.09431944444444444 0.0243984375 0.12029166666666667
2 0.062484375 0.6786805555555555 0.05878124999999999 0.179375
2 0.1255625 0.05506944444444444 0.030593749999999996 0.1072361111111111
2 0.05334375 0.15743055555555555 0.0341796875 0.11986111111111111
2 0.925796875 0.12073611111111113 0.0253828125 0.09030555555555556
2 0.6771015625000001 0.04623611111111111 0.03178125 0.09019444444444444
2 0.189984375 0.5095555555555555 0.033703125 0.13775
2 0.9910859375 0.2838611111111111 0.017828125 0.11690277777777779
2 0.1614140625 0.0797361111111111 0.026976562500000002 0.09730555555555556
2 0.24907812499999998 0.5151666666666667 0.031484374999999995 0.1358888888888889
2 0.222421875 0.45605555555555555 0.0251875 0.05447222222222222
2 0.219484375 0.5282638888888889 0.039 0.14919444444444444
2 0.8989765625 0.13441666666666666 0.025039062499999997 0.09874999999999999
2 0.9936640625000001 0.018972222222222224 0.0123515625 0.03795833333333333
2 0.6463984375 0.035180555555555555 0.024085937499999998 0.07036111111111111
2 0.5386171875 0.021722222222222223 0.019578125 0.043250000000000004
2 0.9460703125000001 0.010472222222222223 0.019164062500000002 0.020527777777777777
2 0.6223984375 0.04386111111111111 0.0265859375 0.057402777777777775
2 0.5022031250000001 0.013430555555555555 0.01915625 0.026791666666666665
2 0.9907031249999999 0.5073194444444444 0.01859375 0.10038888888888889