2 0.5623515625 0.106 0.02678125 0.10993055555555556
2 0.4025546875 0.6037083333333334 0.039382812499999996 0.15175
2 0.9195625 0.14225000000000002 0.047125 0.12233333333333334
2 0.664578125 0.1713888888888889 0.0285078125 0.12234722222222223
2 0.5001640625 0.14093055555555556 0.029671874999999997 0.11704166666666665
2 0.9539375 0.5308333333333333 0.0489921875 0.136875
2 0.7627734375 0.04881944444444444 0.0258671875 0.09541666666666668
2 0.5489765625 0.9169027777777777 0.058914062499999996 0.16619444444444445
2 0.531734375 0.14218055555555556 0.026046875000000004 0.1025
2 0.0376484375 0.16955555555555554 0.0313515625 0.11286111111111112
2 0.8061953125000001 0.8833055555555556 0.045953125 0.2009027777777778
2 0.7309765625 0.08130555555555555 0.0217890625 0.1250138888888889
2 0.3796953125 0.2730277777777778 0.044484375 0.15540277777777778
2 0.550390625 0.18969444444444447 0.02346875 0.10865277777777778
2 0.9468984375 0.1093888888888889 0.0281796875 0.11544444444444445
2 0.10972656249999999 0.22777777777777777 0.044734375 0.13697222222222222
2 0.49874999999999997 0.5037777777777778 0.03509375 0.1585
2 0.67521875 0.034583333333333334 0.0248828125 0.06915277777777777
2 0.6711171874999999 0.817375 0.0424140625 0.15770833333333334
2 0.9865 0.1750972222222222 0.0270078125 0.1257638888888889
2 0.9884609375 0.30497222222222226 0.023078124999999998 0.11448611111111112
2 0.644546875 0.03315277777777778 0.0199609375 0.06631944444444444
2 0.6103359375 0.03565277777777778 0.022921875 0.07130555555555557
2 0.507203125 0.04719444444444444 0.02884375 0.094375
2 0.593171875 0.04644444444444444 0.01921875 0.06766666666666667
2 0.97965625 0.10280555555555555 0.0377421875 0.11583333333333334
2 0.372375 0.018000000000000002 0.0211328125 0.036000000000000004
2 0.23751562499999998 0.9847361111111111 0.055578125 0.03051388888888889
2 0.21853125 0.5191527777777778 0.043679687499999995 0.15458333333333332
2 0.2293984375 0.4490833333333333 0.0196953125 0.05316666666666667
2 0.25234375 0.5097222222222222 0.0375859375 0.13459722222222223
2 0.424359375 0.0652361111111111 0.019 0.09674999999999999
2 0.1909375 0.4959861111111111 0.0374453125 0.14841666666666667
2 0.638296875 0.8342083333333333 0.045742187499999996 0.17679166666666668
2 0.0068203125 0.6084583333333333 0.01340625 0.1441111111111111
2 0.0077578125 0.3143333333333333 0.01525 0.12200000000000001
2 0.5200781250000001 0.012166666666666666 0.0180390625 0.024333333333333332
2 0.5891640625 0.041652777777777775 0.0177734375 0.06797222222222223
2 0.4961171875 0.010805555555555556 0.017625 0.021500000000000002
2 0.4393515625 0.008 0.0190234375 0.01597222222222222