2 0.50184375 0.15044444444444444 0.0334921875 0.11876388888888889
2 0.6654765625 0.15181944444444445 0.028953125000000003 0.12091666666666667
2 0.6748515625 0.8433888888888889 0.044179687499999995 0.14477777777777778
2 0.9053281249999999 0.1316388888888889 0.03875 0.11827777777777777
2 0.5611953125 0.10293055555555555 0.027710937499999998 0.11666666666666667
2 0.9721562499999999 0.09572222222222222 0.033710937499999996 0.11318055555555555
2 0.9591796875 0.5530138888888889 0.0496640625 0.1562638888888889
2 0.1086640625 0.23609722222222224 0.0451328125 0.13975
2 0.8060937499999999 0.8356944444444445 0.0498359375 0.1868611111111111
2 0.3889140625 0.25355555555555553 0.0385390625 0.14255555555555555
2 0.40308593750000005 0.5869583333333334 0.0395859375 0.15708333333333332
2 0.5003828125 0.5180277777777778 0.033953125 0.1520138888888889
2 0.67671875 0.028999999999999998 0.025523437500000003 0.057999999999999996
2 0.938640625 0.09619444444444446 0.0318515625 0.11486111111111111
2 0.7316328125 0.08226388888888889 0.0231484375 0.12468055555555554
2 0.9856406249999999 0.16677777777777777 0.0287109375 0.12958333333333333
2 0.7579453125 0.044180555555555556 0.0253359375 0.0855
2 0.0381640625 0.16925 0.034749999999999996 0.11509722222222223
2 0.6289921875 0.8006111111111112 0.0451328125 0.19655555555555557
2 0.532046875 0.15288888888888888 0.0253046875 0.10211111111111111
2 0.5469296875 0.928625 0.067328125 0.14275
2 0.5077421875 0.048777777777777774 0.0307265625 0.09754166666666667
2 0.6444375 0.033541666666666664 0.019523437499999997 0.06708333333333333
2 0.610375 0.03588888888888889 0.0235390625 0.07179166666666667
2 0.5505312499999999 0.18375000000000002 0.0230078125 0.10941666666666666
2 0.7773984375 0.9792361111111111 0.051992187499999995 0.04151388888888889
2 0.5926640625 0.04594444444444444 0.018296875 0.06652777777777777
2 0.010132812500000001 0.3325694444444444 0.019703125 0.13351388888888888
2 0.2501875 0.5131388888888888 0.03403125 0.12731944444444446
2 0.9895156249999999 0.3192638888888889 0.020515625000000003 0.11827777777777777
2 0.433375 0.06480555555555555 0.0172578125 0.09408333333333332
2 0.21852343749999997 0.5191944444444444 0.043421875 0.15775
2 0.3743203125 0.011708333333333333 0.023445312500000003 0.02322222222222222
2 0.19090625 0.4957638888888889 0.0377734375 0.14909722222222221
2 0.0191875 0.6059722222222222 0.0383671875 0.16852777777777778
2 0.522421875 0.013277777777777779 0.0168828125 0.026555555555555558
2 0.2278828125 0.4519444444444444 0.019390625 0.05334722222222222
2 0.5881796875 0.041291666666666664 0.01596875 0.06758333333333333
2 0.4944375 0.01513888888888889 0.01471875 0.03027777777777778
2 0.52653125 0.0125 0.019289062500000002 0.024986111111111108
2 0.431109375 0.054125 0.013109375000000001 0.076625