2 0.8129687499999999 0.17998611111111112 0.0298046875 0.13155555555555556
2 0.5688671875 0.25816666666666666 0.030515625 0.12756944444444443
2 0.6288125 0.4866111111111111 0.031960937499999995 0.12570833333333334
2 0.485515625 0.288875 0.029796875 0.12931944444444443
2 0.49985156249999996 0.04898611111111111 0.026890625 0.09484722222222224
2 0.37015625 0.11176388888888888 0.0282578125 0.12343055555555556
2 0.5076328125 0.7301944444444445 0.0467890625 0.1683611111111111
2 0.386578125 0.05384722222222223 0.026351562499999998 0.09852777777777777
2 0.6642109375 0.38745833333333335 0.036828125 0.1522361111111111
2 0.4214296875 0.9404166666666667 0.04865625 0.11611111111111111
2 0.2974921875 0.8789027777777777 0.0558359375 0.18019444444444446
2 0.93065625 0.34281944444444445 0.0414140625 0.13322222222222221
2 0.5234062500000001 0.5770416666666667 0.0421328125 0.165375
2 0.463421875 0.045472222222222226 0.026359375 0.089375
2 0.6288828125 0.11956944444444445 0.031070312500000002 0.11581944444444445
2 0.38178125 0.47548611111111116 0.043015625 0.16604166666666667
2 0.5333046875 0.04697222222222222 0.020078125 0.08973611111111111
2 0.04478125 0.7263611111111111 0.0502890625 0.16331944444444446
2 0.43864843750000004 0.04938888888888889 0.02496875 0.09561111111111112
2 0.2825625 0.6807083333333334 0.042710937500000004 0.16422222222222221
2 0.973984375 0.20854166666666668 0.0308046875 0.11713888888888889
2 0.98128125 0.6387499999999999 0.0374375 0.18363888888888888
2 0.7306250000000001 0.08223611111111111 0.023304687499999997 0.12652777777777777
2 0.9508984375 0.2071111111111111 0.0298203125 0.11009722222222222
2 0.14850000000000002 0.9677638888888889 0.05371875 0.06445833333333333
2 0.6440625 0.03323611111111111 0.020984375 0.06645833333333334
2 0.8617968749999999 0.01948611111111111 0.038390625 0.03897222222222222
2 0.5499296874999999 0.37440277777777775 0.024640625 0.121625
2 0.038375 0.17011111111111113 0.03653125 0.12104166666666667
2 0.289828125 0.06529166666666666 0.0301875 0.098
2 0.1218984375 0.11844444444444445 0.0369765625 0.12562500000000001
2 0.2234453125 0.44858333333333333 0.026687499999999996 0.059041666666666666
2 0.2193203125 0.5215972222222223 0.04315625 0.1517361111111111
2 0.992703125 0.02563888888888889 0.014593749999999999 0.05127777777777778
2 0.6124375 0.03305555555555555 0.0251640625 0.06609722222222222
2 0.6017890625 0.043625 0.0224453125 0.06886111111111111
2 0.1885859375 0.5002638888888888 0.032671875 0.14056944444444444
2 0.25165625 0.507736111111111 0.0386015625 0.1359861111111111
2 0.9462187500000001 0.006902777777777778 0.02215625 0.013486111111111112