2 0.5697109375 0.40599999999999997 0.03546875 0.14154166666666665
2 0.6085859375 0.31469444444444444 0.0280078125 0.10755555555555556
2 0.662609375 0.619625 0.04165625 0.16169444444444445
2 0.8389218749999999 0.30193055555555554 0.0351875 0.1421111111111111
2 0.946265625 0.40734722222222225 0.0438046875 0.14763888888888888
2 0.29397656250000004 0.49124999999999996 0.0338359375 0.12606944444444443
2 0.08290625 0.7317361111111111 0.0475 0.1835
2 0.49019531250000004 0.5151388888888888 0.037843749999999995 0.14484722222222224
2 0.491609375 0.176875 0.0254140625 0.12079166666666666
2 0.375921875 0.7186527777777777 0.0580234375 0.21069444444444443
2 0.4306953125 0.08538888888888889 0.025757812499999998 0.11558333333333333
2 0.37332031250000003 0.23526388888888888 0.0307578125 0.13251388888888888
2 0.548015625 0.5689722222222222 0.026703125 0.137625
2 0.2978984375 0.6438333333333334 0.0416015625 0.16102777777777777
2 0.45678124999999997 0.09248611111111112 0.0277578125 0.12240277777777778
2 0.3769765625 0.044430555555555556 0.026437500000000003 0.08506944444444445
2 0.38484375000000004 0.16112500000000002 0.027250000000000003 0.11919444444444444
2 0.1263828125 0.06212499999999999 0.03303125 0.11658333333333333
2 0.7160078125 0.016055555555555556 0.029617187499999996 0.03209722222222222
2 0.0514140625 0.15875 0.029828125 0.12370833333333332
2 0.5147734374999999 0.4124027777777778 0.0414765625 0.15958333333333335
2 0.18451562500000002 0.07434722222222222 0.025570312499999998 0.09562499999999999
2 0.729390625 0.08798611111111111 0.019453124999999998 0.12554166666666666
2 0.5873515625 0.023916666666666666 0.0222109375 0.04784722222222223
2 0.6682578125 0.044194444444444446 0.0210078125 0.08361111111111111
2 0.6179296875 0.21093055555555557 0.028953125000000003 0.09876388888888889
2 0.25021875 0.5141805555555555 0.029984375 0.1309861111111111
2 0.1896640625 0.5091666666666667 0.0336796875 0.14240277777777777
2 0.22264843750000002 0.45426388888888886 0.0263671875 0.06227777777777778
2 0.9740234375 0.974361111111111 0.051953125 0.05126388888888889
2 0.5028046875000001 0.018097222222222223 0.018328125 0.036194444444444446
2 0.22111718749999998 0.5275 0.0408984375 0.14869444444444443
2 0.544140625 0.013333333333333332 0.0158828125 0.026666666666666665
2 0.93434375 0.1376527777777778 0.0278984375 0.09691666666666666
2 0.9465468749999999 0.009805555555555555 0.0180078125 0.01926388888888889
2 0.9954296875 0.021319444444444443 0.0090546875 0.042638888888888886
2 0.910328125 0.22430555555555556 0.040523437499999995 0.14959722222222221
2 0.9928671874999999 0.290875 0.014265625 0.07934722222222222
2 0.6408828125 0.04018055555555555 0.0266171875 0.08034722222222222
2 0.618765625 0.03652777777777778 0.026992187499999997 0.07291666666666667
2 0.9134375 0.14065277777777777 0.0285390625 0.10080555555555555
2 0.613171875 0.02126388888888889 0.020546875 0.04252777777777778