2 0.4987109375 0.06726388888888889 0.0290625 0.1062361111111111
2 0.6439843749999999 0.567875 0.034898437500000004 0.125
2 0.7945781249999999 0.13658333333333333 0.031148437499999997 0.12555555555555556
2 0.5697421874999999 0.2105972222222222 0.0293515625 0.12468055555555554
2 0.41395312500000003 0.8498194444444445 0.0459921875 0.17859722222222224
2 0.6600546875 0.3102083333333333 0.03553125 0.14009722222222223
2 0.29289062499999996 0.9523333333333333 0.0590703125 0.09533333333333334
2 0.48509375 0.3437222222222222 0.0326171875 0.13943055555555556
2 0.51884375 0.8464444444444446 0.0488671875 0.17419444444444446
2 0.9370468750000001 0.3887638888888889 0.0447265625 0.13411111111111113
2 0.0917421875 0.8174027777777777 0.052875000000000005 0.17269444444444446
2 0.2696484375 0.7805000000000001 0.0433671875 0.159375
2 0.327609375 0.06683333333333333 0.027125 0.09555555555555555
2 0.5312421875 0.07029166666666667 0.0215078125 0.09618055555555556
2 0.537765625 0.6676111111111112 0.0488671875 0.18079166666666666
2 0.3745546875 0.4148055555555556 0.0494375 0.17152777777777778
2 0.0317890625 0.020291666666666666 0.0360546875 0.04059722222222222
2 0.3718515625 0.066 0.0266171875 0.11365277777777777
2 0.43695312499999994 0.032916666666666664 0.024203125 0.06583333333333333
2 0.1214375 0.15193055555555557 0.035265625 0.12756944444444443
2 0.388984375 0.034833333333333334 0.0274296875 0.06965277777777777
2 0.0371953125 0.17377777777777778 0.0314140625 0.11340277777777778
2 0.7309296875 0.08195833333333333 0.022132812499999998 0.12295833333333334
2 0.6479765625 0.08505555555555556 0.0298125 0.11645833333333333
2 0.9832109375 0.23661111111111113 0.0335859375 0.1329861111111111
2 0.5476093750000001 0.3140833333333333 0.0230859375 0.12222222222222222
2 0.9609453125 0.2327361111111111 0.0292578125 0.115125
2 0.45827343750000005 0.03302777777777778 0.0226015625 0.06604166666666667
2 0.4878828125 0.020527777777777777 0.0231640625 0.04104166666666667
2 0.6441015625000001 0.024555555555555556 0.023320312500000002 0.04909722222222222
2 0.9172109374999999 0.018597222222222223 0.039 0.03720833333333333
2 0.21897656250000003 0.5230138888888889 0.04421875 0.15095833333333333
2 0.6056484375 0.035222222222222224 0.0227109375 0.07038888888888889
2 0.2320390625 0.44772222222222224 0.02384375 0.06170833333333333
2 0.187984375 0.5054722222222222 0.031453125 0.1375972222222222
2 0.2493828125 0.5143333333333333 0.038234375 0.1361388888888889
2 0.5919296875 0.050736111111111114 0.020859375 0.053750000000000006