2 0.6683671875 0.4739861111111111 0.0408125 0.15252777777777776
2 0.6209296875 0.39549999999999996 0.0314375 0.11730555555555555
2 0.9677187500000001 0.5315277777777777 0.0501953125 0.17575000000000002
2 0.5678203125 0.32569444444444445 0.034203125 0.140625
2 0.82278125 0.23184722222222223 0.031390625 0.135
2 0.385578125 0.5677361111111111 0.048 0.17391666666666666
2 0.3677421875 0.16227777777777777 0.029398437500000003 0.12625
2 0.5009453125000001 0.628625 0.0410546875 0.16168055555555555
2 0.48754687499999994 0.237 0.0275078125 0.12481944444444446
2 0.12260156250000001 0.8875416666666667 0.0555546875 0.20577777777777778
2 0.9639843750000001 0.17294444444444443 0.027546875 0.1104861111111111
2 0.6182265625000001 0.15881944444444443 0.029234375 0.11340277777777778
2 0.2989921875 0.7586944444444444 0.051468749999999994 0.16644444444444445
2 0.3850546875 0.0947361111111111 0.027945312500000003 0.1062638888888889
2 0.5094531250000001 0.4920277777777778 0.04346875 0.15454166666666666
2 0.0161796875 0.6211666666666666 0.0323515625 0.16672222222222224
2 0.55240625 0.4515694444444444 0.025015625000000003 0.12986111111111112
2 0.9222265625 0.29556944444444444 0.0404609375 0.143375
2 0.43836718750000003 0.06316666666666666 0.0248515625 0.11694444444444445
2 0.5005468750000001 0.03223611111111111 0.026078125 0.0644861111111111
2 0.7313515625 0.08388888888888889 0.0208203125 0.12345833333333334
2 0.29035937500000003 0.5932638888888888 0.039109375 0.15084722222222222
2 0.9371171875 0.17266666666666666 0.0298046875 0.10479166666666667
2 0.0508515625 0.15933333333333333 0.0278125 0.11623611111111111
2 0.5334453124999999 0.03127777777777778 0.01928125 0.06255555555555556
2 0.8005000000000001 0.017944444444444443 0.0386328125 0.035902777777777777
2 0.12332812500000001 0.09331944444444444 0.035484375 0.12594444444444444
2 0.45959374999999997 0.06408333333333334 0.027468749999999997 0.11937500000000001
2 0.246171875 0.06333333333333334 0.026289062499999998 0.09352777777777778
2 0.648640625 0.03572222222222222 0.0212578125 0.07145833333333333
2 0.21995312500000003 0.5227361111111111 0.04121875 0.15241666666666667
2 0.22460156250000002 0.4493333333333333 0.025281249999999998 0.06472222222222222
2 0.190109375 0.5018750000000001 0.0338046875 0.14541666666666667
2 0.24792968750000002 0.5140694444444445 0.0330390625 0.13302777777777777
2 0.3853359375 0.01591666666666667 0.015195312499999999 0.03181944444444444