2 0.639359375 0.9266666666666667 0.05328125 0.13994444444444445
2 0.4946171875 0.36774999999999997 0.035484375 0.13597222222222222
2 0.9335156250000001 0.2709722222222222 0.037078125 0.14009722222222223
2 0.8726406250000001 0.8285972222222223 0.053414062500000005 0.170125
2 0.59028125 0.20480555555555557 0.0288359375 0.105625
2 0.568984375 0.6010555555555556 0.04403125 0.1705
2 0.9528437500000001 0.35913888888888884 0.0416484375 0.13220833333333332
2 0.865109375 0.6758333333333334 0.051984375000000006 0.159375
2 0.624390625 0.3292083333333333 0.033453125 0.12536111111111112
2 0.385546875 0.12097222222222222 0.025937500000000002 0.11611111111111111
2 0.09917187499999999 0.7880277777777778 0.055757812500000004 0.18233333333333335
2 0.8904921874999999 0.45420833333333327 0.0468125 0.15513888888888888
2 0.5909140625 0.8273750000000001 0.0430859375 0.15770833333333334
2 0.5439296875 0.8204444444444445 0.035390624999999995 0.1599861111111111
2 0.536390625 0.28205555555555556 0.0389921875 0.14602777777777778
2 0.112984375 0.91 0.0610859375 0.17529166666666665
2 0.511765625 0.04618055555555556 0.0234921875 0.08465277777777779
2 0.6085 0.06497222222222222 0.027476562500000003 0.10827777777777776
2 0.3176640625 0.46147222222222223 0.0524296875 0.16416666666666668
2 0.9898359375 0.21736111111111112 0.0203359375 0.11795833333333335
2 0.3686484375 0.9585416666666666 0.061367187499999996 0.08290277777777777
2 0.3773984375 0.3799861111111111 0.037640625 0.15397222222222223
2 0.7311875 0.09079166666666667 0.0249765625 0.128125
2 0.39803125 0.2750694444444445 0.028984375 0.12491666666666666
2 0.7015625 0.04958333333333334 0.029367187500000003 0.09915277777777778
2 0.315265625 0.3541388888888889 0.0350546875 0.10236111111111111
2 0.6244375 0.05898611111111111 0.0247578125 0.11516666666666667
2 0.2416171875 0.017666666666666667 0.028398437500000002 0.035347222222222224
2 0.9055 0.14883333333333332 0.0325546875 0.12786111111111112
2 0.0217109375 0.5547222222222222 0.043421875 0.18183333333333332
2 0.9915546875000001 0.3465 0.0168984375 0.11333333333333333
2 0.058859375000000005 0.1597083333333333 0.0289921875 0.11409722222222222
2 0.66196875 0.052458333333333336 0.0293203125 0.09491666666666668
2 0.48557812499999997 0.10286111111111111 0.0271328125 0.11780555555555555
2 0.5792578125000001 0.016583333333333332 0.0292734375 0.033166666666666664
2 0.07863281250000001 0.0965 0.0290234375 0.09894444444444443
2 0.42882031249999997 0.10413888888888889 0.024734375 0.11768055555555557
2 0.9090624999999999 0.12559722222222222 0.0324296875 0.07215277777777779
2 0.1379765625 0.03575 0.03703125 0.06945833333333333
2 0.8880234375 0.096875 0.025640625 0.10041666666666667
2 0.45928125 0.10715277777777779 0.030679687500000004 0.12493055555555556
2 0.9514374999999999 0.014138888888888888 0.018445312499999998 0.028277777777777777
2 0.191921875 0.5130138888888889 0.034023437499999996 0.1463888888888889
2 0.22707031249999998 0.458875 0.021492187500000003 0.05248611111111111
2 0.2185 0.5308333333333333 0.0442734375 0.15009722222222222
2 0.872453125 0.10654166666666666 0.0220234375 0.10541666666666667
2 0.25428125 0.5321388888888888 0.047445312499999996 0.14109722222222223
2 0.5848828125 0.8781944444444444 0.047546875 0.08970833333333333
2 0.664765625 0.028847222222222222 0.023609375 0.057694444444444444