2 0.6711171874999999 0.12868055555555558 0.028476562500000004 0.11806944444444445
2 0.6774453125 0.9264305555555555 0.04946875 0.14005555555555557
2 0.40649218749999994 0.5351527777777778 0.0362578125 0.14648611111111112
2 0.9680156249999999 0.5974027777777777 0.051531249999999994 0.15856944444444446
2 0.5001875 0.17179166666666668 0.032078125 0.11737500000000001
2 0.5567734375 0.07491666666666666 0.0244609375 0.10134722222222223
2 0.7758359375 0.9353333333333335 0.0491796875 0.1222638888888889
2 0.8167421875 0.7729027777777778 0.0449921875 0.18675
2 0.8802265625000001 0.11319444444444444 0.0354921875 0.11395833333333333
2 0.9752578125 0.1403888888888889 0.036703124999999996 0.11716666666666667
2 0.4999921875 0.5671944444444444 0.0364921875 0.14655555555555555
2 0.9612578125000001 0.0766388888888889 0.0310078125 0.11441666666666667
2 0.7314921875 0.08169444444444444 0.0214140625 0.11980555555555557
2 0.53315625 0.16956944444444444 0.0270625 0.10394444444444445
2 0.9257890625 0.07861111111111112 0.031117187499999997 0.10916666666666666
2 0.390265625 0.22159722222222225 0.032859375 0.13697222222222222
2 0.9856640625 0.20033333333333334 0.028671875000000003 0.11991666666666667
2 0.022226562499999998 0.647 0.044453124999999996 0.18906944444444443
2 0.5858203125 0.7475277777777778 0.048703125 0.18719444444444444
2 0.45184375 0.06140277777777778 0.02146875 0.09527777777777777
2 0.037093749999999995 0.1718611111111111 0.0348046875 0.11383333333333333
2 0.6438515625 0.034013888888888885 0.0215859375 0.06802777777777777
2 0.67559375 0.02026388888888889 0.0255546875 0.04052777777777778
2 0.7474999999999999 0.030416666666666665 0.0244453125 0.06083333333333333
2 0.10194531250000001 0.25858333333333333 0.0522265625 0.1470972222222222
2 0.610171875 0.03652777777777778 0.023625 0.07305555555555555
2 0.592375 0.040375 0.0186796875 0.06454166666666666
2 0.5102265625 0.06097222222222222 0.03159375 0.12194444444444444
2 0.5524765625 0.16184722222222223 0.0198359375 0.09512499999999999
2 0.896484375 0.10684722222222223 0.028187499999999997 0.118
2 0.2170390625 0.5190138888888889 0.043437500000000004 0.15290277777777778
2 0.25190625 0.5110833333333333 0.0323984375 0.12941666666666668
2 0.0132890625 0.3547361111111111 0.0259140625 0.141875
2 0.5210781250000001 0.020402777777777777 0.021249999999999998 0.04080555555555555
2 0.1886640625 0.493 0.03421875 0.1480972222222222
2 0.5528593749999999 0.985013888888889 0.0641015625 0.02997222222222222
2 0.22568749999999999 0.4593194444444444 0.020953125 0.059180555555555556
2 0.500671875 0.02238888888888889 0.020179687499999998 0.04477777777777778