2 0.782640625 0.09202777777777779 0.0278828125 0.12101388888888888
2 0.570921875 0.16651388888888888 0.028515625 0.11754166666666666
2 0.0394296875 0.1720972222222222 0.038328125000000005 0.11118055555555555
2 0.12496875 0.9155277777777777 0.0600625 0.1637361111111111
2 0.49926562499999994 0.09677777777777778 0.0294921875 0.11144444444444444
2 0.49110156250000003 0.4025138888888889 0.0340625 0.14193055555555556
2 0.6538828125 0.6577083333333333 0.0421796875 0.13584722222222223
2 0.948140625 0.44869444444444445 0.0448984375 0.15515277777777778
2 0.5269375000000001 0.9360555555555556 0.050562499999999996 0.120625
2 0.546421875 0.7733055555555555 0.05371875 0.198625
2 0.5296093749999999 0.09845833333333333 0.0238125 0.10013888888888887
2 0.659796875 0.24525000000000002 0.0346015625 0.13868055555555556
2 0.2551328125 0.8858750000000001 0.047109374999999995 0.18261111111111109
2 0.40671093750000004 0.7394166666666666 0.0429453125 0.1706111111111111
2 0.73075 0.07884722222222222 0.019828125 0.12056944444444445
2 0.3764375 0.3398055555555555 0.0447109375 0.15941666666666668
2 0.7421171875 0.9557083333333334 0.060101562500000004 0.08859722222222222
2 0.498140625 0.02651388888888889 0.0265703125 0.05301388888888889
2 0.11942187500000001 0.1763472222222222 0.040203125 0.13455555555555554
2 0.6639453125 0.06072222222222222 0.026742187499999997 0.10425000000000001
2 0.645984375 0.03136111111111111 0.0228515625 0.06270833333333334
2 0.5488671875 0.25806944444444446 0.022351562499999998 0.11831944444444444
2 0.082171875 0.016138888888888887 0.0362734375 0.03229166666666667
2 0.43543750000000003 0.021347222222222222 0.0193125 0.042694444444444445
2 0.37021875 0.033166666666666664 0.024875 0.06631944444444444
2 0.2196640625 0.5201250000000001 0.043359375 0.1503611111111111
2 0.4588671875 0.02251388888888889 0.019523437499999997 0.04502777777777778
2 0.3678515625 0.073875 0.027625 0.08190277777777778
2 0.9787890625 0.19452777777777777 0.042421875 0.2202361111111111
2 0.3932734375 0.019430555555555555 0.01603125 0.038875
2 0.611796875 0.03720833333333333 0.026734374999999998 0.07441666666666666
2 0.23463281249999998 0.44909722222222226 0.025296875000000003 0.06497222222222222
2 0.9641875000000001 0.016027777777777776 0.029195312499999997 0.03205555555555555
2 0.2502578125 0.5118472222222222 0.0356796875 0.12818055555555558
2 0.9898359375 0.26390277777777776 0.0203203125 0.1290277777777778
2 0.389015625 0.01888888888888889 0.01865625 0.03777777777777778
2 0.00575 0.270625 0.011015625 0.11565277777777777
2 0.18965625 0.5042083333333333 0.0333671875 0.14051388888888888
2 0.5951640625 0.04830555555555556 0.020304687499999998 0.06525
2 0.5900000000000001 0.04531944444444445 0.019140625 0.06506944444444444