2 0.9400546875 0.32037499999999997 0.0419453125 0.141375
2 0.5762968749999999 0.6603472222222222 0.0420703125 0.15780555555555556
2 0.58796875 0.17519444444444446 0.0270546875 0.09894444444444443
2 0.49408593749999996 0.3346111111111111 0.0341796875 0.135625
2 0.6261328125000001 0.7688472222222222 0.044515624999999996 0.13947222222222222
2 0.840265625 0.5887083333333334 0.0445625 0.155
2 0.929375 0.22948611111111109 0.0343828125 0.1284583333333333
2 0.104765625 0.9053888888888889 0.05925781249999999 0.16761111111111113
2 0.11621875 0.7082916666666667 0.051453125 0.1840277777777778
2 0.9010859375000001 0.13158333333333333 0.033921875000000004 0.12052777777777778
2 0.3833203125 0.15104166666666666 0.02653125 0.12375
2 0.912625 0.50325 0.041125 0.15709722222222222
2 0.55559375 0.904625 0.03640625 0.15818055555555555
2 0.8509609375 0.7594861111111112 0.0496796875 0.1787083333333333
2 0.6184296875 0.09573611111111112 0.036546875 0.1120138888888889
2 0.214609375 0.029444444444444443 0.0305234375 0.058888888888888886
2 0.7304140625 0.09772222222222222 0.025710937499999996 0.12025
2 0.5346484375 0.2545138888888889 0.0355078125 0.14484722222222224
2 0.9842734375 0.3136805555555556 0.0314609375 0.125
2 0.3207421875 0.4289583333333334 0.048125 0.15829166666666666
2 0.6235625 0.3736111111111111 0.036375000000000005 0.13359722222222223
2 0.3713359375 0.4448333333333333 0.0399609375 0.16715277777777776
2 0.1403984375 0.03015277777777778 0.031406250000000004 0.06030555555555556
2 0.052890625000000004 0.15845833333333334 0.0402890625 0.15233333333333335
2 0.99075 0.19373611111111114 0.0185078125 0.11069444444444444
2 0.42872656249999996 0.10666666666666666 0.023390625 0.11866666666666667
2 0.8776093749999999 0.09056944444444444 0.0265859375 0.11205555555555556
2 0.459671875 0.11123611111111112 0.028898437500000002 0.11577777777777777
2 0.6635703125 0.06334722222222222 0.022359375 0.0787361111111111
2 0.5072265625 0.05991666666666667 0.025210937500000002 0.10377777777777777
2 0.4837109375 0.07983333333333333 0.024734375 0.11568055555555556
2 0.9551796875 0.017611111111111112 0.0249140625 0.035208333333333335
2 0.40912499999999996 0.3206111111111111 0.0401484375 0.14104166666666668
2 0.19150781249999999 0.5166805555555556 0.0335546875 0.14472222222222222
2 0.042960937500000004 0.111125 0.0219609375 0.09565277777777778
2 0.7104140625 0.04895833333333333 0.026484374999999998 0.09516666666666666
2 0.24912499999999999 0.021097222222222222 0.02203125 0.042208333333333334
2 0.6756171875 0.045472222222222226 0.022625 0.08984722222222222
2 0.2252890625 0.4635277777777778 0.025492187500000003 0.06066666666666667
2 0.3164140625 0.31677777777777777 0.04046875 0.0976111111111111
2 0.8550625000000001 0.10038888888888889 0.017921875 0.07452777777777778
2 0.2514140625 0.5236111111111111 0.0416171875 0.13091666666666668
2 0.8590390625 0.09094444444444445 0.0200546875 0.104
2 0.2198046875 0.5372916666666667 0.043484375 0.15245833333333333
2 0.5378437500000001 0.015930555555555555 0.0323046875 0.03186111111111111
2 0.9932890625 0.009194444444444444 0.0134296875 0.01786111111111111
2 0.6307343750000001 0.051222222222222225 0.0270859375 0.06016666666666667
2 0.6276875000000001 0.07804166666666666 0.025820312499999998 0.10906944444444444
2 0.656359375 0.05219444444444444 0.017328125 0.05086111111111111