2 0.5673515625000001 0.29536111111111113 0.03328125 0.1287361111111111
2 0.67028125 0.44526388888888885 0.036953124999999996 0.14683333333333334
2 0.9758359375 0.5644305555555555 0.048320312500000004 0.17840277777777777
2 0.5154062500000001 0.5278194444444444 0.045078125000000004 0.16825
2 0.13359375 0.9025555555555556 0.06489843749999999 0.18940277777777778
2 0.3027265625 0.7875277777777777 0.05215625 0.15784722222222222
2 0.0221484375 0.650986111111111 0.0442890625 0.1493888888888889
2 0.9701640625 0.188375 0.033914062499999995 0.11783333333333333
2 0.9301328124999999 0.3099166666666667 0.03940625 0.143625
2 0.5029765625 0.6646805555555555 0.0444453125 0.16056944444444443
2 0.62365625 0.42295833333333327 0.030109375 0.11294444444444443
2 0.283203125 0.6215555555555555 0.0416015625 0.14705555555555555
2 0.4860390625 0.25259722222222225 0.029406250000000002 0.12477777777777778
2 0.3691484375 0.13925 0.027750000000000004 0.12479166666666666
2 0.6220703125 0.1463611111111111 0.027976562500000003 0.10768055555555556
2 0.3801875 0.5449444444444445 0.0456171875 0.18680555555555556
2 0.5019843749999999 0.03725 0.0277890625 0.0745
2 0.3862578125 0.07904166666666666 0.025765624999999997 0.10731944444444444
2 0.821875 0.20855555555555555 0.0334296875 0.13025
2 0.8216015625 0.018902777777777775 0.0428359375 0.03780555555555555
2 0.2650234375 0.06590277777777778 0.0279296875 0.08980555555555556
2 0.43864843750000004 0.05798611111111111 0.0238515625 0.11229166666666666
2 0.4591640625 0.05419444444444445 0.0268046875 0.106625
2 0.0495 0.16390277777777779 0.02803125 0.11205555555555556
2 0.7310234375 0.08323611111111111 0.02028125 0.12261111111111112
2 0.5516796875 0.4312638888888889 0.025124999999999998 0.13059722222222223
2 0.5349296875 0.03866666666666667 0.022640625 0.07377777777777778
2 0.9413515625000001 0.18059722222222221 0.02684375 0.11588888888888889
2 0.6473671875 0.03572222222222222 0.0231484375 0.07144444444444444
2 0.1229921875 0.09734722222222222 0.0408359375 0.13231944444444443
2 0.22461718749999998 0.44772222222222224 0.025289062499999997 0.06341666666666666
2 0.2195859375 0.5207638888888889 0.0408359375 0.15606944444444446
2 0.2511640625 0.5070694444444445 0.0382578125 0.13441666666666666
2 0.6228828125 0.03277777777777778 0.024492187500000002 0.06554166666666666
2 0.1897890625 0.5009305555555555 0.0350390625 0.14615277777777777