2 0.5028046875000001 0.11093055555555556 0.0323984375 0.11475
2 0.659828125 0.19795833333333335 0.0316640625 0.12543055555555555
2 0.569453125 0.13205555555555556 0.027734375 0.11418055555555555
2 0.8008749999999999 0.9397361111111111 0.0541640625 0.12051388888888888
2 0.6600312500000001 0.7274166666666667 0.04025 0.15497222222222223
2 0.040140625 0.16677777777777777 0.0369296875 0.1099861111111111
2 0.251859375 0.9325416666666666 0.048953125 0.13491666666666666
2 0.9494921875 0.48434722222222226 0.045429687499999996 0.14619444444444446
2 0.691875 0.9076944444444444 0.05596875 0.17968055555555557
2 0.40353125 0.6734166666666667 0.0423359375 0.168875
2 0.7323593749999999 0.07347222222222222 0.0241484375 0.12693055555555555
2 0.5316015625 0.11386111111111112 0.0233984375 0.09944444444444443
2 0.6738046875 0.042680555555555555 0.025078125 0.08156944444444444
2 0.393765625 0.05938888888888889 0.02915625 0.10022222222222221
2 0.4966953125 0.4391527777777778 0.03209375 0.1445138888888889
2 0.54878125 0.8320138888888888 0.05621875 0.20216666666666666
2 0.77275 0.0650138888888889 0.027742187499999998 0.11597222222222223
2 0.3812421875 0.2999861111111111 0.0418984375 0.1676388888888889
2 0.49985156249999996 0.030583333333333334 0.029414062499999998 0.06115277777777778
2 0.1478984375 0.9534583333333333 0.0664296875 0.08606944444444445
2 0.1209453125 0.1914861111111111 0.0445625 0.14109722222222223
2 0.9858515625000001 0.2756388888888889 0.028304687499999998 0.13086111111111112
2 0.960421875 0.152625 0.0489609375 0.12602777777777777
2 0.6463359375 0.03156944444444444 0.019859375000000002 0.06315277777777778
2 0.6116406249999999 0.033555555555555554 0.0230078125 0.06711111111111111
2 0.5500390625 0.2253611111111111 0.0225859375 0.1125
2 0.3718359375 0.025347222222222222 0.0212109375 0.050694444444444445
2 0.9696484375000001 0.10126388888888889 0.0297890625 0.06944444444444445
2 0.220421875 0.5156666666666666 0.0448828125 0.15415277777777778
2 0.528 0.9799583333333334 0.0601796875 0.04008333333333333
2 0.23577343750000002 0.44611111111111107 0.02378125 0.05684722222222222
2 0.4383125 0.013541666666666667 0.018187500000000002 0.027083333333333334
2 0.46088281249999996 0.014430555555555556 0.017921875 0.028541666666666667
2 0.1897890625 0.49868055555555557 0.032421875 0.14290277777777777
2 0.2493046875 0.5007222222222222 0.035453125 0.13259722222222223
2 0.9945468749999999 0.13420833333333332 0.0108984375 0.10019444444444445
2 0.5942109375 0.042763888888888886 0.0186015625 0.06543055555555556
2 0.0104765625 0.2997222222222222 0.0200546875 0.11479166666666668
2 0.9911015624999999 0.12972222222222224 0.0178046875 0.11127777777777778