2 0.6195078125 0.3949444444444445 0.0336015625 0.11866666666666667
2 0.9671015625000001 0.5223194444444444 0.048171874999999996 0.17284722222222224
2 0.56859375 0.32729166666666665 0.0332734375 0.1353611111111111
2 0.8234843749999999 0.2348611111111111 0.031718750000000004 0.1349861111111111
2 0.668421875 0.48868055555555556 0.04009375 0.15555555555555556
2 0.36778125 0.1648888888888889 0.0276015625 0.12505555555555556
2 0.48766406250000005 0.2326666666666667 0.028109375 0.12177777777777779
2 0.3802890625 0.5830138888888888 0.049921875 0.184
2 0.61878125 0.16056944444444443 0.0289921875 0.10916666666666666
2 0.121796875 0.8796250000000001 0.057015625 0.20408333333333334
2 0.2976171875 0.746 0.04803125 0.16227777777777777
2 0.386203125 0.09774999999999999 0.025820312499999998 0.10816666666666666
2 0.4386875 0.065 0.024578125 0.11806944444444445
2 0.4999375 0.6215694444444444 0.0390625 0.15577777777777777
2 0.9216640625 0.2928611111111111 0.041546875 0.14669444444444446
2 0.5004375 0.031055555555555555 0.0261640625 0.06212499999999999
2 0.9616640625 0.1723611111111111 0.029679687500000003 0.11256944444444444
2 0.5331796875 0.030055555555555558 0.0206015625 0.060125
2 0.551578125 0.4639305555555555 0.026140625 0.1370138888888889
2 0.732140625 0.08395833333333334 0.0239140625 0.12591666666666665
2 0.7907734375000001 0.01775 0.0411953125 0.0355
2 0.5085078125 0.4876666666666667 0.044640625 0.15380555555555556
2 0.2905625 0.5842638888888889 0.0398359375 0.14604166666666668
2 0.241359375 0.06822222222222221 0.030398437499999997 0.09383333333333334
2 0.052078124999999996 0.15836111111111112 0.030351562500000002 0.11890277777777777
2 0.45959374999999997 0.0635 0.027890625000000002 0.12047222222222222
2 0.12453125000000001 0.09169444444444444 0.0374140625 0.12905555555555556
2 0.936703125 0.17097222222222222 0.029179687500000002 0.1036111111111111
2 0.6504453125 0.035805555555555556 0.023859375 0.07161111111111111
2 0.0139296875 0.6114583333333333 0.0278515625 0.14311111111111113
2 0.21902343750000003 0.5209444444444444 0.04265625 0.15431944444444445
2 0.1902890625 0.5026111111111111 0.033875 0.14779166666666665
2 0.2249453125 0.448625 0.024421875000000003 0.06508333333333333
2 0.3853671875 0.015597222222222222 0.01665625 0.031180555555555555
2 0.250328125 0.5129861111111111 0.0342734375 0.136