2 0.860953125 0.7704305555555556 0.05171875 0.16502777777777777
2 0.49515624999999996 0.34700000000000003 0.034875 0.129625
2 0.9310859375 0.235375 0.03478125 0.12309722222222222
2 0.616890625 0.793486111111111 0.041875 0.16330555555555556
2 0.90428125 0.14026388888888888 0.0319296875 0.12540277777777778
2 0.8475859375000001 0.6219027777777778 0.045796875 0.16718055555555555
2 0.381359375 0.14201388888888888 0.03046875 0.12297222222222223
2 0.1116171875 0.7287222222222222 0.04975 0.17931944444444448
2 0.94153125 0.3404722222222222 0.0406484375 0.14280555555555555
2 0.1076640625 0.9069999999999999 0.056359375 0.1792222222222222
2 0.9047656249999999 0.48975 0.042453125 0.1644861111111111
2 0.589125 0.18245833333333333 0.0251953125 0.10327777777777777
2 0.5729296875000001 0.6443055555555556 0.0406796875 0.17594444444444446
2 0.61428125 0.08690277777777777 0.029656250000000002 0.10870833333333332
2 0.372171875 0.4154722222222222 0.037375000000000005 0.15295833333333334
2 0.40081249999999996 0.2994583333333333 0.031171874999999998 0.127375
2 0.6295078125 0.35479166666666667 0.0340078125 0.12123611111111111
2 0.5363828125000001 0.26269444444444445 0.0375234375 0.1411388888888889
2 0.73153125 0.09450000000000001 0.024578125 0.12458333333333334
2 0.551296875 0.877861111111111 0.0347734375 0.1679027777777778
2 0.22214062499999998 0.024305555555555556 0.0272890625 0.04861111111111111
2 0.637078125 0.971375 0.054304687500000004 0.057263888888888885
2 0.5540390625 0.017583333333333333 0.027421875000000002 0.035152777777777776
2 0.1399140625 0.030305555555555554 0.0315625 0.06061111111111111
2 0.4841796875 0.08372222222222223 0.02665625 0.11672222222222223
2 0.9903671875000001 0.20325000000000001 0.0192734375 0.11461111111111111
2 0.708625 0.049972222222222216 0.025968750000000002 0.09994444444444443
2 0.8829375 0.08790277777777777 0.0229921875 0.10863888888888888
2 0.98815625 0.32030555555555557 0.0236875 0.12259722222222222
2 0.3194375 0.4372361111111111 0.0542109375 0.16694444444444445
2 0.3159921875 0.32616666666666666 0.0359453125 0.10434722222222222
2 0.428546875 0.10263888888888889 0.024742187500000002 0.11786111111111111
2 0.45971875000000006 0.10941666666666666 0.0307421875 0.12179166666666666
2 0.5098281250000001 0.051833333333333335 0.0239765625 0.10286111111111111
2 0.1918203125 0.5141527777777778 0.032 0.143125
2 0.9536796875 0.01623611111111111 0.02525 0.03245833333333333
2 0.2603515625 0.012916666666666668 0.023484375 0.025819444444444443
2 0.007203125 0.5342083333333333 0.014101562500000001 0.1463888888888889
2 0.2259921875 0.46105555555555555 0.0253671875 0.05604166666666667
2 0.8647109374999999 0.10265277777777777 0.02346875 0.09341666666666668
2 0.6310234375 0.04609722222222222 0.023578125 0.06926388888888889
2 0.21971875000000002 0.5348888888888889 0.0433203125 0.152125
2 0.2515234375 0.5227638888888889 0.0404765625 0.13069444444444445
2 0.05565625 0.09911111111111111 0.0248203125 0.08672222222222221
2 0.6733515625 0.037125 0.0211953125 0.07425
2 0.99528125 0.012236111111111113 0.0091484375 0.02408333333333333
2 0.6533359375 0.048583333333333326 0.0180390625 0.04597222222222223
2 0.0605 0.15084722222222222 0.0288359375 0.14529166666666665
2 0.626328125 0.07343055555555555 0.025890625 0.11765277777777777
2 0.6672734375 0.05609722222222222 0.020109375 0.08231944444444445
2 0.009015625 0.006861111111111111 0.017265625 0.013055555555555556
2 0.012765625 0.5440972222222222 0.02553125 0.15822222222222224