2 0.2656015625 0.8249861111111111 0.0465 0.15330555555555556
2 0.5696953125 0.1867361111111111 0.031296875 0.11551388888888889
2 0.5006484375 0.08094444444444444 0.027937499999999997 0.10872222222222222
2 0.5169453125000001 0.9033055555555556 0.051007812500000006 0.1872638888888889
2 0.6460781250000001 0.6096527777777777 0.039453125 0.13108333333333333
2 0.660265625 0.28244444444444444 0.031109375 0.13679166666666667
2 0.110578125 0.8514305555555555 0.058046875 0.19744444444444445
2 0.40857031250000003 0.7969027777777777 0.0461875 0.17398611111111112
2 0.7874531250000001 0.11533333333333334 0.029898437500000003 0.11230555555555556
2 0.944 0.41868055555555556 0.0425859375 0.15379166666666666
2 0.286765625 0.9772083333333333 0.0541015625 0.04558333333333334
2 0.0375546875 0.17419444444444446 0.03375 0.10702777777777778
2 0.5307890625 0.08562499999999999 0.0217578125 0.09755555555555555
2 0.43442968750000005 0.029638888888888888 0.0238515625 0.059263888888888894
2 0.4876953125 0.36525 0.0298046875 0.13240277777777779
2 0.541484375 0.7135138888888889 0.051937500000000004 0.18631944444444445
2 0.3713359375 0.057166666666666664 0.0259296875 0.112125
2 0.3801171875 0.38001388888888893 0.04434375 0.16475
2 0.7299140625 0.0816111111111111 0.0196015625 0.1166111111111111
2 0.05728124999999999 0.018333333333333333 0.0333515625 0.03666666666666667
2 0.654890625 0.06838888888888889 0.0282578125 0.10690277777777778
2 0.4594609375 0.02804166666666667 0.021374999999999998 0.05608333333333334
2 0.12157031250000001 0.16518055555555555 0.03675 0.13075
2 0.5467265625 0.2843333333333333 0.0215703125 0.11640277777777779
2 0.344984375 0.06376388888888888 0.0210078125 0.095875
2 0.93828125 0.017708333333333333 0.0332265625 0.035402777777777776
2 0.4889453125 0.02322222222222222 0.0263984375 0.04645833333333334
2 0.6448203125 0.03425 0.0239453125 0.06851388888888889
2 0.3911796875 0.02813888888888889 0.018476562499999998 0.056263888888888884
2 0.9675703125 0.2474861111111111 0.025390625 0.11551388888888889
2 0.21871875 0.5229444444444444 0.04353125 0.15175
2 0.232828125 0.44793055555555555 0.0236875 0.06363888888888888
2 0.6094609375 0.03783333333333333 0.0236953125 0.07566666666666666
2 0.1881171875 0.5051805555555556 0.032070312499999996 0.14009722222222223
2 0.9862500000000001 0.24179166666666668 0.0268515625 0.13747222222222222
2 0.2508125 0.5163333333333333 0.04234375 0.13676388888888888
2 0.6033203125 0.03843055555555556 0.0248359375 0.076875
2 0.590734375 0.052611111111111115 0.0227109375 0.04819444444444445
2 0.987859375 0.20433333333333334 0.0242890625 0.20218055555555556