2 0.639703125 0.926 0.052890625000000004 0.14177777777777778
2 0.49438281249999994 0.369875 0.0357109375 0.13433333333333333
2 0.5866796875 0.8390972222222222 0.049453125 0.16929166666666667
2 0.5900078125 0.2068333333333333 0.0282578125 0.10437500000000001
2 0.93359375 0.2711111111111111 0.03771875 0.14247222222222222
2 0.8737421875000001 0.8304166666666666 0.053679687499999997 0.16973611111111112
2 0.8665390625 0.6795416666666666 0.053000000000000005 0.1663888888888889
2 0.624578125 0.32493055555555556 0.032460937499999995 0.12441666666666666
2 0.5690078125 0.5977777777777777 0.043453124999999995 0.17227777777777778
2 0.9541562499999999 0.36568055555555556 0.04346875 0.13320833333333332
2 0.38553906250000003 0.11875 0.0259765625 0.11540277777777778
2 0.8879374999999999 0.4529444444444444 0.045921875 0.15616666666666668
2 0.0982109375 0.7906527777777778 0.056015625 0.1837638888888889
2 0.368234375 0.9562083333333333 0.062382812499999996 0.08758333333333333
2 0.39790625 0.2717361111111111 0.0284609375 0.12355555555555554
2 0.9896874999999999 0.219375 0.020624999999999998 0.11554166666666667
2 0.6090859375 0.06376388888888888 0.0278359375 0.10859722222222222
2 0.5441171875 0.8137361111111111 0.035890624999999995 0.16858333333333334
2 0.5118671875 0.04558333333333334 0.0242421875 0.08497222222222223
2 0.5361875 0.28194444444444444 0.038328125000000005 0.14440277777777777
2 0.37440625 0.3743333333333333 0.036351562500000004 0.1522222222222222
2 0.317734375 0.4635138888888889 0.0516796875 0.16191666666666665
2 0.7311093750000001 0.09090277777777778 0.024984375 0.1277222222222222
2 0.1133046875 0.9125416666666666 0.06096875 0.16877777777777778
2 0.07813281250000001 0.09827777777777778 0.030359375 0.09824999999999999
2 0.31534375 0.35668055555555556 0.0351015625 0.10501388888888889
2 0.7012421875 0.049763888888888885 0.029359375 0.0995138888888889
2 0.0587890625 0.15793055555555555 0.028914062499999997 0.11675
2 0.0232265625 0.5523333333333333 0.046453125 0.18541666666666667
2 0.5812890625 0.016944444444444443 0.0213046875 0.033875
2 0.48596874999999995 0.10343055555555555 0.0268828125 0.11447222222222223
2 0.6241328125 0.058694444444444445 0.0246015625 0.115125
2 0.9094609374999999 0.12634722222222222 0.0322734375 0.07156944444444445
2 0.9914765624999999 0.3505972222222222 0.0170546875 0.11165277777777778
2 0.9055234375 0.15020833333333333 0.0316875 0.12519444444444444
2 0.42871875 0.10401388888888889 0.0246953125 0.11731944444444445
2 0.888625 0.09770833333333333 0.027273437499999997 0.10084722222222223
2 0.459203125 0.10769444444444445 0.030429687500000004 0.12409722222222222
2 0.1375234375 0.03563888888888889 0.0355546875 0.06909722222222223
2 0.6611875 0.05416666666666667 0.0287890625 0.09180555555555554
2 0.8726015625000001 0.10694444444444444 0.023125 0.1108888888888889
2 0.9513671875 0.014138888888888888 0.01884375 0.028291666666666666
2 0.191921875 0.5130833333333333 0.033984375 0.14662499999999998
2 0.21867968750000003 0.5309583333333333 0.0442421875 0.15009722222222222
2 0.22717187499999997 0.4587777777777778 0.021578125 0.05305555555555556
2 0.25434375 0.5327222222222222 0.048765625 0.14047222222222222