2 0.7837578125 0.09286111111111112 0.02640625 0.11608333333333333
2 0.57084375 0.16697222222222222 0.0288515625 0.11455555555555556
2 0.0390625 0.17227777777777778 0.03659375 0.1088611111111111
2 0.4994296875 0.09669444444444444 0.0297734375 0.11152777777777777
2 0.6538359375 0.6504722222222222 0.039328125000000005 0.1321388888888889
2 0.5242578124999999 0.933625 0.050523437500000004 0.12547222222222223
2 0.6591171874999999 0.24925 0.0322734375 0.13472222222222222
2 0.49113281249999996 0.39813888888888893 0.0349765625 0.13880555555555554
2 0.123078125 0.9154722222222222 0.0570390625 0.16848611111111111
2 0.9476796875 0.44340277777777776 0.04575 0.14881944444444445
2 0.5289531249999999 0.09716666666666665 0.023929687499999998 0.0995138888888889
2 0.4061328125 0.7427916666666666 0.043515625 0.16709722222222223
2 0.255609375 0.8733611111111111 0.046140625000000005 0.16631944444444444
2 0.5468437500000001 0.761375 0.0532734375 0.20575
2 0.7516875 0.9610972222222223 0.05428125 0.07780555555555556
2 0.7298515625 0.07977777777777778 0.02028125 0.11983333333333333
2 0.3762265625 0.3466111111111111 0.0404140625 0.1550277777777778
2 0.49571875 0.026333333333333334 0.023375 0.05266666666666667
2 0.5482421875 0.25906944444444446 0.022132812499999998 0.11604166666666667
2 0.43550000000000005 0.021611111111111112 0.019539062500000003 0.043208333333333335
2 0.12060156250000001 0.1716111111111111 0.039765625 0.13470833333333332
2 0.45871093749999997 0.022361111111111113 0.019039062500000002 0.044722222222222226
2 0.6458515625000001 0.03175 0.02328125 0.06351388888888888
2 0.66346875 0.06077777777777778 0.027187499999999996 0.10531944444444444
2 0.218984375 0.5191111111111111 0.04353125 0.1510138888888889
2 0.6114140625 0.0375 0.0275546875 0.075
2 0.3919296875 0.019555555555555555 0.0180078125 0.03909722222222222
2 0.9781171875 0.16722222222222222 0.043765625 0.16275
2 0.3686171875 0.05409722222222223 0.029609375 0.10483333333333333
2 0.23424218749999998 0.4475972222222222 0.0245625 0.06320833333333332
2 0.0789140625 0.01638888888888889 0.030765625 0.03279166666666666
2 0.2502421875 0.5121666666666667 0.036953124999999996 0.1285138888888889
2 0.9908203125 0.2656527777777778 0.0183671875 0.12920833333333334
2 0.9588906250000001 0.016013888888888887 0.039304687500000005 0.03201388888888889
2 0.589734375 0.04648611111111111 0.018234375 0.059569444444444446
2 0.19248437499999999 0.49944444444444447 0.03434375 0.13634722222222223
2 0.5938984375 0.04873611111111112 0.0190625 0.05958333333333333
2 0.005046875 0.2643333333333333 0.0096875 0.10716666666666666