2 0.8373515625 0.2953888888888889 0.035203125 0.14051388888888888
2 0.6092421875 0.31702777777777774 0.030140624999999997 0.11345833333333333
2 0.5700390625 0.39888888888888885 0.036046875 0.1406111111111111
2 0.663265625 0.6110555555555556 0.043703124999999995 0.15919444444444444
2 0.378234375 0.7077638888888889 0.057859375000000005 0.20575
2 0.947625 0.41383333333333333 0.044265624999999996 0.1527777777777778
2 0.086 0.7487638888888889 0.046578125 0.19133333333333333
2 0.491046875 0.5254583333333334 0.036125000000000004 0.14590277777777777
2 0.3723515625 0.22520833333333334 0.0304140625 0.13051388888888887
2 0.61790625 0.21234722222222221 0.0298046875 0.11476388888888889
2 0.4320546875 0.08279166666666667 0.0268359375 0.11509722222222223
2 0.292734375 0.5004583333333333 0.035312500000000004 0.13566666666666669
2 0.5126015625 0.414 0.040265625 0.16197222222222224
2 0.38561718749999996 0.1517361111111111 0.027437499999999997 0.11194444444444443
2 0.7210156249999999 0.014347222222222223 0.0366796875 0.028680555555555553
2 0.298 0.6457361111111111 0.0426171875 0.1577361111111111
2 0.37600781250000004 0.037375 0.022984375 0.07475
2 0.4555859375 0.08772222222222222 0.0265546875 0.11993055555555555
2 0.49078906250000004 0.18079166666666666 0.0248515625 0.1275138888888889
2 0.19044531250000002 0.07631944444444445 0.031257812499999996 0.09484722222222224
2 0.586640625 0.021694444444444443 0.020640625000000003 0.04338888888888889
2 0.548 0.5629027777777778 0.027125 0.14530555555555555
2 0.051468749999999994 0.15779166666666666 0.031828125 0.12477777777777778
2 0.7313984375 0.08372222222222223 0.024046875000000002 0.1347361111111111
2 0.1264140625 0.06208333333333334 0.03634375 0.12416666666666668
2 0.6653359375 0.043569444444444445 0.0232265625 0.08277777777777778
2 0.936671875 0.14261111111111113 0.023953125 0.10875
2 0.22296093749999998 0.4544722222222223 0.0268359375 0.07222222222222222
2 0.24990625 0.5131111111111111 0.030820312500000002 0.13051388888888887
2 0.22077343749999997 0.5264583333333334 0.0416015625 0.15072222222222223
2 0.18934375 0.5070694444444445 0.033640625 0.14623611111111112
2 0.5445 0.011958333333333333 0.0155 0.023916666666666666
2 0.5022265625 0.018430555555555554 0.0187734375 0.03686111111111111
2 0.916890625 0.14275 0.0278828125 0.10381944444444445
2 0.915375 0.20630555555555555 0.036109375 0.07323611111111111
2 0.5203671875 0.015583333333333334 0.0162265625 0.031069444444444445
2 0.6178828125 0.034972222222222224 0.0260625 0.06994444444444445
2 0.9095000000000001 0.2687777777777778 0.027773437499999998 0.06226388888888889
2 0.6396640625 0.04080555555555555 0.028687499999999998 0.07970833333333334
2 0.9955078125 0.025680555555555554 0.008984375 0.051375000000000004
2 0.9464218750000001 0.009166666666666667 0.018609375 0.01798611111111111
2 0.9114531250000001 0.23529166666666665 0.0386015625 0.12212500000000001