2 0.9342265624999999 0.27572222222222226 0.038734375 0.14130555555555555
2 0.5891484375 0.21041666666666667 0.028453125000000003 0.10313888888888889
2 0.493359375 0.373625 0.0362109375 0.13358333333333333
2 0.5696875 0.5848888888888889 0.0405546875 0.16418055555555555
2 0.877265625 0.8624305555555556 0.05621875 0.19124999999999998
2 0.9608281249999999 0.37087499999999995 0.0429375 0.14456944444444444
2 0.63978125 0.9145972222222222 0.053859375 0.16566666666666666
2 0.8693203125 0.6861944444444444 0.047953125 0.16068055555555555
2 0.38563281250000003 0.114125 0.026015624999999997 0.114125
2 0.8847890625 0.44490277777777776 0.04425 0.15634722222222222
2 0.581578125 0.8382916666666668 0.0428828125 0.16065277777777778
2 0.370359375 0.9457777777777778 0.061406249999999996 0.10844444444444444
2 0.020890625 0.5570416666666667 0.041773437499999996 0.1914861111111111
2 0.624671875 0.32104166666666667 0.030890624999999998 0.12430555555555556
2 0.7310234375 0.09105555555555556 0.024390625 0.12818055555555558
2 0.397546875 0.26793055555555556 0.0284609375 0.12433333333333332
2 0.5416796875000001 0.8123194444444445 0.038296875 0.1762638888888889
2 0.5354765625 0.29294444444444445 0.04015625 0.15329166666666666
2 0.905359375 0.15833333333333333 0.0338515625 0.12302777777777778
2 0.9897031249999999 0.22176388888888887 0.02059375 0.10759722222222222
2 0.09601562500000001 0.793611111111111 0.0566796875 0.1851388888888889
2 0.7009765625 0.049694444444444444 0.026953125 0.09902777777777777
2 0.3756875 0.36620833333333336 0.0417109375 0.15606944444444446
2 0.11676562500000001 0.9148611111111111 0.0664296875 0.1642361111111111
2 0.51371875 0.04425 0.0222421875 0.08349999999999999
2 0.056414062499999994 0.16025 0.026375 0.12075
2 0.3182578125 0.4669027777777778 0.050070312500000005 0.1602222222222222
2 0.60746875 0.06243055555555556 0.0256484375 0.11095833333333334
2 0.6233046875 0.05723611111111111 0.025234374999999996 0.11169444444444444
2 0.0836875 0.099125 0.0259140625 0.09920833333333334
2 0.4280546875 0.10204166666666667 0.02521875 0.11920833333333333
2 0.9091015625000001 0.13520833333333332 0.033015625 0.07037500000000001
2 0.48660156250000003 0.10444444444444445 0.0272890625 0.11633333333333334
2 0.8905703125000001 0.09531944444444444 0.029281249999999998 0.10101388888888889
2 0.58375 0.01576388888888889 0.0258125 0.03154166666666667
2 0.131390625 0.03841666666666667 0.0399453125 0.0746388888888889
2 0.459484375 0.10895833333333334 0.02678125 0.11695833333333333
2 0.991609375 0.35127777777777774 0.01678125 0.10665277777777779
2 0.31439062500000003 0.3532638888888889 0.0384453125 0.10538888888888888
2 0.2255546875 0.4583611111111111 0.0237578125 0.05702777777777778
2 0.8747109375000001 0.10468055555555557 0.02240625 0.10733333333333334
2 0.1918515625 0.5132083333333333 0.03409375 0.1475138888888889
2 0.2178046875 0.5300277777777778 0.045625 0.15291666666666665
2 0.2537421875 0.5321944444444444 0.0495078125 0.142125
2 0.6617421875 0.022319444444444444 0.0210859375 0.04463888888888889
2 0.6644687499999999 0.05248611111111111 0.01484375 0.08809722222222222
2 0.6457890625 0.043180555555555555 0.016953125 0.06529166666666666