2 0.67059375 0.13320833333333332 0.026171875 0.11445833333333333
2 0.9654140625000001 0.5914444444444444 0.0501484375 0.16931944444444444
2 0.40402343749999997 0.5502638888888889 0.037984375 0.1485277777777778
2 0.5013828124999999 0.55725 0.038484375 0.14965277777777777
2 0.4989609375 0.16656944444444446 0.034648437500000004 0.11856944444444445
2 0.8863515625 0.12356944444444444 0.040828125 0.11558333333333333
2 0.676140625 0.9040416666666666 0.0474140625 0.15070833333333333
2 0.8153515625000001 0.7793611111111111 0.0467421875 0.1744861111111111
2 0.7781796875 0.9508888888888889 0.0512890625 0.09820833333333333
2 0.9788359375000001 0.14768055555555556 0.0410703125 0.11356944444444445
2 0.5599921875 0.08390277777777777 0.025421875 0.10943055555555556
2 0.96446875 0.08436111111111111 0.0312421875 0.11791666666666667
2 0.7329296875 0.08158333333333334 0.02703125 0.12538888888888888
2 0.5316484375 0.16691666666666669 0.0287734375 0.1077638888888889
2 0.5941171875 0.7570416666666667 0.0504296875 0.189125
2 0.9304375 0.08806944444444444 0.036851562500000004 0.11727777777777777
2 0.674484375 0.023958333333333335 0.023804687499999998 0.04793055555555555
2 0.0382578125 0.17029166666666667 0.0360078125 0.114125
2 0.021718750000000002 0.6236527777777777 0.0434296875 0.18287499999999998
2 0.10503906249999999 0.252625 0.04415625 0.13826388888888888
2 0.6440078125 0.034027777777777775 0.020304687499999998 0.06805555555555555
2 0.610421875 0.035916666666666666 0.023679687499999998 0.07184722222222222
2 0.387125 0.23438888888888887 0.034749999999999996 0.14450000000000002
2 0.550734375 0.9658611111111111 0.061750000000000006 0.06826388888888889
2 0.7521640625 0.035944444444444446 0.0277890625 0.071875
2 0.44378906249999994 0.06418055555555556 0.0153671875 0.09431944444444444
2 0.9870859375000001 0.21143055555555554 0.0258359375 0.11623611111111111
2 0.5129453125000001 0.058902777777777776 0.033875 0.11779166666666667
2 0.592515625 0.04079166666666667 0.018765625 0.06686111111111111
2 0.5529843750000001 0.16706944444444446 0.020499999999999997 0.10856944444444444
2 0.21814062500000003 0.5206666666666666 0.042015625 0.1515138888888889
2 0.2498515625 0.5078611111111111 0.030906250000000003 0.123875
2 0.1896953125 0.4926666666666667 0.0361015625 0.14663888888888887
2 0.011703125 0.35744444444444445 0.02271875 0.11276388888888889
2 0.5205859375 0.02026388888888889 0.018140625 0.04054166666666667
2 0.9948593750000001 0.3412222222222222 0.0102890625 0.09388888888888888
2 0.18084375 0.010541666666666666 0.0349296875 0.020944444444444446
2 0.226375 0.4574861111111111 0.02090625 0.054000000000000006
2 0.9459140625 0.005652777777777778 0.0210859375 0.011013888888888889