2 0.8125937499999999 0.17645833333333333 0.0300234375 0.13093055555555555
2 0.62934375 0.4894861111111111 0.032109375 0.12440277777777776
2 0.5683125 0.25427777777777777 0.0313359375 0.12893055555555555
2 0.5081015625 0.7375138888888889 0.0466875 0.1661111111111111
2 0.664171875 0.3837777777777778 0.0363046875 0.15052777777777776
2 0.4997421875 0.049874999999999996 0.026476562500000002 0.09645833333333334
2 0.4854140625 0.29012499999999997 0.030367187499999997 0.13409722222222223
2 0.3818125 0.46918055555555555 0.0426796875 0.1569722222222222
2 0.370375 0.10329166666666667 0.027468749999999997 0.12002777777777777
2 0.9308671875 0.34773611111111113 0.0421796875 0.13915277777777776
2 0.38692187499999997 0.052069444444444446 0.027000000000000003 0.100625
2 0.2985234375 0.8839583333333334 0.05390625 0.17995833333333333
2 0.04528125 0.7233611111111112 0.05171875 0.17206944444444444
2 0.6291328125 0.11295833333333333 0.031718750000000004 0.11348611111111111
2 0.4216953125 0.9340555555555555 0.04840625 0.12816666666666668
2 0.52434375 0.5855277777777778 0.04425 0.17325
2 0.5327265625 0.04679166666666666 0.0211484375 0.09202777777777779
2 0.4634921875 0.04455555555555556 0.0285234375 0.08779166666666667
2 0.973984375 0.2085972222222222 0.03096875 0.11386111111111112
2 0.2780703125 0.6851388888888889 0.042710937500000004 0.14965277777777777
2 0.7309375 0.08230555555555555 0.023171875 0.12593055555555555
2 0.9505234375 0.20925 0.02953125 0.10901388888888888
2 0.6438906249999999 0.03215277777777777 0.0212265625 0.06429166666666666
2 0.037578125000000004 0.16854166666666665 0.036117187499999995 0.12052777777777778
2 0.4382578125 0.050041666666666665 0.026257812499999998 0.0976111111111111
2 0.9811875000000001 0.6412083333333334 0.037617187499999996 0.1806666666666667
2 0.14878906249999999 0.9702222222222221 0.054203125 0.059555555555555556
2 0.8648984375 0.01927777777777778 0.03184375 0.03855555555555556
2 0.5505078125 0.3727361111111111 0.023890625 0.11740277777777777
2 0.1245859375 0.12254166666666667 0.04340625 0.13634722222222223
2 0.21911718750000003 0.5213888888888889 0.0425234375 0.1535
2 0.2243671875 0.4493333333333333 0.026140625 0.06177777777777777
2 0.992578125 0.02622222222222222 0.014835937499999998 0.052458333333333336
2 0.2961640625 0.06083333333333333 0.0196015625 0.09494444444444444
2 0.6103671875 0.03306944444444444 0.024703125 0.06613888888888889
2 0.18853906250000002 0.4999027777777778 0.032640625 0.1398472222222222
2 0.25115625 0.5101527777777778 0.0363359375 0.13427777777777777