2 0.5621484375 0.10665277777777779 0.027226562500000002 0.11074999999999999
2 0.6646015625 0.16990277777777776 0.0287421875 0.12313888888888888
2 0.500390625 0.14243055555555556 0.0295 0.1151388888888889
2 0.9176171875 0.1401388888888889 0.045703125 0.124875
2 0.9544140625 0.5355833333333333 0.048593750000000005 0.14118055555555556
2 0.40280468750000004 0.6008333333333333 0.039796874999999995 0.15058333333333335
2 0.5496640625 0.9148611111111111 0.0601328125 0.17027777777777778
2 0.8066093750000001 0.8762222222222222 0.04715625 0.20245833333333335
2 0.7619765625 0.04834722222222222 0.026632812500000002 0.09434722222222224
2 0.109546875 0.23030555555555554 0.0457578125 0.14141666666666666
2 0.0375625 0.16940277777777776 0.0319765625 0.11313888888888889
2 0.7309921875 0.08156944444444444 0.0219453125 0.12540277777777778
2 0.380140625 0.27090277777777777 0.044421875 0.15506944444444445
2 0.5318125 0.14394444444444446 0.025539062499999998 0.10352777777777779
2 0.55034375 0.18862500000000001 0.02378125 0.10720833333333334
2 0.675609375 0.03340277777777778 0.0254296875 0.06681944444444445
2 0.49929687500000003 0.5081805555555555 0.0355078125 0.15786111111111112
2 0.6442812499999999 0.03320833333333333 0.0199609375 0.06641666666666667
2 0.9459765625 0.10326388888888888 0.02878125 0.10819444444444445
2 0.98915625 0.30545833333333333 0.0216796875 0.11326388888888889
2 0.6706328125 0.823875 0.041640625 0.15938888888888889
2 0.986015625 0.17431944444444444 0.027968749999999997 0.12562500000000001
2 0.6105390625 0.035833333333333335 0.0228671875 0.07166666666666667
2 0.5073203125 0.04718055555555555 0.029187499999999998 0.0943611111111111
2 0.9794765625 0.10263888888888889 0.0364375 0.11479166666666668
2 0.5931093749999999 0.04627777777777778 0.0191171875 0.06806944444444445
2 0.3728203125 0.017805555555555557 0.019640625000000002 0.035611111111111114
2 0.23628125 0.9867638888888889 0.0567421875 0.02647222222222222
2 0.216984375 0.5150833333333333 0.04378125 0.1595
2 0.2526015625 0.5100694444444445 0.036921875 0.1355972222222222
2 0.4251953125 0.065875 0.015210937499999999 0.09450000000000001
2 0.6521953125 0.8322222222222223 0.0706640625 0.18991666666666668
2 0.2291796875 0.44848611111111114 0.0195625 0.051875000000000004
2 0.18796875 0.4976944444444444 0.037593749999999995 0.153375
2 0.6385546875 0.8319305555555556 0.044546875 0.1796388888888889
2 0.0080078125 0.31404166666666666 0.015757812500000003 0.12315277777777778
2 0.5204296875 0.012458333333333333 0.0182734375 0.024930555555555553
2 0.5890234375000001 0.04163888888888889 0.017460937500000002 0.06826388888888889
2 0.49516406249999995 0.01163888888888889 0.015765625 0.02318055555555556
2 0.4599921875 0.008 0.0168125 0.015944444444444445
2 0.007593750000000001 0.6068888888888888 0.0150390625 0.14330555555555557
2 0.44019531250000005 0.006486111111111111 0.0160390625 0.012958333333333334