2 0.5680703125 0.2896944444444445 0.032375 0.12540277777777778
2 0.6697890625 0.43165277777777783 0.036859375 0.14302777777777778
2 0.97171875 0.19108333333333336 0.0332265625 0.1177638888888889
2 0.624015625 0.44237499999999996 0.034265625 0.12659722222222222
2 0.9765546875 0.5795277777777778 0.0468984375 0.17504166666666668
2 0.3013359375 0.8101388888888889 0.05078125 0.1776111111111111
2 0.1350234375 0.9243611111111111 0.056320312500000004 0.15129166666666669
2 0.0268984375 0.6632916666666666 0.053804687500000004 0.15820833333333334
2 0.5022890624999999 0.6762083333333333 0.043828125 0.168125
2 0.4862109375 0.25533333333333336 0.02978125 0.12368055555555556
2 0.5023203125 0.037736111111111116 0.0287109375 0.07547222222222223
2 0.28210156249999996 0.632625 0.0405390625 0.14347222222222222
2 0.37013281249999996 0.13640277777777776 0.030289062500000002 0.12476388888888888
2 0.8197421874999999 0.20401388888888888 0.0331328125 0.12743055555555555
2 0.551234375 0.41397222222222224 0.0254765625 0.12837500000000002
2 0.516546875 0.5312777777777777 0.044234375 0.1684027777777778
2 0.38585156249999997 0.07634722222222222 0.024890625 0.10851388888888888
2 0.43930468749999996 0.05811111111111111 0.023640625000000002 0.11304166666666667
2 0.2681953125 0.06563888888888889 0.028859375 0.09084722222222222
2 0.3785546875 0.5260972222222222 0.045359375 0.18081944444444445
2 0.4597734375 0.05423611111111111 0.026382812500000002 0.10655555555555556
2 0.534296875 0.03977777777777778 0.0228828125 0.07591666666666666
2 0.044640625 0.15938888888888889 0.031890625 0.12002777777777777
2 0.7316640624999999 0.08379166666666667 0.023234374999999998 0.1257361111111111
2 0.941265625 0.1857916666666667 0.0276484375 0.10897222222222222
2 0.8264609374999999 0.018791666666666665 0.0404765625 0.03758333333333333
2 0.12181249999999999 0.10481944444444444 0.0435703125 0.13445833333333335
2 0.6466328125 0.03488888888888889 0.021640625 0.06977777777777779
2 0.6235546875 0.14311111111111113 0.026953125 0.1055
2 0.92640625 0.3148888888888889 0.0411484375 0.14370833333333333
2 0.22496093749999999 0.44859722222222226 0.0255546875 0.06365277777777778
2 0.622625 0.028972222222222222 0.0219375 0.057944444444444444
2 0.21951562500000002 0.5213055555555555 0.0397421875 0.15320833333333334
2 0.9300859375 0.2805416666666667 0.0402265625 0.07116666666666667
2 0.2501484375 0.508638888888889 0.03503125 0.13572222222222222
2 0.18928125 0.4989722222222222 0.0377109375 0.1457638888888889
2 0.42190625 0.9842638888888888 0.053421874999999994 0.03145833333333333
2 0.6051640625 0.043722222222222225 0.022593750000000003 0.06490277777777777