2 0.49871875 0.12768055555555557 0.0328671875 0.10861111111111112
2 0.6623515624999999 0.182 0.029015625 0.12391666666666666
2 0.8037265625 0.9030277777777778 0.0515625 0.18316666666666667
2 0.9518515624999999 0.5160277777777778 0.0473515625 0.15052777777777776
2 0.550109375 0.8962916666666667 0.0571328125 0.20743055555555553
2 0.5648359375 0.12368055555555556 0.026351562499999998 0.11698611111111111
2 0.497390625 0.47705555555555557 0.03309375 0.1484861111111111
2 0.9319296874999999 0.1465972222222222 0.0399453125 0.1202361111111111
2 0.03825 0.16997222222222222 0.0331484375 0.11019444444444446
2 0.7311875 0.08119444444444444 0.0214375 0.12145833333333333
2 0.6735546875 0.03743055555555556 0.026609375 0.07484722222222222
2 0.7654765625 0.058819444444444445 0.027742187499999998 0.11416666666666667
2 0.66175 0.8365416666666666 0.05982031249999999 0.2634444444444445
2 0.40115625 0.6353888888888889 0.042171875 0.15841666666666668
2 0.382515625 0.27873611111111113 0.0384375 0.147625
2 0.5311250000000001 0.13018055555555555 0.024078125 0.09518055555555556
2 0.24157812500000003 0.9595138888888889 0.0566171875 0.08097222222222222
2 0.66340625 0.7753472222222222 0.045890625000000004 0.142
2 0.645421875 0.03297222222222222 0.019421874999999998 0.06595833333333334
2 0.113265625 0.21343055555555554 0.0530625 0.13677777777777778
2 0.987765625 0.2987777777777778 0.02446875 0.11966666666666666
2 0.9889453125 0.19556944444444443 0.022101562499999998 0.09090277777777778
2 0.5502343749999999 0.21023611111111112 0.0217734375 0.11534722222222221
2 0.6104453125 0.035305555555555555 0.0226328125 0.07061111111111111
2 0.41015625 0.06818055555555556 0.023265625 0.09344444444444444
2 0.5034921875 0.040652777777777774 0.0276171875 0.08130555555555555
2 0.5933984375 0.04668055555555555 0.01884375 0.06955555555555555
2 0.21886718749999998 0.5195277777777778 0.0443125 0.1516111111111111
2 0.371765625 0.020791666666666667 0.0217109375 0.04158333333333333
2 0.9861093750000001 0.11263888888888889 0.02778125 0.12004166666666667
2 0.95603125 0.10108333333333333 0.0297421875 0.08958333333333333
2 0.9549218749999999 0.12506944444444443 0.038578125000000005 0.14308333333333334
2 0.2516484375 0.5090833333333333 0.03765625 0.13201388888888888
2 0.9874296875 0.012305555555555554 0.0242734375 0.024611111111111108
2 0.23265625 0.4465138888888889 0.0236484375 0.0546388888888889
2 0.1329609375 0.011541666666666667 0.0375625 0.02309722222222222
2 0.009203125 0.31808333333333333 0.0176171875 0.10622222222222223
2 0.190796875 0.49675 0.0390625 0.14343055555555556
2 0.438875 0.010166666666666668 0.01996875 0.02025
2 0.589546875 0.041152777777777774 0.0176796875 0.06879166666666667
2 0.4608203125 0.013444444444444445 0.0171484375 0.026583333333333334