2 0.6654140625 0.40165277777777775 0.036453124999999996 0.14306944444444444
2 0.03721875 0.6885138888888889 0.051007812500000006 0.15266666666666667
2 0.5698125 0.2725138888888889 0.0321171875 0.12916666666666668
2 0.625359375 0.4613611111111111 0.0322578125 0.12156944444444445
2 0.8163828125 0.18825 0.0321171875 0.13141666666666668
2 0.296140625 0.8467777777777777 0.050554687499999994 0.1661111111111111
2 0.5001015625 0.04577777777777778 0.0285703125 0.08905555555555557
2 0.373828125 0.5049166666666667 0.05040625 0.18361111111111109
2 0.368328125 0.11856944444444445 0.028499999999999998 0.121125
2 0.927484375 0.33320833333333333 0.041859375 0.13729166666666665
2 0.6270546875 0.127625 0.0273359375 0.10575
2 0.9811953125 0.6063611111111111 0.037617187499999996 0.17243055555555556
2 0.3861953125 0.0639861111111111 0.02590625 0.10897222222222222
2 0.4201796875 0.957125 0.050554687499999994 0.08575
2 0.140515625 0.9471666666666667 0.055359375 0.10566666666666666
2 0.5334218749999999 0.04583333333333333 0.0220625 0.08856944444444445
2 0.4868359375 0.2803888888888889 0.028234375 0.13833333333333334
2 0.9729374999999999 0.20323611111111112 0.031734374999999995 0.11772222222222223
2 0.503484375 0.7188472222222223 0.043734375 0.17720833333333333
2 0.5222187500000001 0.5716111111111111 0.0450234375 0.1735972222222222
2 0.2793671875 0.6585555555555556 0.0393984375 0.14394444444444446
2 0.4398671875 0.05038888888888889 0.023203124999999998 0.09741666666666667
2 0.462671875 0.05002777777777778 0.024531249999999998 0.09836111111111111
2 0.84978125 0.01922222222222222 0.040109375 0.03844444444444444
2 0.7312421875 0.08223611111111111 0.023078124999999998 0.12866666666666668
2 0.6450625 0.03429166666666667 0.022703124999999998 0.06856944444444445
2 0.9488984374999999 0.19601388888888888 0.028734375 0.10505555555555555
2 0.551484375 0.3956527777777778 0.022828124999999998 0.13333333333333333
2 0.12335937500000001 0.1146388888888889 0.040875 0.13240277777777779
2 0.042609375 0.16676388888888888 0.0353359375 0.11583333333333334
2 0.2876953125 0.06829166666666667 0.0287109375 0.09156944444444445
2 0.6187578125 0.029902777777777778 0.02346875 0.059819444444444446
2 0.2235703125 0.44879166666666664 0.027203125 0.06186111111111111
2 0.6027109375 0.044694444444444446 0.021515625 0.0652361111111111
2 0.21857031249999997 0.5185138888888888 0.042015625 0.15569444444444444
2 0.1891328125 0.5000277777777777 0.0349296875 0.1468611111111111
2 0.25078125 0.5073888888888889 0.039015625 0.13569444444444445
2 0.9931093750000001 0.029583333333333333 0.0137890625 0.059166666666666666
2 0.9463515625 0.007125 0.022125 0.013930555555555555