2 0.676875 0.9271666666666666 0.0474765625 0.14566666666666667
2 0.671125 0.12927777777777777 0.0284921875 0.1185
2 0.49953906249999996 0.17093055555555556 0.0331640625 0.11622222222222223
2 0.9673046875000001 0.5947083333333333 0.051890625 0.15911111111111112
2 0.9750546874999999 0.13720833333333335 0.0345078125 0.11394444444444446
2 0.557171875 0.07445833333333333 0.024046875000000002 0.0959861111111111
2 0.4999375 0.5647777777777777 0.03609375 0.14873611111111112
2 0.7754140625 0.9419722222222222 0.05053125000000001 0.11604166666666667
2 0.81684375 0.7713055555555556 0.044765624999999996 0.18411111111111111
2 0.40597656249999997 0.5401944444444444 0.0364765625 0.148625
2 0.8801718749999999 0.11423611111111111 0.03446875 0.11865277777777779
2 0.961875 0.07602777777777778 0.031640625 0.11183333333333333
2 0.7320078125 0.08147222222222222 0.022203125 0.12020833333333333
2 0.532515625 0.169125 0.0272890625 0.10270833333333333
2 0.9858515625000001 0.20469444444444443 0.028296875 0.12266666666666666
2 0.3891875 0.22109722222222222 0.0341015625 0.13570833333333332
2 0.4505 0.06184722222222223 0.021984375 0.09491666666666668
2 0.5872499999999999 0.7476666666666667 0.0490078125 0.18888888888888888
2 0.9263359375 0.08206944444444444 0.033218750000000005 0.10972222222222222
2 0.64384375 0.03383333333333333 0.021453125 0.06765277777777778
2 0.6754687500000001 0.020569444444444446 0.0240078125 0.04113888888888889
2 0.022296875 0.6481666666666667 0.044601562500000004 0.1867916666666667
2 0.037453125 0.17201388888888888 0.035296875 0.11281944444444444
2 0.610203125 0.03648611111111111 0.023703125 0.07297222222222222
2 0.10198437499999999 0.2582083333333333 0.050937500000000004 0.14480555555555558
2 0.747578125 0.03243055555555556 0.0251484375 0.06484722222222222
2 0.5125390624999999 0.058638888888888886 0.0384296875 0.11727777777777777
2 0.5923437500000001 0.04080555555555555 0.0185234375 0.06445833333333333
2 0.55265625 0.16394444444444445 0.0197109375 0.09372222222222223
2 0.551078125 0.977388888888889 0.0635703125 0.045222222222222226
2 0.21678125 0.5190972222222222 0.0433828125 0.15270833333333333
2 0.2523359375 0.5109444444444444 0.032125 0.12826388888888887
2 0.013421875 0.3549861111111111 0.0261640625 0.14233333333333334
2 0.188890625 0.4929305555555556 0.034640625 0.1472638888888889
2 0.521015625 0.01934722222222222 0.021703125 0.03868055555555556
2 0.2256953125 0.45941666666666664 0.0208203125 0.058541666666666665
2 0.898234375 0.10715277777777779 0.0281796875 0.12161111111111111
2 0.9457890624999999 0.005541666666666667 0.0204609375 0.010805555555555556