2 0.5014921875 0.15280555555555556 0.0336328125 0.12204166666666667
2 0.6749453125 0.8457222222222222 0.0443203125 0.13545833333333335
2 0.6654765625 0.15102777777777776 0.0292734375 0.12184722222222223
2 0.9051640624999999 0.12865277777777778 0.037820312499999995 0.11573611111111111
2 0.9598281249999999 0.5553055555555555 0.0481796875 0.15691666666666668
2 0.9717734374999999 0.09349999999999999 0.0329921875 0.11009722222222222
2 0.56121875 0.10158333333333333 0.027250000000000003 0.11790277777777777
2 0.40318750000000003 0.5841388888888889 0.039554687500000005 0.15666666666666668
2 0.10848437500000001 0.23729166666666665 0.0444609375 0.1413888888888889
2 0.500515625 0.5196805555555556 0.03440625 0.14665277777777777
2 0.8065234374999999 0.8358472222222222 0.0504765625 0.1915
2 0.9850937500000001 0.1625138888888889 0.0298125 0.12841666666666665
2 0.3876484375 0.24962499999999999 0.0369140625 0.14301388888888888
2 0.6762421875 0.02876388888888889 0.02559375 0.057541666666666665
2 0.7318828125 0.08259722222222222 0.0240390625 0.12369444444444445
2 0.5316015625 0.15341666666666665 0.024898437500000002 0.10122222222222221
2 0.038328125000000005 0.16909722222222223 0.0350703125 0.11551388888888889
2 0.7581249999999999 0.04145833333333333 0.026351562499999998 0.08293055555555556
2 0.9377734375 0.09709722222222222 0.032109375 0.11411111111111111
2 0.624609375 0.7924166666666667 0.0492734375 0.2028611111111111
2 0.5465312499999999 0.9386527777777778 0.066734375 0.12270833333333332
2 0.644328125 0.03372222222222222 0.02028125 0.06744444444444445
2 0.5068203125 0.051486111111111114 0.033859375000000004 0.10145833333333333
2 0.7770390625 0.9767916666666666 0.0569453125 0.04641666666666667
2 0.610546875 0.035958333333333335 0.0242265625 0.07191666666666667
2 0.550671875 0.17998611111111112 0.02315625 0.11133333333333333
2 0.01046875 0.3337638888888889 0.0203515625 0.13180555555555556
2 0.5926953125 0.04606944444444445 0.018187500000000002 0.066875
2 0.2504296875 0.5128333333333334 0.033609375000000004 0.12720833333333334
2 0.4353671875 0.06576388888888889 0.01978125 0.09293055555555554
2 0.020867187500000002 0.6095138888888889 0.0417421875 0.17120833333333332
2 0.218546875 0.5187083333333333 0.043578125 0.15825
2 0.189625 0.4989722222222222 0.0380546875 0.14863888888888888
2 0.9905703125 0.3225555555555556 0.018859375 0.11643055555555555
2 0.5208203124999999 0.013694444444444443 0.0192734375 0.027388888888888886
2 0.5880703125 0.041375 0.016453125 0.06781944444444445
2 0.22800781250000002 0.4517361111111111 0.0193828125 0.052111111111111115