2 0.610171875 0.33868055555555554 0.029648437500000003 0.11236111111111112
2 0.663375 0.5751805555555556 0.042796875 0.15655555555555556
2 0.8329375000000001 0.2828611111111111 0.035296875 0.14202777777777778
2 0.5683984375 0.38608333333333333 0.0330234375 0.14123611111111112
2 0.381765625 0.660625 0.052234375 0.18020833333333333
2 0.6176875 0.20005555555555554 0.029398437500000003 0.11287499999999999
2 0.371625 0.20908333333333332 0.0322890625 0.1307638888888889
2 0.3854765625 0.13511111111111113 0.026773437500000004 0.10825
2 0.49059375000000005 0.19006944444444443 0.025289062499999997 0.12020833333333333
2 0.9485859375000001 0.44526388888888885 0.043484375 0.1612222222222222
2 0.0939921875 0.7706111111111111 0.0528046875 0.17898611111111112
2 0.292234375 0.5148194444444445 0.03665625 0.1325
2 0.2972109375 0.6672222222222222 0.047140625000000005 0.15758333333333333
2 0.4949296875 0.5489166666666667 0.040023437499999995 0.14915277777777777
2 0.4355390625 0.07841666666666666 0.024781249999999998 0.11679166666666667
2 0.5497578125 0.5309861111111112 0.027546875 0.1365972222222222
2 0.45585156250000003 0.08156944444444444 0.028999999999999998 0.11401388888888889
2 0.731890625 0.08469444444444443 0.024234375 0.127875
2 0.1238671875 0.06593055555555555 0.039390625 0.12145833333333333
2 0.5108203125 0.4256666666666667 0.0391171875 0.1592361111111111
2 0.916390625 0.24130555555555558 0.0407265625 0.13744444444444442
2 0.05115625 0.1570138888888889 0.029726562499999998 0.12213888888888888
2 0.22345312499999997 0.4502777777777778 0.0281796875 0.06826388888888889
2 0.3796484375 0.03197222222222222 0.02046875 0.06394444444444444
2 0.6632421875000001 0.03768055555555556 0.0251328125 0.07534722222222222
2 0.2502890625 0.50875 0.031328125 0.12880555555555556
2 0.9436640625000001 0.15533333333333335 0.029343750000000002 0.11888888888888888
2 0.5214140625 0.018458333333333334 0.021171875 0.03690277777777778
2 0.5933437500000001 0.01634722222222222 0.0189765625 0.03269444444444444
2 0.5013515625 0.021791666666666668 0.01865625 0.043555555555555556
2 0.2201640625 0.5247083333333333 0.0414921875 0.15040277777777777
2 0.1906171875 0.5035 0.0341015625 0.14308333333333334
2 0.614671875 0.03715277777777778 0.024406249999999997 0.07169444444444444
2 0.20310156250000003 0.07052777777777777 0.020203125 0.09616666666666666
2 0.6348359375 0.03984722222222222 0.026523437500000004 0.07819444444444444
2 0.5466328125000001 0.008680555555555556 0.014859375 0.017083333333333336
2 0.925953125 0.1485138888888889 0.02553125 0.10109722222222223
2 0.9467734374999999 0.00775 0.019484375 0.015222222222222224
2 0.7452578125 0.014319444444444445 0.0314609375 0.028652777777777777
2 0.6163671875000001 0.012861111111111111 0.0194765625 0.025708333333333337