2 0.5686484375 0.2865972222222222 0.031718750000000004 0.13229166666666667
2 0.135578125 0.9305416666666667 0.0541484375 0.13891666666666666
2 0.6229140625 0.4508194444444444 0.037546875 0.13099999999999998
2 0.0298359375 0.6729166666666667 0.0531875 0.15820833333333334
2 0.2989296875 0.822875 0.050898437500000004 0.18265277777777778
2 0.501875 0.043152777777777776 0.029328125 0.08348611111111111
2 0.9768359375 0.5872638888888889 0.0463203125 0.174125
2 0.66865625 0.42368055555555556 0.036390624999999996 0.14043055555555556
2 0.37075 0.13481944444444444 0.0318125 0.12775
2 0.930671875 0.317125 0.040828125 0.1478611111111111
2 0.5176093749999999 0.5395138888888888 0.045984375 0.1706527777777778
2 0.971453125 0.18977777777777777 0.032945312500000004 0.11252777777777777
2 0.48657031249999994 0.2581111111111111 0.029656250000000002 0.1218611111111111
2 0.5016015625 0.6806527777777778 0.043546875 0.15829166666666666
2 0.2841796875 0.6422361111111111 0.041015625 0.1505
2 0.8188203125 0.2033611111111111 0.03253125 0.13352777777777777
2 0.534984375 0.04040277777777778 0.02103125 0.076875
2 0.0428203125 0.1625138888888889 0.0319296875 0.11354166666666667
2 0.6248515625 0.14045833333333332 0.0279296875 0.11044444444444444
2 0.5510859375 0.41052777777777777 0.024609375 0.1287361111111111
2 0.730609375 0.08320833333333333 0.020304687499999998 0.1235138888888889
2 0.3855625 0.07677777777777778 0.0248046875 0.10919444444444446
2 0.943296875 0.19193055555555555 0.030929687500000004 0.10854166666666668
2 0.37753125 0.5115694444444444 0.04659375 0.18098611111111113
2 0.46048437499999995 0.05738888888888889 0.026265624999999997 0.1118888888888889
2 0.43988281249999994 0.058277777777777776 0.0236015625 0.11402777777777777
2 0.12348437500000001 0.11170833333333334 0.045546875 0.13102777777777777
2 0.8328671875 0.018472222222222223 0.0271328125 0.03695833333333333
2 0.268125 0.061000000000000006 0.020453125 0.09143055555555556
2 0.6465078125 0.035055555555555555 0.023421875 0.07009722222222223
2 0.42210937499999995 0.9740972222222223 0.0530859375 0.051791666666666666
2 0.218734375 0.5189027777777778 0.0414296875 0.15375
2 0.224828125 0.448625 0.026187500000000002 0.06416666666666668
2 0.189921875 0.5016388888888889 0.03471875 0.14747222222222223
2 0.6214999999999999 0.03197222222222222 0.0218359375 0.06394444444444444
2 0.6035781250000001 0.04113888888888889 0.02290625 0.07006944444444445
2 0.2519609375 0.5069305555555556 0.0380234375 0.13526388888888888
2 0.9467343749999999 0.006875 0.021265625 0.013402777777777779