2 0.6313046875 0.5259722222222222 0.037429687499999996 0.12916666666666668
2 0.5689765625 0.23491666666666663 0.030648437499999997 0.12365277777777778
2 0.5016015625 0.05722222222222222 0.029453125000000004 0.10772222222222222
2 0.5067109375000001 0.7841250000000001 0.045609375 0.16330555555555556
2 0.2952734375 0.9159861111111111 0.0523828125 0.16195833333333334
2 0.4866796875 0.31429166666666664 0.029148437500000002 0.13431944444444444
2 0.9338359374999999 0.37205555555555553 0.04625 0.1450138888888889
2 0.532578125 0.057125 0.0222421875 0.09858333333333334
2 0.370421875 0.08820833333333333 0.025828125 0.12306944444444444
2 0.0738984375 0.7637916666666666 0.0542265625 0.16584722222222223
2 0.458671875 0.03704166666666667 0.02578125 0.07406944444444444
2 0.802125 0.15575 0.0315859375 0.12652777777777777
2 0.5321171875 0.6228611111111111 0.0470625 0.16749999999999998
2 0.663671875 0.3481388888888889 0.033437499999999995 0.13902777777777778
2 0.3871015625 0.04841666666666666 0.0227109375 0.09305555555555556
2 0.42223437500000005 0.90375 0.049148437499999996 0.1872083333333333
2 0.43746093750000004 0.03906944444444444 0.025468750000000002 0.07815277777777778
2 0.3794453125 0.4457083333333334 0.05 0.19076388888888887
2 0.30721875 0.06643055555555555 0.025390625 0.09122222222222223
2 0.2745546875 0.7317222222222223 0.0427734375 0.152
2 0.644140625 0.030805555555555555 0.022101562499999998 0.06161111111111111
2 0.038953125 0.17016666666666666 0.0306875 0.12193055555555557
2 0.640390625 0.09855555555555555 0.028000000000000004 0.11863888888888889
2 0.8880156250000001 0.019555555555555555 0.0376640625 0.03911111111111111
2 0.9811796875000001 0.22294444444444445 0.035312500000000004 0.13004166666666667
2 0.5481953125000001 0.342 0.023554687499999998 0.12747222222222224
2 0.731046875 0.08355555555555555 0.0234375 0.12506944444444443
2 0.9865703124999999 0.7087361111111111 0.0268671875 0.17733333333333334
2 0.4820390625 0.021430555555555557 0.021171875 0.042861111111111114
2 0.9544765625 0.22043055555555557 0.026453125 0.11493055555555555
2 0.12081249999999999 0.1319722222222222 0.0359609375 0.12395833333333334
2 0.2296953125 0.4466111111111111 0.0211875 0.05963888888888889
2 0.9918046875 0.024722222222222222 0.016398437499999998 0.049444444444444444
2 0.21819531250000002 0.522611111111111 0.042726562499999995 0.15418055555555557
2 0.6118046875 0.03248611111111111 0.025820312499999998 0.06497222222222222
2 0.25017187500000004 0.5111388888888888 0.0387578125 0.13672222222222222
2 0.18834375 0.5020138888888889 0.032640625 0.1366527777777778