2 0.63003125 0.49683333333333335 0.03425 0.12091666666666667
2 0.5678359375 0.24609722222222222 0.031453125 0.12454166666666668
2 0.5082578125 0.7515416666666667 0.0463984375 0.17350000000000002
2 0.8117734375 0.16998611111111112 0.030882812500000002 0.1279722222222222
2 0.9313046875 0.35011111111111115 0.046015625 0.14426388888888889
2 0.047835937499999995 0.7320833333333334 0.053015625 0.16129166666666667
2 0.29997656250000004 0.8915555555555555 0.054921874999999995 0.18001388888888892
2 0.48496875 0.29844444444444446 0.030164062499999998 0.13419444444444445
2 0.387484375 0.049972222222222216 0.026476562500000002 0.09609722222222222
2 0.66490625 0.37224999999999997 0.0353203125 0.1478472222222222
2 0.277703125 0.6901111111111111 0.042640625 0.14484722222222224
2 0.37098437500000003 0.09629166666666666 0.028429687500000002 0.12116666666666666
2 0.5003828125 0.05258333333333333 0.0275859375 0.10466666666666667
2 0.6304296875000001 0.11124999999999999 0.0315625 0.10970833333333332
2 0.53253125 0.05106944444444445 0.022390625 0.09630555555555556
2 0.9755 0.20956944444444442 0.031015625 0.11526388888888889
2 0.42122656249999996 0.9231805555555557 0.04828125 0.14619444444444446
2 0.52884375 0.594875 0.05352343750000001 0.18748611111111113
2 0.039304687500000005 0.16587500000000002 0.0329296875 0.12759722222222222
2 0.6442890625000001 0.034 0.0227421875 0.068
2 0.9819531250000001 0.6518055555555555 0.0361015625 0.16509722222222223
2 0.7306640625 0.08275 0.0236328125 0.12530555555555556
2 0.3808515625 0.4627083333333333 0.04215625 0.16234722222222223
2 0.9510390624999999 0.21272222222222223 0.029703125000000004 0.10918055555555556
2 0.1491171875 0.9759444444444444 0.052031249999999994 0.04809722222222223
2 0.5489453125 0.36969444444444444 0.024898437500000002 0.12779166666666666
2 0.8758203124999999 0.020027777777777776 0.033445312500000005 0.04004166666666666
2 0.12171093749999999 0.12591666666666665 0.0368203125 0.12719444444444444
2 0.4390078125 0.04861111111111111 0.0275859375 0.09481944444444444
2 0.461703125 0.04504166666666667 0.029843750000000002 0.08808333333333333
2 0.2965703125 0.06447222222222222 0.0179765625 0.09647222222222221
2 0.22507031249999998 0.4469444444444445 0.026625 0.06669444444444445
2 0.9924531249999999 0.026055555555555557 0.01509375 0.052111111111111115
2 0.2186875 0.5221666666666667 0.042398437500000004 0.15430555555555556
2 0.6099453125000001 0.034027777777777775 0.024703125 0.06805555555555555
2 0.18834375 0.5003194444444444 0.0326796875 0.13983333333333334
2 0.5976874999999999 0.049819444444444444 0.01896875 0.058125
2 0.25193750000000004 0.5073472222222223 0.038101562500000005 0.1365972222222222
2 0.9460234375000001 0.00673611111111111 0.0221796875 0.013138888888888891