2 0.500953125 0.15558333333333332 0.0341484375 0.12104166666666667
2 0.9845703125 0.159125 0.030859375 0.12493055555555556
2 0.97140625 0.0917361111111111 0.0327265625 0.11255555555555556
2 0.40321093750000003 0.57675 0.038953125 0.15693055555555555
2 0.961375 0.5588888888888889 0.048343750000000005 0.15318055555555557
2 0.675421875 0.8569444444444444 0.045296875 0.14991666666666667
2 0.6652734375 0.15190277777777778 0.0306875 0.12115277777777779
2 0.9364921875000001 0.09944444444444443 0.032703125 0.12154166666666667
2 0.5609765624999999 0.09568055555555556 0.027218750000000003 0.11363888888888887
2 0.5005390625 0.5249027777777778 0.034734375 0.14806944444444445
2 0.9057968750000001 0.12640277777777778 0.040796874999999996 0.11544444444444445
2 0.8075468750000001 0.8285833333333333 0.050109375 0.19144444444444444
2 0.5318125 0.15519444444444444 0.0257265625 0.1035
2 0.6759296875 0.028805555555555553 0.0257265625 0.057611111111111106
2 0.1081953125 0.2378611111111111 0.0450859375 0.14056944444444444
2 0.7576484375 0.04008333333333333 0.0268046875 0.08018055555555555
2 0.7317421875 0.08251388888888889 0.0238671875 0.12345833333333334
2 0.038242187500000004 0.16897222222222222 0.03484375 0.11625
2 0.6207109375 0.796625 0.0496640625 0.20552777777777775
2 0.545921875 0.9361666666666666 0.069921875 0.12768055555555557
2 0.3856953125 0.24388888888888888 0.0376328125 0.14904166666666668
2 0.644421875 0.03358333333333333 0.0209296875 0.06718055555555555
2 0.55115625 0.17759722222222224 0.0225859375 0.10548611111111111
2 0.61040625 0.036291666666666667 0.02475 0.07259722222222223
2 0.7767031249999999 0.9745972222222222 0.0523203125 0.050791666666666666
2 0.51071875 0.053152777777777785 0.0404375 0.10629166666666667
2 0.020617187500000002 0.6152361111111111 0.0412421875 0.17472222222222222
2 0.010859375000000001 0.33320833333333333 0.021124999999999998 0.12829166666666666
2 0.592296875 0.04579166666666667 0.018351562499999998 0.06706944444444445
2 0.250375 0.512375 0.033484375 0.12752777777777777
2 0.43596874999999996 0.06591666666666667 0.021281249999999998 0.09304166666666666
2 0.2183671875 0.5183333333333333 0.04284375 0.1577361111111111
2 0.18903125 0.49580555555555555 0.0401484375 0.15379166666666666
2 0.991390625 0.33029166666666665 0.0172265625 0.10240277777777779
2 0.5200781250000001 0.018180555555555554 0.020125 0.03636111111111111
2 0.58796875 0.04415277777777778 0.0189453125 0.06643055555555555
2 0.1648828125 0.010583333333333333 0.0321640625 0.021097222222222222
2 0.22796093750000002 0.44962500000000005 0.0190546875 0.04780555555555556