2 0.4920078125 0.4735972222222222 0.0372109375 0.13366666666666666
2 0.5989140625 0.28729166666666667 0.0305234375 0.1131111111111111
2 0.8487890625000001 0.3386527777777778 0.037046875 0.1441111111111111
2 0.38603125 0.17868055555555556 0.029648437500000003 0.10520833333333333
2 0.5681328125 0.45073611111111106 0.0361875 0.14069444444444443
2 0.9383515625 0.9189444444444445 0.0676875 0.15541666666666668
2 0.3009765625 0.45790277777777777 0.034046875 0.12748611111111113
2 0.542953125 0.6207777777777778 0.0287734375 0.14093055555555556
2 0.6533671875 0.6922361111111112 0.045546875 0.17034722222222223
2 0.9402890625 0.37205555555555553 0.041984375000000004 0.14527777777777778
2 0.49046093749999997 0.15448611111111113 0.0259453125 0.11788888888888888
2 0.3736171875 0.26408333333333334 0.031656250000000004 0.1357361111111111
2 0.5980546875 0.03370833333333333 0.0378984375 0.06740277777777778
2 0.52809375 0.9698749999999999 0.0523359375 0.060250000000000005
2 0.058859375000000005 0.9713055555555556 0.059476562499999996 0.057402777777777775
2 0.729296875 0.09066666666666667 0.0200703125 0.12431944444444445
2 0.6219296875 0.24579166666666666 0.02828125 0.12090277777777778
2 0.3012578125 0.5927361111111111 0.047609374999999995 0.1552361111111111
2 0.4569296875 0.09795833333333334 0.02840625 0.12201388888888888
2 0.5202578124999999 0.3782777777777778 0.038703125 0.15733333333333333
2 0.9094687499999999 0.21919444444444444 0.037234375 0.1293888888888889
2 0.377546875 0.05319444444444444 0.0236953125 0.10133333333333333
2 0.4272265625 0.09194444444444445 0.0230859375 0.11523611111111111
2 0.0592890625 0.6746527777777778 0.05571875 0.1753333333333333
2 0.3807265625 0.7868194444444444 0.058296875000000005 0.21541666666666665
2 0.0533125 0.15737500000000001 0.0337890625 0.11938888888888888
2 0.924890625 0.120375 0.027015624999999998 0.09129166666666667
2 0.12607812499999999 0.05518055555555555 0.031765625 0.10741666666666667
2 0.22253124999999999 0.45605555555555555 0.0250859375 0.05633333333333334
2 0.675890625 0.04645833333333334 0.028367187500000002 0.09033333333333335
2 0.18996875 0.5090138888888889 0.0352109375 0.13816666666666666
2 0.9903671875000001 0.2806388888888889 0.019265625 0.12175
2 0.2192421875 0.5288055555555555 0.0394609375 0.14781944444444445
2 0.1581796875 0.08054166666666666 0.027773437499999998 0.09766666666666665
2 0.898296875 0.135625 0.0248515625 0.10183333333333332
2 0.24859375 0.5139722222222223 0.0328359375 0.1326388888888889
2 0.9935390625 0.019319444444444445 0.0125703125 0.03863888888888889
2 0.6460703125 0.04158333333333333 0.025890625 0.08315277777777777
2 0.5381640625 0.02201388888888889 0.021156249999999998 0.04386111111111111
2 0.9460078125000001 0.010486111111111111 0.0195 0.020555555555555556
2 0.6230546875 0.043791666666666666 0.025875 0.06141666666666667
2 0.50228125 0.011583333333333333 0.019859375000000002 0.023166666666666665
2 0.9895625000000001 0.49962500000000004 0.0202578125 0.11595833333333333