2 0.56975 0.49577777777777776 0.0369296875 0.1490277777777778
2 0.9133437499999999 0.8472777777777777 0.0546875 0.1827361111111111
2 0.0710546875 0.9205138888888889 0.059210937500000005 0.1515138888888889
2 0.5950624999999999 0.25654166666666667 0.026101562499999998 0.11172222222222222
2 0.368421875 0.8533749999999999 0.06499218749999999 0.24508333333333335
2 0.8599765625 0.374875 0.03940625 0.14797222222222223
2 0.9835 0.43979166666666664 0.033 0.1457638888888889
2 0.9349453125 0.3370972222222222 0.0433984375 0.14645833333333333
2 0.490328125 0.440375 0.03509375 0.13351388888888888
2 0.7295625 0.09237500000000001 0.021015625 0.1235
2 0.5393984374999999 0.6857361111111111 0.0328984375 0.15219444444444444
2 0.3083125 0.5467361111111111 0.043375000000000004 0.14781944444444445
2 0.6469296875 0.7711805555555555 0.051617187499999995 0.20470833333333333
2 0.37967968750000003 0.07044444444444445 0.0231875 0.10766666666666666
2 0.5248437499999999 0.345625 0.0378125 0.15568055555555557
2 0.5399375 0.9337222222222222 0.0480234375 0.13006944444444446
2 0.043859375 0.6305416666666667 0.0503515625 0.16933333333333334
2 0.6031875 0.04045833333333333 0.035875000000000004 0.08091666666666666
2 0.3730390625 0.30469444444444443 0.032234374999999996 0.14270833333333333
2 0.622953125 0.26981944444444445 0.030406250000000003 0.12044444444444444
2 0.31039062500000003 0.42670833333333336 0.0339921875 0.127125
2 0.056460937499999996 0.15827777777777777 0.029906250000000002 0.11879166666666667
2 0.38758593750000003 0.21179166666666668 0.027609375000000002 0.1244861111111111
2 0.4899765625 0.13243055555555555 0.02396875 0.12069444444444445
2 0.9094296875 0.1908611111111111 0.0360390625 0.12313888888888888
2 0.12460156250000001 0.9740416666666666 0.054015625 0.05191666666666667
2 0.9898906249999999 0.261 0.0202109375 0.11748611111111111
2 0.224171875 0.45519444444444446 0.024773437500000002 0.05915277777777778
2 0.1287578125 0.03902777777777778 0.030796875 0.07425
2 0.8913359375000001 0.12133333333333333 0.0325859375 0.10881944444444444
2 0.4284140625 0.0995138888888889 0.0245078125 0.11829166666666667
2 0.530359375 0.027000000000000003 0.0230625 0.054000000000000006
2 0.45692187500000003 0.10556944444444445 0.0271328125 0.12052777777777778
2 0.218609375 0.5292777777777777 0.0420390625 0.1476111111111111
2 0.19 0.5107916666666666 0.034109375 0.14081944444444444
2 0.9108124999999999 0.9521805555555556 0.0642734375 0.09563888888888888
2 0.13040625 0.09618055555555556 0.0286015625 0.08769444444444445
2 0.6828046875 0.06231944444444444 0.0223984375 0.0661111111111111
2 0.9874765625 0.015097222222222222 0.0222734375 0.02998611111111111
2 0.9466093750000001 0.01125 0.020640625000000003 0.022125
2 0.2493359375 0.5192916666666666 0.031828125 0.1277222222222222
2 0.6500078125 0.02013888888888889 0.0259140625 0.04027777777777778
2 0.6550234374999999 0.05134722222222222 0.017953125 0.06931944444444443
2 0.9133828125000001 0.10925 0.0285078125 0.09694444444444444
2 0.0050390625 0.8973611111111112 0.009796875 0.12159722222222222