2 0.863671875 0.7820416666666667 0.053921874999999994 0.17523611111111112
2 0.9316640625 0.238875 0.0362109375 0.13118055555555555
2 0.49546875 0.34718055555555555 0.034828125 0.12729166666666666
2 0.6123046875 0.7980416666666668 0.0390390625 0.16
2 0.9041015625 0.14156944444444444 0.03215625 0.123375
2 0.381140625 0.13677777777777778 0.027945312500000003 0.11843055555555555
2 0.5898984375 0.18493055555555557 0.025203125 0.09994444444444443
2 0.8489296875000001 0.6256527777777778 0.0434921875 0.15988888888888889
2 0.9447109375 0.3404861111111111 0.0417890625 0.14076388888888888
2 0.1095703125 0.9119027777777778 0.057640625 0.1703888888888889
2 0.5716171875 0.6405972222222223 0.0409453125 0.16988888888888887
2 0.635046875 0.9665555555555555 0.057140625 0.06688888888888889
2 0.10953125 0.7282916666666667 0.0478515625 0.1705
2 0.9037265624999999 0.4864583333333333 0.0391484375 0.1646111111111111
2 0.624828125 0.34952777777777777 0.0318671875 0.11844444444444445
2 0.40025000000000005 0.2967222222222222 0.031507812499999996 0.12925
2 0.535734375 0.26666666666666666 0.03753125 0.14969444444444444
2 0.372734375 0.40725000000000006 0.03909375 0.15841666666666668
2 0.7315546875 0.09400000000000001 0.024296875000000002 0.12566666666666668
2 0.6120625000000001 0.08634722222222223 0.026000000000000002 0.11052777777777778
2 0.5512890625 0.8738194444444444 0.0365859375 0.17581944444444444
2 0.139484375 0.030125000000000002 0.0313046875 0.06023611111111111
2 0.9884999999999999 0.3264722222222222 0.0230078125 0.13547222222222224
2 0.48409375 0.08297222222222222 0.026414062500000002 0.11370833333333334
2 0.990359375 0.20366666666666663 0.01928125 0.11066666666666668
2 0.22702343749999998 0.023680555555555555 0.0225546875 0.04734722222222223
2 0.5571796875 0.017208333333333332 0.030343750000000003 0.034416666666666665
2 0.6269609375 0.06755555555555556 0.0256640625 0.1141388888888889
2 0.7069765625 0.049124999999999995 0.0273828125 0.09824999999999999
2 0.8835234375000001 0.08704166666666667 0.023140625 0.10809722222222222
2 0.4279296875 0.10401388888888889 0.023609375 0.11558333333333333
2 0.45981249999999996 0.10930555555555556 0.030406250000000003 0.12308333333333334
2 0.31803125 0.4369722222222222 0.0573359375 0.16705555555555557
2 0.5095703125 0.05341666666666667 0.0232109375 0.10376388888888888
2 0.3159921875 0.3272638888888889 0.039390625 0.1
2 0.1919140625 0.5136111111111111 0.0323359375 0.1451111111111111
2 0.0094453125 0.5428888888888889 0.018671874999999998 0.14633333333333334
2 0.865984375 0.09733333333333333 0.025109375 0.10618055555555556
2 0.9534921875 0.015944444444444445 0.025234374999999996 0.03188888888888889
2 0.6660468749999999 0.05266666666666667 0.0235234375 0.09433333333333334
2 0.05689062499999999 0.08081944444444444 0.0187734375 0.05875
2 0.226375 0.4599861111111111 0.024906249999999998 0.05456944444444444
2 0.21935937499999997 0.5343611111111112 0.04353125 0.15113888888888888
2 0.26208593750000003 0.013902777777777778 0.017640625 0.027819444444444445
2 0.061 0.15433333333333335 0.032242187500000005 0.1371111111111111
2 0.25196874999999996 0.5235972222222223 0.0419453125 0.1302361111111111
2 0.6716015625 0.03897222222222222 0.022921875 0.07793055555555556
2 0.9956328125 0.014069444444444445 0.008546874999999999 0.027513888888888886
2 0.010203125 0.006416666666666667 0.019796875 0.012277777777777778
2 0.651765625 0.04620833333333334 0.018476562499999998 0.05