2 0.56834375 0.45875 0.0365234375 0.14670833333333333
2 0.3855234375 0.1832777777777778 0.028953125000000003 0.11266666666666668
2 0.4915625 0.47277777777777774 0.036789062500000004 0.137625
2 0.59884375 0.28252777777777777 0.029671874999999997 0.11266666666666668
2 0.853203125 0.346625 0.0365234375 0.14980555555555555
2 0.29667187500000003 0.58425 0.045953125 0.15118055555555554
2 0.936484375 0.9043333333333333 0.0672109375 0.1857916666666667
2 0.490296875 0.15319444444444444 0.024781249999999998 0.1187361111111111
2 0.05803125 0.9668611111111111 0.058953124999999995 0.06626388888888889
2 0.7295390625 0.09144444444444445 0.0200546875 0.12329166666666666
2 0.52834375 0.9658472222222222 0.052265625 0.06830555555555555
2 0.301375 0.4550694444444444 0.033265625 0.12616666666666668
2 0.6532109375 0.7075277777777778 0.0453359375 0.18556944444444445
2 0.542265625 0.6308750000000001 0.0295703125 0.14733333333333334
2 0.5983671875 0.03263888888888889 0.037359375 0.06526388888888889
2 0.3703046875 0.26861111111111113 0.033421875000000004 0.14205555555555555
2 0.377265625 0.05429166666666667 0.0244140625 0.10427777777777777
2 0.9431406250000001 0.37045833333333333 0.040953125 0.14650000000000002
2 0.0557109375 0.6795694444444444 0.047093750000000004 0.17473611111111112
2 0.520984375 0.37044444444444447 0.041265625 0.15713888888888888
2 0.6214609375 0.24580555555555555 0.0297890625 0.11655555555555555
2 0.45717968750000004 0.09838888888888889 0.028648437500000002 0.12556944444444443
2 0.42699999999999994 0.0969861111111111 0.025070312500000004 0.11906944444444445
2 0.053765625 0.1569861111111111 0.032984374999999996 0.11716666666666667
2 0.3805 0.7953055555555556 0.0541171875 0.21422222222222223
2 0.909453125 0.176875 0.046078125 0.20473611111111112
2 0.222515625 0.4558333333333333 0.0248046875 0.05544444444444445
2 0.1263828125 0.051875000000000004 0.033578125 0.10375000000000001
2 0.9899609375 0.2841111111111111 0.020078125 0.12868055555555558
2 0.6463828125 0.042041666666666665 0.024734375 0.08408333333333333
2 0.189703125 0.5089722222222222 0.0338515625 0.13733333333333334
2 0.67771875 0.04715277777777778 0.0253515625 0.09141666666666666
2 0.21890625 0.5293333333333333 0.0391875 0.14733333333333334
2 0.9931171875 0.01925 0.013328125 0.03848611111111111
2 0.24907812499999998 0.514375 0.0325078125 0.13020833333333334
2 0.988984375 0.4915972222222222 0.02203125 0.1323611111111111
2 0.155046875 0.08109722222222222 0.025265625000000003 0.09506944444444444
2 0.5384296875000001 0.021805555555555554 0.019539062500000003 0.043444444444444445
2 0.946265625 0.010541666666666666 0.020390625000000002 0.020666666666666667
2 0.9231562500000001 0.12016666666666666 0.030015625 0.0968611111111111
2 0.9007421875 0.13372222222222221 0.028164062499999996 0.10645833333333334
2 0.623328125 0.038 0.025031249999999998 0.07020833333333333
2 0.502453125 0.010875 0.0208828125 0.021763888888888888