2 0.5698515625 0.141125 0.0278515625 0.11605555555555556
2 0.6572265625 0.6864027777777777 0.041523437499999996 0.13558333333333333
2 0.6621640625 0.2214861111111111 0.0302109375 0.12984722222222222
2 0.403234375 0.6957361111111111 0.0398515625 0.15025000000000002
2 0.5011796875 0.10690277777777778 0.0295 0.11411111111111111
2 0.7773749999999999 0.07200000000000001 0.028468749999999998 0.11715277777777777
2 0.138359375 0.938375 0.058453124999999995 0.12323611111111112
2 0.951109375 0.4681388888888889 0.0459375 0.15884722222222222
2 0.25528125 0.9085694444444444 0.0487421875 0.15906944444444446
2 0.5306328125 0.10302777777777779 0.02296875 0.09697222222222221
2 0.5288828125 0.9609583333333334 0.056703125 0.07808333333333334
2 0.3825703125 0.31979166666666664 0.03853125 0.14970833333333333
2 0.730734375 0.07361111111111111 0.0196015625 0.12145833333333333
2 0.0399296875 0.16894444444444445 0.038078125000000004 0.11373611111111111
2 0.9665625 0.1608611111111111 0.05271875 0.14534722222222224
2 0.80721875 0.9670694444444444 0.0587265625 0.06584722222222222
2 0.495125 0.41927777777777775 0.0328515625 0.14244444444444446
2 0.7100546875 0.92725 0.0586640625 0.14318055555555556
2 0.49875781249999995 0.02876388888888889 0.029859375 0.05752777777777778
2 0.5506015625 0.810513888888889 0.0545390625 0.21052777777777779
2 0.6704296875 0.04545833333333333 0.024515625 0.08822222222222223
2 0.9832890624999999 0.2648611111111111 0.0334140625 0.1306388888888889
2 0.5479765624999999 0.23193055555555556 0.0218359375 0.11590277777777779
2 0.646375 0.031194444444444445 0.0224140625 0.06240277777777778
2 0.1228984375 0.18463888888888888 0.04940625 0.14126388888888888
2 0.3723671875 0.05490277777777778 0.029249999999999998 0.106125
2 0.43784375000000003 0.013819444444444443 0.01940625 0.027625
2 0.00940625 0.28933333333333333 0.018171875 0.08931944444444445
2 0.220296875 0.5156527777777777 0.04496875 0.15270833333333333
2 0.61125 0.0355 0.026968750000000003 0.07101388888888889
2 0.459546875 0.01963888888888889 0.0177421875 0.03897222222222222
2 0.2359375 0.44587499999999997 0.0238515625 0.06101388888888889
2 0.9779765625 0.14947222222222223 0.04371875 0.14940277777777777
2 0.2514296875 0.5015972222222221 0.040359374999999996 0.13526388888888888
2 0.393265625 0.011041666666666667 0.016968749999999998 0.02175
2 0.18975 0.5003611111111111 0.0334765625 0.14268055555555556
2 0.970875 0.01173611111111111 0.037367187499999996 0.02348611111111111
2 0.596421875 0.042180555555555554 0.018757812500000002 0.06837499999999999
2 0.7096015625 0.9799305555555555 0.04 0.040138888888888884