2 0.5878281249999999 0.165625 0.0272890625 0.10080555555555555
2 0.6390703125 0.7618611111111111 0.0379453125 0.14908333333333335
2 0.927296875 0.22205555555555556 0.0368984375 0.13375
2 0.843125 0.712375 0.049796875000000004 0.1658888888888889
2 0.62040625 0.38695833333333335 0.033578125 0.12427777777777778
2 0.4958046875 0.3222916666666667 0.0327578125 0.12730555555555556
2 0.5783125 0.6992499999999999 0.04796875 0.1834722222222222
2 0.5626640625 0.9316249999999999 0.0399296875 0.13674999999999998
2 0.40571875 0.3315 0.0309921875 0.1293888888888889
2 0.932984375 0.3081388888888889 0.040265625 0.13958333333333334
2 0.9167265625000001 0.5348611111111111 0.04584375 0.16430555555555554
2 0.3827578125 0.17070833333333332 0.025625 0.11784722222222221
2 0.8963046875 0.12434722222222222 0.0344765625 0.11843055555555555
2 0.0288359375 0.11054166666666668 0.0278203125 0.09756944444444444
2 0.120109375 0.6744444444444445 0.049609375 0.1748611111111111
2 0.9797578124999999 0.28729166666666667 0.0362421875 0.13172222222222224
2 0.8273203125 0.5563472222222222 0.0441484375 0.13958333333333334
2 0.096375 0.8998055555555555 0.0591953125 0.17441666666666666
2 0.53390625 0.2412638888888889 0.0370625 0.1490277777777778
2 0.6291953125 0.09154166666666666 0.0278515625 0.12066666666666666
2 0.2021171875 0.034027777777777775 0.0270078125 0.06805555555555555
2 0.7307578125 0.09768055555555555 0.0246875 0.12559722222222222
2 0.0580234375 0.16718055555555555 0.030593749999999996 0.122375
2 0.614 0.107875 0.026796874999999998 0.11145833333333334
2 0.37009375 0.45765277777777774 0.039421875 0.16043055555555558
2 0.5225 0.018319444444444444 0.023984375 0.03663888888888889
2 0.4271328125 0.10780555555555556 0.023 0.11461111111111111
2 0.6630703125 0.06169444444444445 0.0248125 0.08651388888888889
2 0.4585703125 0.11165277777777778 0.0297734375 0.1233888888888889
2 0.9532578125000001 0.018041666666666668 0.018296875 0.036083333333333335
2 0.31425000000000003 0.3055555555555556 0.032382812500000004 0.09659722222222222
2 0.32275 0.41691666666666666 0.04525 0.14233333333333334
2 0.24240625 0.0245 0.021890625 0.049
2 0.22442968749999997 0.4646944444444444 0.0258515625 0.056666666666666664
2 0.6793984375 0.04506944444444445 0.021875 0.090125
2 0.48482812500000005 0.07301388888888889 0.0230859375 0.111875
2 0.502375 0.06745833333333333 0.0221171875 0.10325000000000001
2 0.8553906250000001 0.08688888888888889 0.01884375 0.10247222222222223
2 0.8764531249999999 0.07672222222222222 0.0205078125 0.09304166666666666
2 0.991484375 0.17833333333333334 0.01703125 0.09559722222222222
2 0.190890625 0.5173888888888889 0.036265625 0.14183333333333334
2 0.7128593750000001 0.043208333333333335 0.0244765625 0.08641666666666667
2 0.2519921875 0.5231805555555555 0.038421875 0.13181944444444443
2 0.22053124999999998 0.5376666666666666 0.0448828125 0.1527638888888889
2 0.1332265625 0.02363888888888889 0.0227578125 0.04726388888888889
2 0.14833593750000001 0.021277777777777777 0.0199375 0.042555555555555555
2 0.401359375 0.011055555555555556 0.0223203125 0.021708333333333333
2 0.9939218750000001 0.009458333333333332 0.011953125 0.018333333333333333
2 0.5094921875 0.06513888888888889 0.0224921875 0.10404166666666666