2 0.5023984375 0.11348611111111111 0.03315625 0.11584722222222221
2 0.66134375 0.19925 0.0321796875 0.1281111111111111
2 0.569265625 0.13215277777777779 0.0277578125 0.11619444444444443
2 0.0401171875 0.16695833333333332 0.037351562500000005 0.1114861111111111
2 0.9490000000000001 0.4829583333333334 0.0462890625 0.14456944444444444
2 0.6607109375 0.7322638888888889 0.0393125 0.15116666666666667
2 0.8004609374999999 0.9376805555555555 0.0546171875 0.124625
2 0.5314062500000001 0.11554166666666667 0.0237421875 0.10084722222222223
2 0.68553125 0.9098611111111111 0.0609140625 0.17854166666666668
2 0.4076171875 0.6665138888888889 0.04521875 0.16911111111111113
2 0.7323984375 0.07433333333333333 0.024335937499999998 0.1272361111111111
2 0.772765625 0.063875 0.027187499999999996 0.11369444444444445
2 0.5486093750000001 0.8354166666666667 0.057171875000000004 0.2036388888888889
2 0.954140625 0.14995833333333333 0.05339843749999999 0.13006944444444446
2 0.673734375 0.04209722222222222 0.0251796875 0.080625
2 0.49682812500000006 0.4419166666666667 0.03234375 0.14594444444444443
2 0.24749218750000002 0.9235694444444444 0.053390625000000004 0.14591666666666667
2 0.4998046875 0.03222222222222222 0.0287890625 0.06444444444444444
2 0.394828125 0.061236111111111116 0.028437499999999998 0.09826388888888889
2 0.38260937500000003 0.29927777777777775 0.0443203125 0.166375
2 0.12053125 0.19244444444444445 0.042460937500000004 0.1347361111111111
2 0.15475 0.963375 0.06815625 0.07325000000000001
2 0.9862187499999999 0.27195833333333336 0.0275703125 0.13872222222222222
2 0.64634375 0.03206944444444444 0.02034375 0.06413888888888888
2 0.611609375 0.034 0.023734375 0.06798611111111111
2 0.37189843749999996 0.025472222222222222 0.021484375 0.050944444444444445
2 0.220796875 0.5154583333333334 0.04471875 0.15275
2 0.9690234375 0.10190277777777779 0.029031249999999998 0.07072222222222223
2 0.5271953125 0.9842083333333334 0.053492187499999996 0.03156944444444444
2 0.5502265625 0.22516666666666668 0.022734375 0.11673611111111111
2 0.236015625 0.44719444444444445 0.0249140625 0.05584722222222222
2 0.460375 0.014222222222222223 0.01703125 0.028055555555555556
2 0.43834375000000003 0.013430555555555555 0.0173515625 0.026875000000000003
2 0.18935156250000001 0.4987083333333333 0.032468750000000005 0.1418472222222222
2 0.249359375 0.49922222222222223 0.0348125 0.1328888888888889
2 0.5940390625 0.042333333333333334 0.01890625 0.06719444444444445
2 0.0103359375 0.2997083333333333 0.0198046875 0.11466666666666667
2 0.9903124999999999 0.12905555555555556 0.0193828125 0.11815277777777777
2 0.9942187499999999 0.13231944444444443 0.0115703125 0.11216666666666668