2 0.503015625 0.19829166666666667 0.036984375 0.12879166666666667
2 0.4136484375 0.46904166666666663 0.0359296875 0.14220833333333333
2 0.6758124999999999 0.0901388888888889 0.025859375 0.1151388888888889
2 0.5528359375 0.049624999999999996 0.0251640625 0.09643055555555556
2 0.7698984375 0.8604166666666667 0.0463984375 0.15540277777777778
2 0.042078125 0.6941805555555556 0.0572421875 0.17883333333333332
2 0.5031484374999999 0.641375 0.04 0.16925
2 0.842421875 0.09225 0.0388671875 0.11118055555555555
2 0.8328203125 0.67075 0.04434375 0.1603611111111111
2 0.73140625 0.07897222222222222 0.0212890625 0.12563888888888888
2 0.9050312500000001 0.05658333333333333 0.035859375 0.1076388888888889
2 0.7618203125 0.9689166666666666 0.057351562499999995 0.06218055555555556
2 0.55996875 0.667875 0.0469296875 0.17544444444444443
2 0.9435781249999999 0.055624999999999994 0.032640625 0.11124999999999999
2 0.53559375 0.19805555555555554 0.027687499999999997 0.11122222222222222
2 0.9601796874999999 0.16102777777777777 0.033109375 0.11345833333333333
2 0.403671875 0.19070833333333334 0.03403125 0.1389027777777778
2 0.0278515625 0.17480555555555555 0.0349296875 0.11390277777777778
2 0.6440546875 0.03238888888888889 0.019171874999999998 0.06477777777777778
2 0.98071875 0.6628472222222223 0.038554687500000004 0.1788888888888889
2 0.0940390625 0.2835972222222222 0.0418125 0.14438888888888887
2 0.9649531250000001 0.132375 0.0374609375 0.17791666666666667
2 0.6204140625 0.978763888888889 0.0462734375 0.04247222222222222
2 0.611125 0.03404166666666667 0.023234374999999998 0.06809722222222223
2 0.5565156250000001 0.12972222222222224 0.0188125 0.09634722222222222
2 0.016625 0.3811805555555555 0.0332578125 0.1393888888888889
2 0.6972421875 0.9860277777777778 0.04325 0.027930555555555556
2 0.2195859375 0.5183472222222222 0.040328125 0.1508611111111111
2 0.503421875 0.057680555555555554 0.0291328125 0.10580555555555557
2 0.1929609375 0.4934861111111111 0.0363828125 0.15070833333333333
2 0.8699843749999999 0.08405555555555556 0.0258125 0.11758333333333333
2 0.252859375 0.5063194444444444 0.033187499999999995 0.1314722222222222
2 0.338421875 0.017319444444444446 0.0164296875 0.034625
2 0.230171875 0.44956944444444447 0.018578125 0.05318055555555556
2 0.5271328125 0.0932361111111111 0.0240234375 0.10815277777777778
2 0.47225 0.05590277777777778 0.0228125 0.09558333333333333
2 0.7386640625 0.016847222222222222 0.0268515625 0.033680555555555554
2 0.5897265625 0.03383333333333333 0.016078125 0.06765277777777778
2 0.6732890625 0.009666666666666667 0.01609375 0.019208333333333334
2 0.9903281249999999 0.4058055555555556 0.01934375 0.09395833333333334
2 0.5932421875 0.036972222222222226 0.0177265625 0.06915277777777777
2 0.9612578125000001 0.11022222222222222 0.0364765625 0.12538888888888888
2 0.4903359375 0.008305555555555556 0.015859375000000002 0.016583333333333332