2 0.40815625000000005 0.5145277777777777 0.034859375 0.1416111111111111
2 0.671953125 0.11816666666666667 0.028546875 0.11859722222222223
2 0.5553671875 0.07065277777777777 0.026234374999999997 0.11140277777777777
2 0.8215546874999999 0.7358055555555555 0.043953124999999996 0.16476388888888888
2 0.7717890625 0.9212916666666667 0.0486875 0.15118055555555554
2 0.6799062499999999 0.9411527777777777 0.048828125 0.11468055555555555
2 0.50159375 0.1806388888888889 0.030640624999999998 0.11684722222222221
2 0.7338515625 0.08125 0.025468750000000002 0.12173611111111111
2 0.5349453125 0.17780555555555558 0.029187499999999998 0.10995833333333334
2 0.9537968749999999 0.07236111111111111 0.0318046875 0.12204166666666667
2 0.024492187500000002 0.6674861111111111 0.0489921875 0.183
2 0.9726171875 0.602 0.052625 0.13418055555555555
2 0.9216562500000001 0.07518055555555556 0.031734374999999995 0.11243055555555556
2 0.9720546875 0.1307361111111111 0.035312500000000004 0.11911111111111111
2 0.386765625 0.21961111111111112 0.0379140625 0.14422222222222222
2 0.49992187499999996 0.5932361111111111 0.03640625 0.16719444444444445
2 0.9828671874999999 0.18911111111111112 0.034265625 0.12905555555555556
2 0.8647031249999999 0.11165277777777778 0.035664062499999996 0.11606944444444443
2 0.5790390624999999 0.7129166666666666 0.0453046875 0.21695833333333334
2 0.6435859374999999 0.03361111111111111 0.020953125 0.06720833333333333
2 0.09957812499999999 0.2665 0.0513046875 0.14590277777777777
2 0.6103046875 0.036041666666666666 0.023515625000000002 0.07209722222222222
2 0.0358046875 0.17345833333333333 0.03396875 0.11611111111111111
2 0.7440156250000001 0.02861111111111111 0.018921874999999998 0.05722222222222222
2 0.592484375 0.04248611111111111 0.0186015625 0.06394444444444444
2 0.45669531250000006 0.059652777777777784 0.0231875 0.0938472222222222
2 0.5538671875000001 0.15595833333333334 0.0194375 0.08243055555555556
2 0.012375 0.35820833333333335 0.0241171875 0.14070833333333332
2 0.251578125 0.5099444444444445 0.0327578125 0.12683333333333333
2 0.67471875 0.01886111111111111 0.020921875 0.03772222222222222
2 0.1892734375 0.49762500000000004 0.035328125 0.14620833333333333
2 0.218546875 0.5208194444444445 0.040773437499999995 0.15084722222222222
2 0.8898828125 0.10155555555555557 0.0286328125 0.12447222222222223
2 0.22614843750000002 0.4565 0.019078125 0.05369444444444444
2 0.5200078125 0.08184722222222222 0.03071875 0.10129166666666668
2 0.5196328125 0.022569444444444444 0.024328125 0.04515277777777778
2 0.74921875 0.03169444444444444 0.024875 0.060125
2 0.521296875 0.015194444444444444 0.023453125 0.03038888888888889
2 0.9468671875 0.005430555555555556 0.029562500000000002 0.010736111111111111
2 0.49989062500000003 0.025652777777777778 0.0185234375 0.05038888888888889