2 0.863859375 0.7889444444444444 0.053945312499999995 0.18030555555555555
2 0.931890625 0.24094444444444443 0.0369140625 0.135
2 0.3816484375 0.13533333333333333 0.0283203125 0.11720833333333333
2 0.5902499999999999 0.18622222222222223 0.025328125 0.09893055555555556
2 0.8504687499999999 0.6256666666666667 0.04315625 0.15816666666666665
2 0.9042421875000001 0.14208333333333334 0.0323046875 0.1222638888888889
2 0.9448124999999999 0.3400694444444444 0.0420546875 0.14123611111111112
2 0.49567187500000004 0.3498055555555556 0.035414062499999996 0.13025
2 0.610578125 0.8000694444444444 0.040273437499999995 0.16354166666666667
2 0.6368515625 0.9641944444444445 0.0580234375 0.07161111111111111
2 0.10840625 0.7295138888888889 0.0461015625 0.16991666666666666
2 0.57134375 0.6303472222222223 0.0409140625 0.1599861111111111
2 0.9035781249999999 0.4831388888888889 0.0382890625 0.1625
2 0.110109375 0.9109583333333333 0.058640625 0.17308333333333334
2 0.6269843749999999 0.06526388888888889 0.026242187500000003 0.10925
2 0.6268046875 0.35045833333333337 0.0329921875 0.12716666666666668
2 0.6117421875 0.08565277777777779 0.02578125 0.1108888888888889
2 0.400390625 0.29547222222222225 0.0320859375 0.13
2 0.731625 0.09398611111111112 0.02459375 0.12558333333333332
2 0.5381953125 0.26443055555555556 0.043125000000000004 0.15515277777777778
2 0.37271875 0.40654166666666663 0.0403828125 0.1636111111111111
2 0.22725 0.023125 0.0273125 0.04625
2 0.549796875 0.8707222222222222 0.03825 0.18584722222222222
2 0.1393671875 0.030305555555555554 0.031875 0.06061111111111111
2 0.4839296875 0.08338888888888889 0.0264296875 0.11288888888888889
2 0.7048593750000001 0.04869444444444445 0.027765625 0.09740277777777777
2 0.9903671875000001 0.20259722222222223 0.019265625 0.1082638888888889
2 0.9879765624999999 0.33006944444444447 0.024054687499999998 0.138375
2 0.8836171875 0.09165277777777778 0.025687500000000002 0.10447222222222222
2 0.560078125 0.017277777777777777 0.036453124999999996 0.034541666666666665
2 0.5100859375 0.052763888888888895 0.0222890625 0.1025
2 0.45982031250000005 0.10847222222222222 0.0307890625 0.123375
2 0.316359375 0.32833333333333337 0.0390078125 0.10455555555555555
2 0.4282734375 0.10359722222222223 0.023320312500000002 0.11540277777777778
2 0.31730468749999996 0.4371944444444444 0.057648437500000003 0.16495833333333332
2 0.668265625 0.051541666666666666 0.024210937499999998 0.09299999999999999
2 0.1917890625 0.5133194444444444 0.0325234375 0.1458888888888889
2 0.8669062500000001 0.09697222222222221 0.0255859375 0.10755555555555556
2 0.01278125 0.5484166666666667 0.025374999999999998 0.1496111111111111
2 0.056265625 0.14148611111111112 0.0339296875 0.1692638888888889
2 0.9527812499999999 0.01586111111111111 0.0229296875 0.03172222222222222
2 0.060265625 0.10290277777777779 0.0301328125 0.09930555555555555
2 0.21935156249999999 0.5345555555555556 0.043390625 0.15141666666666667
2 0.2264140625 0.46062499999999995 0.022796875 0.05629166666666667
2 0.251953125 0.5237638888888889 0.0421953125 0.13045833333333334
2 0.3676328125 0.9883472222222223 0.053453125000000004 0.02330555555555556
2 0.2635859375 0.014166666666666666 0.020453125 0.028333333333333332
2 0.01009375 0.006319444444444444 0.0195625 0.012069444444444443
2 0.995734375 0.014083333333333335 0.0085390625 0.027513888888888886