2 0.5685390625 0.5034583333333333 0.038453125 0.156
2 0.491109375 0.43890277777777775 0.0357421875 0.13922222222222222
2 0.9114453125 0.8365416666666666 0.055906250000000005 0.1885
2 0.594359375 0.2532916666666667 0.026632812500000002 0.10820833333333332
2 0.07417968750000001 0.9209722222222223 0.059367187499999995 0.1550138888888889
2 0.9348593749999999 0.33695833333333336 0.0433125 0.14633333333333334
2 0.5221328125 0.3400972222222222 0.0389765625 0.1451527777777778
2 0.3680625 0.8616388888888888 0.0626796875 0.23080555555555557
2 0.0431328125 0.6276666666666667 0.0513671875 0.17108333333333334
2 0.729421875 0.09331944444444444 0.02003125 0.12469444444444444
2 0.8588437499999999 0.3822222222222222 0.0421796875 0.15288888888888888
2 0.6453125 0.7823055555555556 0.052328125 0.20527777777777778
2 0.380421875 0.07404166666666667 0.0236015625 0.11102777777777778
2 0.601890625 0.04502777777777778 0.0331796875 0.08719444444444445
2 0.9821328125000001 0.4373194444444444 0.0357421875 0.1478611111111111
2 0.91040625 0.9464861111111111 0.062046875 0.10701388888888888
2 0.5408515625 0.6987777777777778 0.03596875 0.15838888888888888
2 0.6233125 0.26915277777777774 0.030140624999999997 0.11879166666666667
2 0.3104296875 0.5404722222222222 0.0434296875 0.1451527777777778
2 0.5432187500000001 0.9299305555555555 0.0458359375 0.1401388888888889
2 0.38790625 0.2118888888888889 0.028765625 0.11877777777777777
2 0.48960156250000003 0.130625 0.024953125 0.1254861111111111
2 0.9897109374999999 0.25958333333333333 0.0205703125 0.11699999999999999
2 0.12989062499999998 0.04559722222222222 0.028953125000000003 0.08838888888888889
2 0.1237265625 0.9719305555555555 0.0522734375 0.05613888888888889
2 0.528828125 0.027555555555555555 0.0225 0.05511111111111111
2 0.3120078125 0.42291666666666666 0.0363828125 0.1266388888888889
2 0.053554687499999996 0.16001388888888887 0.03175 0.11966666666666666
2 0.224125 0.4566111111111111 0.025468750000000002 0.06093055555555555
2 0.373609375 0.30656944444444445 0.0330234375 0.14550000000000002
2 0.9062109375 0.1607361111111111 0.039382812499999996 0.20194444444444445
2 0.4570625 0.10698611111111112 0.02740625 0.121125
2 0.42871875 0.1009861111111111 0.026265624999999997 0.11994444444444444
2 0.6840234374999999 0.06030555555555556 0.025406250000000002 0.07141666666666667
2 0.890421875 0.12076388888888889 0.02728125 0.11065277777777778
2 0.218859375 0.5296944444444445 0.042710937500000004 0.14980555555555555
2 0.1902421875 0.5121944444444444 0.03415625 0.14198611111111112
2 0.9867265625 0.014624999999999999 0.02425 0.028986111111111112
2 0.6493515624999999 0.034819444444444445 0.0261171875 0.06963888888888889
2 0.9465390625 0.011444444444444445 0.0210625 0.02251388888888889
2 0.6890468750000001 0.023 0.0228046875 0.046
2 0.12946875 0.0954861111111111 0.026632812500000002 0.08444444444444445
2 0.00540625 0.8900138888888888 0.010578124999999999 0.118
2 0.249453125 0.5225972222222222 0.0318984375 0.12936111111111112
2 0.6555390625 0.05923611111111111 0.0172421875 0.05702777777777778
2 0.5548046875 0.9814861111111111 0.0315234375 0.03701388888888889
2 0.629421875 0.036555555555555556 0.020296875 0.06804166666666667