2 0.78740625 0.5295694444444444 0.041390625 0.14856944444444445
2 0.778703125 0.3850555555555556 0.038265625 0.14049999999999999
2 0.7555 0.7339027777777777 0.056867187500000006 0.17738888888888887
2 0.622109375 0.915625 0.050812500000000003 0.1684166666666667
2 0.1466015625 0.5028194444444444 0.041859375 0.16083333333333333
2 0.5785078125 0.10143055555555555 0.022421875 0.0937638888888889
2 0.61215625 0.5088611111111111 0.0390859375 0.13856944444444444
2 0.49724218750000004 0.23602777777777778 0.031 0.12177777777777779
2 0.6918359374999999 0.05254166666666667 0.0237421875 0.09327777777777778
2 0.9033203125 0.21837499999999999 0.0448515625 0.13695833333333332
2 0.0455234375 0.8231944444444446 0.059984375 0.1817638888888889
2 0.1298359375 0.08102777777777778 0.0317890625 0.11409722222222222
2 0.3881953125 0.044319444444444446 0.0270390625 0.08676388888888889
2 0.950578125 0.20456944444444444 0.0335703125 0.12018055555555555
2 0.888546875 0.04775 0.0314375 0.06627777777777778
2 0.0599765625 0.17394444444444443 0.034499999999999996 0.12101388888888888
2 0.5318046875 0.16570833333333335 0.0369765625 0.14020833333333332
2 0.3692265625 0.6451805555555555 0.042476562499999995 0.1806111111111111
2 0.9174843750000001 0.13204166666666667 0.0335078125 0.09922222222222223
2 0.641125 0.17079166666666667 0.028898437500000002 0.13354166666666667
2 0.3852578125 0.2736805555555556 0.030125000000000002 0.13594444444444445
2 0.957390625 0.02301388888888889 0.022664062500000002 0.04602777777777778
2 0.9829921875000001 0.6974722222222223 0.034015625 0.16208333333333333
2 0.3122578125 0.23177777777777778 0.029914062499999998 0.07627777777777778
2 0.09469531249999999 0.016833333333333332 0.027250000000000003 0.03365277777777778
2 0.73871875 0.03804166666666667 0.026984374999999998 0.07130555555555557
2 0.3147421875 0.3266527777777778 0.0415390625 0.13645833333333332
2 0.8518203124999999 0.0633611111111111 0.0290078125 0.10347222222222222
2 0.8901718750000001 0.102375 0.029765625 0.05555555555555555
2 0.413484375 0.46925 0.0386015625 0.14945833333333333
2 0.20806249999999998 0.06926388888888889 0.031171874999999998 0.10868055555555556
2 0.6224453125 0.1871388888888889 0.025234374999999996 0.11952777777777777
2 0.41521093750000004 0.023166666666666665 0.029546875 0.04631944444444445
2 0.43253125 0.1281111111111111 0.034265625 0.1248888888888889
2 0.2510625 0.5336388888888889 0.0395 0.13181944444444443
2 0.4781640625 0.13462500000000002 0.029249999999999998 0.12318055555555556
2 0.48450781249999997 0.036458333333333336 0.0217890625 0.06973611111111111
2 0.19796875 0.5213055555555555 0.0362578125 0.13883333333333334
2 0.2259296875 0.4717638888888889 0.0234609375 0.05770833333333333
2 0.45513281250000004 0.12420833333333334 0.0278828125 0.12633333333333333
2 0.73615625 0.11234722222222222 0.028249999999999997 0.12054166666666667
2 0.19854687499999998 0.01586111111111111 0.0330703125 0.03169444444444444
2 0.21859375 0.5467083333333334 0.042015625 0.15234722222222222
2 0.8365 0.06693055555555555 0.018070312499999998 0.09981944444444445
2 0.741625 0.08398611111111111 0.0328125 0.16797222222222222
2 0.9943828124999999 0.13181944444444443 0.011234375000000001 0.105125
2 0.1623203125 0.0067083333333333335 0.026039062499999998 0.013305555555555555