2 0.5624453125 0.10691666666666667 0.02640625 0.10859722222222222
2 0.6646796875 0.17143055555555556 0.0280390625 0.11945833333333335
2 0.40253125 0.6063611111111111 0.0391328125 0.14716666666666667
2 0.9209453125 0.14151388888888888 0.0446953125 0.1228888888888889
2 0.4999921875 0.13965277777777776 0.029921874999999997 0.11826388888888889
2 0.952796875 0.5275138888888888 0.048640625 0.1353888888888889
2 0.763046875 0.049013888888888885 0.025992187500000003 0.09620833333333333
2 0.549265625 0.9151805555555554 0.0585234375 0.1696388888888889
2 0.03765625 0.1693611111111111 0.030828125 0.11279166666666665
2 0.531859375 0.14072222222222222 0.0256953125 0.10125
2 0.7311015624999999 0.08126388888888889 0.02190625 0.1248888888888889
2 0.37925 0.2738055555555555 0.0443828125 0.157125
2 0.806203125 0.8844583333333332 0.046203125 0.20277777777777778
2 0.6701406249999999 0.8026666666666666 0.0395390625 0.14055555555555557
2 0.9869375 0.1756111111111111 0.026125 0.12115277777777779
2 0.550640625 0.19080555555555556 0.023515625000000002 0.11012500000000001
2 0.10995312500000001 0.2267638888888889 0.0435078125 0.13645833333333332
2 0.49885156249999996 0.5004305555555556 0.036375000000000005 0.16061111111111112
2 0.9479374999999999 0.11134722222222222 0.027640625000000002 0.11911111111111111
2 0.98053125 0.10306944444444444 0.037867187499999996 0.11469444444444445
2 0.6749921875 0.03438888888888889 0.0248828125 0.06876388888888889
2 0.9883124999999999 0.30358333333333337 0.023375 0.11475
2 0.6445390625 0.03306944444444444 0.020046875 0.06615277777777778
2 0.6103046875 0.035694444444444445 0.0227578125 0.071375
2 0.5932421875 0.04636111111111112 0.0191015625 0.06768055555555555
2 0.644828125 0.8914444444444445 0.0462265625 0.10973611111111112
2 0.507015625 0.04758333333333333 0.0304765625 0.09298611111111112
2 0.2356953125 0.9820694444444444 0.059203125 0.03584722222222222
2 0.3714765625 0.018444444444444444 0.021359375 0.036875
2 0.42296875 0.06445833333333333 0.0224453125 0.09874999999999999
2 0.21883593750000002 0.5188194444444445 0.04309375 0.153125
2 0.2294609375 0.4480972222222222 0.019625 0.05198611111111111
2 0.2523125 0.5095694444444444 0.0372265625 0.13284722222222223
2 0.191140625 0.4955833333333333 0.0374375 0.14694444444444443
2 0.0090546875 0.31730555555555556 0.017625 0.12809722222222222
2 0.006828125 0.6050277777777778 0.0134609375 0.15031944444444445
2 0.5892265625 0.041527777777777775 0.01771875 0.06788888888888889
2 0.519578125 0.011597222222222222 0.0189375 0.023194444444444445
2 0.43949218749999996 0.008958333333333334 0.019523437499999997 0.017875
2 0.005523437500000001 0.30591666666666667 0.0106796875 0.1460138888888889
2 0.49659375 0.010194444444444443 0.0191484375 0.020277777777777777