2 0.8237734375000001 0.23048611111111109 0.032695312500000004 0.13773611111111111
2 0.5671406250000001 0.3165277777777778 0.033914062499999995 0.13551388888888888
2 0.9698437500000001 0.5392083333333334 0.048484375 0.17566666666666667
2 0.5022578125 0.6292222222222222 0.0417421875 0.15241666666666667
2 0.6682890625 0.4688888888888889 0.0404296875 0.14820833333333333
2 0.621328125 0.4055277777777778 0.0306875 0.11691666666666668
2 0.1226796875 0.8942916666666666 0.053515625 0.19709722222222223
2 0.6185546875 0.15683333333333332 0.029953125000000004 0.11502777777777777
2 0.38609375 0.0905138888888889 0.026765624999999998 0.1045
2 0.48746875 0.23841666666666667 0.027625 0.1246111111111111
2 0.3803828125 0.5636666666666666 0.0462734375 0.16393055555555555
2 0.50996875 0.5005000000000001 0.0451953125 0.16419444444444445
2 0.2991640625 0.7683888888888889 0.050328125 0.1711527777777778
2 0.3676953125 0.1595 0.028499999999999998 0.1264861111111111
2 0.9231718750000001 0.29620833333333335 0.0405625 0.14358333333333334
2 0.0179921875 0.6268888888888889 0.0359921875 0.17480555555555555
2 0.9648671875 0.17526388888888889 0.0284921875 0.11641666666666665
2 0.937734375 0.17563888888888887 0.028234375 0.10711111111111112
2 0.43821875 0.059819444444444446 0.024546875000000003 0.11144444444444444
2 0.55246875 0.44726388888888885 0.0253984375 0.12990277777777778
2 0.2853046875 0.5966111111111111 0.0389453125 0.14343055555555556
2 0.4994921875 0.03270833333333333 0.0266015625 0.06541666666666666
2 0.73128125 0.08426388888888889 0.02165625 0.12426388888888888
2 0.4594609375 0.06252777777777778 0.027664062499999996 0.11780555555555555
2 0.050492187499999994 0.1565277777777778 0.029125 0.12129166666666666
2 0.533875 0.03220833333333333 0.019523437499999997 0.06441666666666666
2 0.1231015625 0.09225 0.038906249999999996 0.132625
2 0.648140625 0.034902777777777776 0.020671875 0.06980555555555555
2 0.21995312500000003 0.5234722222222222 0.0409609375 0.15218055555555554
2 0.8035546874999999 0.01786111111111111 0.028664062499999997 0.035708333333333335
2 0.2239765625 0.4493472222222222 0.025820312499999998 0.06475
2 0.3853984375 0.014472222222222221 0.016078125 0.028569444444444446
2 0.2506953125 0.5115833333333333 0.0349765625 0.13401388888888888
2 0.1902109375 0.5008194444444444 0.035921875 0.1471111111111111
2 0.246375 0.06515277777777777 0.0188203125 0.09566666666666666
2 0.6237578125 0.03691666666666667 0.024078125 0.07381944444444444
2 0.9469765625000001 0.007013888888888889 0.021875 0.013777777777777778