2 0.4953046875 0.36318055555555556 0.0353359375 0.13479166666666667
2 0.5905703124999999 0.19905555555555554 0.0285625 0.10276388888888888
2 0.5692265625 0.6039305555555555 0.0436484375 0.1639861111111111
2 0.6388906249999999 0.9359166666666667 0.054656249999999997 0.12816666666666668
2 0.9334843749999999 0.26708333333333334 0.036851562500000004 0.13684722222222223
2 0.5887734375 0.8333611111111111 0.054031249999999996 0.17470833333333335
2 0.8618750000000001 0.6681666666666667 0.0493046875 0.1639861111111111
2 0.6246640625000001 0.3339583333333333 0.033468750000000005 0.12512500000000001
2 0.5445625 0.8206527777777778 0.0358515625 0.1521388888888889
2 0.9516562499999999 0.35323611111111114 0.042249999999999996 0.1375972222222222
2 0.870328125 0.8218611111111112 0.053140625 0.17827777777777779
2 0.10190625 0.7770833333333333 0.0561484375 0.17745833333333333
2 0.3719765625 0.9637083333333334 0.0564453125 0.07258333333333333
2 0.892828125 0.4573611111111111 0.0491171875 0.157125
2 0.31590625 0.3535138888888889 0.032937499999999995 0.10066666666666667
2 0.374109375 0.37759722222222225 0.037390625 0.14947222222222223
2 0.38513281250000003 0.12275 0.024484375 0.11613888888888889
2 0.318640625 0.45941666666666664 0.0517734375 0.16509722222222223
2 0.53690625 0.280375 0.038078125000000004 0.14581944444444445
2 0.5115859375 0.04672222222222222 0.0222890625 0.08490277777777779
2 0.11285937500000001 0.9097777777777777 0.057874999999999996 0.18044444444444444
2 0.2390390625 0.019055555555555555 0.03028125 0.03811111111111111
2 0.7313125 0.0905 0.0241875 0.12702777777777777
2 0.61003125 0.06726388888888889 0.027500000000000004 0.10890277777777778
2 0.9054921874999999 0.14954166666666666 0.033171875 0.12368055555555556
2 0.9901171874999999 0.21361111111111114 0.019765625000000002 0.11302777777777777
2 0.70109375 0.048527777777777774 0.0297734375 0.09705555555555555
2 0.022539062500000002 0.5538888888888889 0.0450703125 0.18263888888888888
2 0.3984453125 0.28244444444444444 0.028578125 0.1322361111111111
2 0.9910546874999999 0.34097222222222223 0.017890625 0.12161111111111111
2 0.66434375 0.050583333333333334 0.0291015625 0.10118055555555555
2 0.6253203125 0.058708333333333335 0.0235625 0.11379166666666668
2 0.059078125 0.16044444444444445 0.0293359375 0.1130138888888889
2 0.42815624999999996 0.10191666666666666 0.023453125 0.11870833333333333
2 0.888296875 0.09661111111111112 0.026390625 0.10209722222222223
2 0.48517968749999996 0.10066666666666667 0.027984375 0.12424999999999999
2 0.0770859375 0.10138888888888889 0.0318046875 0.095875
2 0.45961718749999997 0.10675 0.030882812500000002 0.12486111111111112
2 0.1329453125 0.03429166666666667 0.0371953125 0.06630555555555556
2 0.1919296875 0.5127361111111112 0.032671875 0.14572222222222223
2 0.9514609374999999 0.014388888888888889 0.019171874999999998 0.028791666666666667
2 0.22711718749999998 0.4597361111111111 0.019890625000000002 0.05225
2 0.573734375 0.015416666666666665 0.025328125 0.030819444444444448
2 0.2193984375 0.5318472222222222 0.0425390625 0.1492638888888889
2 0.25280468749999996 0.5328194444444444 0.0457109375 0.14505555555555555
2 0.8725546874999999 0.10494444444444445 0.022484375 0.10541666666666667
2 0.2710703125 0.008388888888888888 0.0236015625 0.016708333333333332