2 0.50153125 0.14729166666666665 0.032210937499999995 0.11851388888888889
2 0.6743203125 0.8411111111111111 0.04378125 0.14072222222222222
2 0.665109375 0.15405555555555556 0.030117187499999996 0.11876388888888889
2 0.5612890625 0.10418055555555557 0.0277578125 0.11643055555555555
2 0.9065546875000001 0.1333611111111111 0.0395390625 0.1218888888888889
2 0.973359375 0.09566666666666666 0.03584375 0.11318055555555555
2 0.9585312500000001 0.5520277777777778 0.0504375 0.16094444444444445
2 0.8066718749999999 0.8400277777777778 0.0494140625 0.18372222222222223
2 0.1096015625 0.2359166666666667 0.0486171875 0.14101388888888888
2 0.387828125 0.25459722222222225 0.0397578125 0.142375
2 0.6768671875 0.029249999999999998 0.025007812499999997 0.058499999999999996
2 0.49984375 0.5177222222222222 0.0336796875 0.15411111111111112
2 0.731609375 0.08172222222222222 0.021367187500000002 0.12427777777777778
2 0.9862890625 0.17090277777777776 0.0274296875 0.12752777777777777
2 0.0380078125 0.16897222222222222 0.03465625 0.11543055555555555
2 0.7584140625 0.04520833333333333 0.025539062499999998 0.08797222222222223
2 0.40303125 0.5886111111111111 0.0398359375 0.15852777777777777
2 0.630421875 0.8030694444444445 0.043890625 0.19294444444444442
2 0.9396718749999999 0.10048611111111111 0.0318359375 0.12258333333333334
2 0.5323359375 0.151625 0.025265625000000003 0.10283333333333335
2 0.5509999999999999 0.9270833333333334 0.0636796875 0.14581944444444445
2 0.5079687500000001 0.04836111111111111 0.030703124999999998 0.09673611111111112
2 0.6445078125 0.033263888888888885 0.0200703125 0.06654166666666667
2 0.5506015625 0.18463888888888888 0.023078124999999998 0.1093611111111111
2 0.6102734375 0.035736111111111114 0.023234374999999998 0.07148611111111111
2 0.4318984375 0.06543055555555556 0.014656250000000001 0.09284722222222222
2 0.778015625 0.9810833333333333 0.051460937500000005 0.03783333333333333
2 0.9890546875 0.3172638888888889 0.021625 0.12220833333333332
2 0.59275 0.04606944444444445 0.0185546875 0.06698611111111111
2 0.0099765625 0.3287638888888889 0.019398437499999997 0.13070833333333334
2 0.37403906249999996 0.01201388888888889 0.023890625 0.023805555555555555
2 0.249921875 0.5126666666666667 0.0350546875 0.12770833333333334
2 0.21814062500000003 0.51825 0.042828125 0.159125
2 0.1892890625 0.4993333333333333 0.0373359375 0.1483888888888889
2 0.017937500000000002 0.6162361111111111 0.03525 0.14472222222222222
2 0.22799999999999998 0.45155555555555554 0.0193515625 0.05451388888888889
2 0.5220546875000001 0.012666666666666666 0.016546875 0.025319444444444447
2 0.4944296875 0.013180555555555556 0.014484374999999999 0.02634722222222222
2 0.58846875 0.041402777777777774 0.0165078125 0.06781944444444445
2 0.429984375 0.049555555555555554 0.011679687499999999 0.06615277777777778
2 0.5265703125 0.012305555555555554 0.017343749999999998 0.024472222222222225