2 0.5025937500000001 0.110875 0.0307734375 0.11781944444444445
2 0.66165625 0.20305555555555554 0.0312265625 0.12262500000000001
2 0.5694296875 0.134875 0.028203125000000002 0.11237499999999999
2 0.25390625 0.9289583333333333 0.0494296875 0.14208333333333334
2 0.8059296874999999 0.9414722222222223 0.0502265625 0.11416666666666667
2 0.04046875 0.16631944444444444 0.036843749999999995 0.111375
2 0.6986796875 0.905375 0.0509765625 0.18309722222222224
2 0.5317968750000001 0.11102777777777778 0.0231796875 0.10234722222222221
2 0.6596796875 0.7173194444444445 0.039859375 0.14734722222222224
2 0.731921875 0.07277777777777777 0.0248828125 0.12718055555555555
2 0.953171875 0.4775555555555555 0.046765625 0.1531388888888889
2 0.40816406250000004 0.6801666666666667 0.042296875 0.16636111111111113
2 0.773484375 0.06538888888888889 0.027875 0.11384722222222222
2 0.5516015624999999 0.8286805555555555 0.055640625 0.20845833333333333
2 0.6737031250000001 0.043541666666666666 0.0249453125 0.08331944444444445
2 0.497421875 0.4356527777777778 0.031257812499999996 0.14201388888888888
2 0.3830625 0.3001527777777778 0.037109375 0.14854166666666668
2 0.49888281250000005 0.029138888888888888 0.030453124999999998 0.058277777777777776
2 0.14950000000000002 0.9513472222222222 0.06546093750000001 0.09730555555555556
2 0.3917890625 0.059847222222222225 0.0277890625 0.09873611111111112
2 0.6462734375 0.030875 0.020023437499999998 0.06176388888888889
2 0.54921875 0.22529166666666667 0.021671875 0.11327777777777778
2 0.5295546875 0.9744444444444444 0.055640625 0.051125000000000004
2 0.6116328125 0.033 0.0226015625 0.066
2 0.9851796875 0.27572222222222226 0.029648437500000003 0.12543055555555555
2 0.12240625000000001 0.18804166666666663 0.0462578125 0.13881944444444444
2 0.9704609375000001 0.13784722222222223 0.0349296875 0.13743055555555556
2 0.9585859375 0.14879166666666666 0.0496953125 0.14147222222222222
2 0.22065625 0.5150416666666666 0.0457734375 0.15416666666666667
2 0.3655234375 0.02622222222222222 0.0225 0.052319444444444446
2 0.23584375 0.44454166666666667 0.023421875 0.05915277777777778
2 0.438484375 0.01351388888888889 0.018914062500000002 0.02702777777777778
2 0.46084375 0.015319444444444443 0.0170390625 0.030347222222222223
2 0.18996875 0.49998611111111113 0.032765625 0.146375
2 0.37032031249999997 0.024569444444444446 0.021328125 0.049124999999999995
2 0.5943359375 0.042819444444444445 0.018445312499999998 0.06488888888888888
2 0.2494609375 0.500375 0.036203125 0.13552777777777777
2 0.9951796875 0.1373888888888889 0.009648437499999999 0.1035
2 0.11103125 0.010722222222222222 0.03575 0.02123611111111111
2 0.9924296874999999 0.1290277777777778 0.015140625 0.11697222222222223
2 0.010046875 0.2880138888888889 0.019390625 0.11498611111111112
2 0.9827187500000001 0.01165277777777778 0.031507812499999996 0.022736111111111113
2 0.39514062499999997 0.010083333333333333 0.0167421875 0.020041666666666666