2 0.5811328125 0.13677777777777778 0.028367187500000002 0.10176388888888889
2 0.1367890625 0.5940555555555556 0.048703125 0.17501388888888889
2 0.59784375 0.7805694444444444 0.0465078125 0.17190277777777777
2 0.8134609375 0.6312916666666666 0.044453124999999996 0.16599999999999998
2 0.49571875 0.278625 0.0313046875 0.121375
2 0.8918125 0.0974861111111111 0.034921875000000005 0.11945833333333335
2 0.3814296875 0.20758333333333334 0.03053125 0.12638888888888888
2 0.8072421875 0.478625 0.0426171875 0.13858333333333334
2 0.9506249999999999 0.5909444444444445 0.047093750000000004 0.16268055555555555
2 0.923234375 0.16940277777777776 0.0330390625 0.10177777777777777
2 0.170609375 0.04851388888888889 0.029828125 0.09704166666666668
2 0.391359375 0.02375 0.028242187499999998 0.04751388888888889
2 0.9161718750000001 0.25719444444444445 0.04221875 0.13618055555555555
2 0.22257031249999998 0.03813888888888889 0.0309375 0.07627777777777778
2 0.6868828125 0.7370833333333334 0.03965625 0.15297222222222223
2 0.6252734375 0.14070833333333332 0.037617187499999996 0.12073611111111113
2 0.0782734375 0.856375 0.062671875 0.2114027777777778
2 0.532484375 0.2058611111111111 0.036734375 0.1438611111111111
2 0.4083203125 0.3881527777777778 0.0316015625 0.14022222222222222
2 0.058796875000000005 0.1695 0.032140625 0.12281944444444445
2 0.9664921874999999 0.25194444444444447 0.036046875 0.12479166666666666
2 0.6115078125 0.4402222222222222 0.036984375 0.137
2 0.3181171875 0.3729444444444444 0.0438203125 0.1353888888888889
2 0.954015625 0.020097222222222225 0.021124999999999998 0.04019444444444445
2 0.45141406249999994 0.11619444444444443 0.0282890625 0.12609722222222222
2 0.8589921875 0.07331944444444444 0.023671875000000002 0.10593055555555556
2 0.6848359375 0.04704166666666666 0.02275 0.09086111111111111
2 0.372203125 0.5350555555555556 0.043625000000000004 0.17670833333333333
2 0.3140546875 0.2697777777777778 0.0360625 0.09405555555555556
2 0.4263671875 0.11020833333333332 0.028265625 0.12170833333333332
2 0.2269609375 0.466875 0.0212734375 0.05684722222222222
2 0.7323906250000001 0.08404166666666667 0.0275078125 0.1623888888888889
2 0.840859375 0.0763611111111111 0.0247890625 0.103625
2 0.7268749999999999 0.04543055555555556 0.028164062499999996 0.09079166666666667
2 0.49074999999999996 0.10066666666666667 0.028578125 0.10973611111111112
2 0.18946875000000002 0.5162777777777778 0.0355 0.1442361111111111
2 0.992828125 0.16079166666666667 0.01428125 0.09879166666666667
2 0.008749999999999999 0.14243055555555556 0.0168671875 0.05165277777777778
2 0.21609375000000003 0.5384861111111111 0.0414296875 0.15406944444444445
2 0.6641953125 0.07616666666666667 0.018312500000000002 0.06531944444444444
2 0.149953125 0.01423611111111111 0.0215 0.02847222222222222
2 0.2520234375 0.5243472222222222 0.038304687500000004 0.130625
2 0.4789140625 0.059847222222222225 0.045828125 0.11666666666666667
2 0.6356953125 0.12694444444444444 0.0269296875 0.12768055555555557
2 0.4748046875 0.026930555555555555 0.0423515625 0.053875
2 0.580609375 0.9921527777777778 0.049921875 0.015680555555555555