2 0.5677187499999999 0.43484722222222216 0.0365859375 0.14123611111111112
2 0.3866484375 0.17227777777777778 0.027765625 0.10627777777777778
2 0.4921953125 0.49484722222222227 0.03821875 0.14568055555555556
2 0.5896484375 0.029388888888888888 0.02421875 0.058791666666666666
2 0.9644453125 0.9418055555555556 0.0631484375 0.11640277777777779
2 0.602625 0.29308333333333336 0.030632812500000002 0.10952777777777778
2 0.845703125 0.32384722222222223 0.03903125 0.137125
2 0.30257812500000003 0.6075833333333333 0.049390625 0.15288888888888888
2 0.4901484375 0.16554166666666667 0.0237578125 0.12552777777777777
2 0.076453125 0.7044583333333333 0.060640625000000004 0.18551388888888887
2 0.9412265625 0.38480555555555557 0.045679687499999996 0.15243055555555557
2 0.5435546875 0.6105416666666666 0.029031249999999998 0.150625
2 0.5181640625 0.3838611111111111 0.039078125000000005 0.1565138888888889
2 0.299171875 0.46891666666666665 0.033460937499999996 0.12354166666666667
2 0.374015625 0.249 0.030734375 0.13256944444444446
2 0.678734375 0.04680555555555556 0.0328046875 0.09034722222222222
2 0.7300703125 0.09054166666666666 0.0190625 0.12420833333333334
2 0.6551171874999999 0.6595833333333333 0.0455703125 0.16529166666666667
2 0.427640625 0.08975000000000001 0.022796875 0.11754166666666666
2 0.16929687499999999 0.08334722222222223 0.0350234375 0.09422222222222222
2 0.617015625 0.23280555555555557 0.032765625 0.1089861111111111
2 0.3788125 0.04984722222222222 0.022265625 0.09341666666666668
2 0.45685937499999996 0.09512499999999999 0.0268828125 0.11845833333333335
2 0.37893750000000004 0.7451944444444444 0.051375000000000004 0.204125
2 0.12490625 0.05683333333333333 0.029664062499999998 0.11113888888888888
2 0.0515625 0.15802777777777777 0.0327265625 0.12308333333333334
2 0.609578125 0.02356944444444444 0.0216953125 0.04713888888888888
2 0.189953125 0.5093611111111112 0.0348125 0.13922222222222222
2 0.9907031249999999 0.29086111111111107 0.01859375 0.12534722222222222
2 0.5191953125000001 0.9785694444444445 0.04815625 0.042861111111111114
2 0.21995312500000003 0.5281944444444444 0.039734375 0.1478888888888889
2 0.2493515625 0.5171944444444444 0.0309765625 0.13384722222222223
2 0.9934218749999999 0.02098611111111111 0.01315625 0.04197222222222222
2 0.6214375000000001 0.041652777777777775 0.0236875 0.05772222222222222
2 0.22223437499999998 0.4565416666666666 0.0256796875 0.05616666666666666
2 0.908625 0.2203888888888889 0.03690625 0.13251388888888888
2 0.9458437500000001 0.010069444444444445 0.017390625 0.01975
2 0.54015625 0.017499999999999998 0.014765625 0.034986111111111114
2 0.6468281250000001 0.03429166666666667 0.0214609375 0.06858333333333334
2 0.6992890625 0.015805555555555555 0.0292734375 0.03161111111111111
2 0.9283046875000001 0.12006944444444445 0.0231796875 0.07379166666666667
2 0.50065625 0.015569444444444445 0.0181796875 0.031152777777777776