2 0.13679687499999998 0.9319861111111111 0.053234375 0.13602777777777778
2 0.031257812499999996 0.6767638888888888 0.052140624999999996 0.15861111111111112
2 0.5690859374999999 0.2833611111111111 0.0318125 0.12745833333333334
2 0.6227968749999999 0.4544583333333333 0.037679687499999996 0.13061111111111112
2 0.29797656250000004 0.8257083333333333 0.05115625 0.18318055555555554
2 0.5020703125 0.043819444444444446 0.029164062499999997 0.08502777777777777
2 0.9769062500000001 0.5865972222222222 0.0461875 0.171
2 0.971484375 0.19022222222222224 0.033078125 0.11109722222222221
2 0.369609375 0.133375 0.0300234375 0.1265138888888889
2 0.8183671875 0.19891666666666666 0.03153125 0.12991666666666668
2 0.48657031249999994 0.26108333333333333 0.0300703125 0.12456944444444444
2 0.5018359375 0.6837361111111111 0.043187500000000004 0.15191666666666667
2 0.930703125 0.3170138888888889 0.040749999999999995 0.14315277777777777
2 0.668625 0.42358333333333337 0.0358203125 0.1436388888888889
2 0.2804375 0.6388472222222222 0.040125 0.1422638888888889
2 0.518453125 0.5412638888888889 0.0455 0.17223611111111112
2 0.3769765625 0.5146805555555556 0.0459609375 0.1678611111111111
2 0.6254062499999999 0.13980555555555554 0.028609375 0.11090277777777777
2 0.534734375 0.04056944444444444 0.0213203125 0.07727777777777778
2 0.3853046875 0.07527777777777778 0.0247265625 0.10747222222222222
2 0.4605390625 0.05583333333333334 0.0258046875 0.10809722222222222
2 0.9446796875000001 0.19366666666666665 0.033218750000000005 0.109
2 0.43940625000000005 0.05713888888888889 0.0246796875 0.11052777777777778
2 0.5508515625 0.41015277777777776 0.024648437500000002 0.13022222222222224
2 0.7316171875 0.08344444444444445 0.0229609375 0.12606944444444443
2 0.42419531250000003 0.9747222222222222 0.0531640625 0.050555555555555555
2 0.12315625 0.11273611111111112 0.0426953125 0.12984722222222222
2 0.04559375 0.16633333333333333 0.033046874999999996 0.11545833333333333
2 0.836546875 0.01901388888888889 0.031171874999999998 0.03804166666666667
2 0.6458046875 0.034930555555555555 0.02334375 0.069875
2 0.2734140625 0.06531944444444444 0.0238203125 0.09625
2 0.22471875 0.448875 0.026023437500000003 0.06283333333333334
2 0.21862499999999999 0.51925 0.0409921875 0.15329166666666666
2 0.189875 0.501375 0.034687499999999996 0.146875
2 0.6035468749999999 0.03986111111111111 0.022046875 0.07219444444444444
2 0.6210546875 0.03256944444444444 0.021249999999999998 0.06513888888888889
2 0.25080468749999996 0.509888888888889 0.03671875 0.13356944444444444