2 0.5828828125000001 0.14552777777777778 0.0262265625 0.09734722222222222
2 0.9354453125 0.5728055555555556 0.0460078125 0.17370833333333333
2 0.8226484375 0.6600138888888889 0.0471875 0.1562638888888889
2 0.8121484375 0.5150972222222222 0.041203125 0.15809722222222222
2 0.4976484375 0.297875 0.0312890625 0.12538888888888888
2 0.13215625 0.6166250000000001 0.047343750000000004 0.16622222222222224
2 0.181546875 0.043291666666666666 0.025328125 0.08476388888888889
2 0.97425 0.27331944444444445 0.034445312500000005 0.12891666666666665
2 0.6195078125 0.4161805555555555 0.0323359375 0.12816666666666668
2 0.227875 0.03233333333333333 0.0361953125 0.06466666666666666
2 0.37915625 0.19330555555555556 0.030843749999999996 0.13190277777777779
2 0.5868828125000001 0.7545000000000001 0.0439765625 0.19283333333333333
2 0.6672734375 0.7526944444444446 0.04140625 0.1577361111111111
2 0.40525781250000004 0.3629722222222222 0.031968750000000004 0.13727777777777778
2 0.56975 0.9677361111111111 0.036640624999999996 0.06452777777777778
2 0.8945546875 0.11247222222222222 0.0330703125 0.12066666666666666
2 0.37227343749999997 0.4978472222222222 0.03609375 0.16015277777777778
2 0.923890625 0.28426388888888887 0.0396484375 0.1445972222222222
2 0.620734375 0.128 0.0342890625 0.11337499999999999
2 0.08595312499999999 0.8696666666666666 0.0601484375 0.19926388888888888
2 0.72884375 0.09697222222222221 0.0223671875 0.1306388888888889
2 0.45234375 0.11541666666666665 0.026718750000000003 0.11920833333333333
2 0.05834375000000001 0.16977777777777778 0.032632812500000004 0.12212500000000001
2 0.5334375 0.2177777777777778 0.038234375 0.145375
2 0.9536875 0.02025 0.0207265625 0.0405
2 0.48657812500000003 0.06329166666666666 0.0254140625 0.11694444444444445
2 0.6839765625 0.04763888888888888 0.021984375 0.09294444444444444
2 0.316171875 0.38227777777777777 0.05496875 0.15377777777777776
2 0.1471640625 0.018166666666666668 0.0231484375 0.036333333333333336
2 0.9214375 0.19461111111111112 0.03665625 0.12029166666666667
2 0.314640625 0.2861111111111111 0.035859375 0.09029166666666667
2 0.71709375 0.04770833333333334 0.026203125 0.09540277777777778
2 0.4984375 0.08590277777777779 0.0211875 0.103625
2 0.6645078125 0.07133333333333333 0.021406249999999998 0.06938888888888889
2 0.010234375 0.118625 0.019578125 0.09926388888888889
2 0.8488203125 0.08443055555555555 0.019640625000000002 0.10255555555555557
2 0.398953125 0.017791666666666667 0.026351562499999998 0.035583333333333335
2 0.4956953125 0.017069444444444443 0.029117187500000002 0.034138888888888885
2 0.1900390625 0.5190972222222222 0.035140624999999995 0.14329166666666668
2 0.224125 0.46988888888888886 0.024890625 0.057305555555555554
2 0.6327265625 0.1135138888888889 0.0258359375 0.12920833333333334
2 0.8646796875 0.078875 0.024796875 0.10356944444444444
2 0.42810156250000003 0.10894444444444444 0.0278515625 0.12230555555555556
2 0.2195390625 0.5382222222222222 0.04328125 0.15336111111111111
2 0.9921953125 0.1661388888888889 0.015609375 0.10683333333333334
2 0.2509296875 0.5249861111111112 0.0391015625 0.13408333333333333