2 0.580375 0.7124166666666667 0.0451953125 0.16830555555555557
2 0.837015625 0.7041111111111111 0.046890625000000005 0.17529166666666665
2 0.49710937499999996 0.30744444444444446 0.0322890625 0.1289722222222222
2 0.6450859375 0.7612777777777778 0.0546484375 0.15415277777777778
2 0.6191093750000001 0.40626388888888887 0.0351796875 0.13618055555555555
2 0.9279609375 0.2132777777777778 0.035234375 0.12818055555555558
2 0.9286171875000001 0.29356944444444444 0.0412890625 0.13755555555555557
2 0.40534375 0.34970833333333334 0.031101562500000002 0.13859722222222223
2 0.5667421874999999 0.942375 0.03525 0.11130555555555556
2 0.2006015625 0.036583333333333336 0.031757812499999996 0.07318055555555555
2 0.9261250000000001 0.5419444444444445 0.048609374999999996 0.1569722222222222
2 0.12675 0.6657916666666667 0.0491875 0.19194444444444442
2 0.02359375 0.11681944444444445 0.032382812500000004 0.09311111111111112
2 0.5850546875 0.1604861111111111 0.024773437500000002 0.10051388888888889
2 0.818671875 0.5425416666666667 0.0405390625 0.147375
2 0.380296875 0.17645833333333333 0.02603125 0.12434722222222222
2 0.8938671875 0.1130138888888889 0.0327578125 0.10373611111111111
2 0.9772343749999999 0.27708333333333335 0.0340625 0.13627777777777778
2 0.6140156250000001 0.11068055555555555 0.027671875000000002 0.11266666666666668
2 0.5350546875 0.23143055555555556 0.037796875 0.1422638888888889
2 0.320984375 0.40944444444444444 0.043890625 0.1496111111111111
2 0.728703125 0.10080555555555555 0.023734375 0.11665277777777777
2 0.09331249999999999 0.8942777777777777 0.0654921875 0.1716527777777778
2 0.058265625 0.1668611111111111 0.030320312500000002 0.11983333333333333
2 0.850625 0.09055555555555556 0.0246328125 0.10380555555555555
2 0.369921875 0.48209722222222223 0.040859374999999996 0.173875
2 0.9532578125000001 0.01947222222222222 0.019625 0.03894444444444444
2 0.3142890625 0.2995833333333333 0.0364296875 0.09315277777777776
2 0.7153828125 0.04495833333333333 0.0228671875 0.08991666666666666
2 0.500828125 0.06920833333333333 0.022640625 0.11105555555555555
2 0.4281484375 0.108375 0.0238359375 0.11838888888888888
2 0.45690625 0.11454166666666667 0.0280703125 0.11855555555555555
2 0.4849140625 0.07024999999999999 0.0246015625 0.11458333333333333
2 0.8719765625000001 0.08277777777777778 0.0248203125 0.10693055555555554
2 0.6816484375 0.044486111111111115 0.0219375 0.08895833333333333
2 0.63409375 0.10647222222222222 0.0247890625 0.12163888888888888
2 0.238234375 0.029541666666666667 0.0237734375 0.05909722222222222
2 0.4003828125 0.012319444444444444 0.026742187499999997 0.02436111111111111
2 0.663875 0.07320833333333333 0.0201171875 0.0635
2 0.22546093749999999 0.4695972222222222 0.025343749999999998 0.062625
2 0.9913046874999999 0.1755 0.0173828125 0.10951388888888888
2 0.1902109375 0.5183472222222222 0.0359375 0.14218055555555556
2 0.21887500000000001 0.536236111111111 0.045656249999999995 0.1532777777777778
2 0.5105000000000001 0.018430555555555554 0.0281328125 0.036875
2 0.138578125 0.02448611111111111 0.030351562500000002 0.04897222222222222
2 0.25222656250000003 0.5245277777777778 0.039890625 0.13404166666666667
2 0.98746875 0.006472222222222222 0.018078125 0.012736111111111111