2 0.8112187499999999 0.7917777777777778 0.051078124999999995 0.17194444444444443
2 0.40358593750000005 0.5572222222222222 0.038125 0.14733333333333334
2 0.4994609375 0.16418055555555555 0.0355234375 0.12206944444444444
2 0.6692265625 0.14283333333333334 0.027984375 0.12091666666666667
2 0.9595078125000001 0.5781388888888889 0.050078124999999994 0.1599861111111111
2 0.9686484375 0.08598611111111111 0.0296328125 0.11756944444444445
2 0.5064921874999999 0.5537916666666667 0.037843749999999995 0.15670833333333334
2 0.67534375 0.8951805555555555 0.047281250000000004 0.16258333333333333
2 0.6024296875 0.7649444444444444 0.04871875 0.19220833333333331
2 0.5613828125 0.08694444444444445 0.026859375 0.11559722222222223
2 0.9796953125 0.15094444444444446 0.040609374999999996 0.12090277777777778
2 0.5316953125 0.16406944444444443 0.0270546875 0.107875
2 0.10634375 0.24854166666666666 0.04546875 0.14047222222222222
2 0.9341015625000001 0.09237500000000001 0.031609375 0.11797222222222221
2 0.7315859375 0.08156944444444444 0.02359375 0.12508333333333332
2 0.8946015624999999 0.12231944444444444 0.0503046875 0.11655555555555555
2 0.038351562500000005 0.17026388888888888 0.0352578125 0.11472222222222221
2 0.6755859375 0.02622222222222222 0.0250859375 0.05243055555555556
2 0.554203125 0.9556805555555556 0.05675 0.08863888888888889
2 0.388671875 0.24025 0.038 0.15377777777777776
2 0.6441640625 0.033388888888888885 0.020710937500000002 0.06679166666666667
2 0.6106328125 0.035861111111111114 0.0238515625 0.07172222222222223
2 0.75475 0.03861111111111111 0.0327421875 0.07720833333333334
2 0.018789062500000002 0.6174722222222222 0.037578125000000004 0.17731944444444445
2 0.7789375 0.9605833333333333 0.048093750000000005 0.07881944444444444
2 0.510671875 0.05752777777777778 0.027750000000000004 0.11504166666666667
2 0.5515390625000001 0.169375 0.0211875 0.10865277777777778
2 0.5923671875000001 0.041180555555555554 0.018171875 0.06775
2 0.9879453125 0.2227777777777778 0.024109375 0.09195833333333332
2 0.2500390625 0.5079305555555556 0.031046875 0.12394444444444444
2 0.217125 0.5152083333333333 0.04146875 0.15666666666666668
2 0.1898359375 0.49766666666666665 0.037593749999999995 0.15056944444444445
2 0.442375 0.061000000000000006 0.012921875 0.09143055555555556
2 0.9939218750000001 0.3401388888888889 0.012085937500000001 0.08704166666666667
2 0.49643750000000003 0.01922222222222222 0.01653125 0.03845833333333334
2 0.011609375 0.34281944444444445 0.022578124999999998 0.125
2 0.588171875 0.03943055555555556 0.017640625 0.06766666666666667
2 0.520640625 0.022166666666666668 0.018632812500000002 0.044333333333333336