2 0.6095546875 0.33834722222222224 0.030593749999999996 0.11306944444444444
2 0.6628828125 0.5798888888888889 0.04184375 0.15879166666666666
2 0.8325312500000001 0.2834027777777778 0.03390625 0.14127777777777778
2 0.381890625 0.6630277777777778 0.0521015625 0.17613888888888887
2 0.6178046875 0.2009027777777778 0.029109375 0.1115
2 0.56878125 0.3857638888888889 0.0332265625 0.14248611111111112
2 0.4906484375 0.18966666666666668 0.02475 0.12331944444444445
2 0.29709375 0.6622361111111111 0.0464296875 0.1501111111111111
2 0.385046875 0.13684722222222223 0.0272578125 0.1104861111111111
2 0.371375 0.21023611111111112 0.031875 0.13094444444444445
2 0.954203125 0.4439444444444444 0.0450390625 0.16294444444444445
2 0.09456250000000001 0.767875 0.0518046875 0.17890277777777777
2 0.494171875 0.5459166666666667 0.0396875 0.14690277777777777
2 0.2922421875 0.5134305555555556 0.0364453125 0.1333611111111111
2 0.43521093750000006 0.07929166666666668 0.024875 0.1172638888888889
2 0.54940625 0.5357916666666667 0.0278046875 0.13602777777777778
2 0.5112734375 0.4215694444444444 0.0404140625 0.15591666666666668
2 0.915625 0.2408472222222222 0.0393515625 0.13729166666666665
2 0.45571093749999997 0.08218055555555556 0.0290625 0.11533333333333334
2 0.7312109375 0.08523611111111111 0.0217734375 0.12424999999999999
2 0.12434375 0.06620833333333334 0.039109375 0.12254166666666667
2 0.051164062499999996 0.15743055555555555 0.02996875 0.1228611111111111
2 0.6620078125 0.04004166666666666 0.026234374999999997 0.07744444444444444
2 0.379421875 0.03218055555555556 0.021249999999999998 0.06434722222222222
2 0.2235390625 0.4521944444444444 0.027710937499999998 0.06784722222222223
2 0.2502421875 0.5095138888888889 0.03134375 0.1281111111111111
2 0.5018515625 0.020458333333333335 0.020171875 0.04091666666666667
2 0.5929765625 0.01647222222222222 0.019296874999999998 0.03294444444444444
2 0.5216171875 0.018236111111111113 0.020624999999999998 0.036472222222222225
2 0.9422578125 0.15422222222222223 0.029734375 0.11581944444444445
2 0.22035156250000001 0.5252777777777777 0.0416015625 0.14972222222222223
2 0.7356015625000001 0.017041666666666667 0.0243515625 0.034069444444444444
2 0.614875 0.03733333333333333 0.0246328125 0.07177777777777777
2 0.1986484375 0.07077777777777777 0.023390625 0.09822222222222222
2 0.1905 0.5040694444444445 0.0343046875 0.14252777777777778
2 0.635703125 0.04019444444444445 0.027187499999999996 0.07813888888888888
2 0.9249140625000001 0.1477638888888889 0.0249609375 0.09905555555555555
2 0.546734375 0.008388888888888888 0.015140625 0.01651388888888889
2 0.9467265625 0.007902777777777778 0.0195 0.015527777777777777
2 0.6167890625 0.012541666666666666 0.0189453125 0.025083333333333332