2 0.930765625 0.23441666666666666 0.034921875000000005 0.124
2 0.494796875 0.3458333333333333 0.0352890625 0.1322638888888889
2 0.618453125 0.7838333333333334 0.0429453125 0.14966666666666667
2 0.8595937499999999 0.7681944444444445 0.0514140625 0.16422222222222221
2 0.8465 0.6170138888888889 0.0466796875 0.16952777777777778
2 0.9036875 0.1353611111111111 0.0326171875 0.12216666666666666
2 0.5891953125 0.18090277777777777 0.025507812499999998 0.10301388888888889
2 0.9433203125 0.3337361111111111 0.041499999999999995 0.13756944444444444
2 0.1134765625 0.7261666666666667 0.051859375 0.1802777777777778
2 0.3816953125 0.14397222222222222 0.03021875 0.12373611111111112
2 0.906671875 0.4917916666666666 0.044546875 0.16352777777777777
2 0.5741171875 0.6491666666666667 0.043289062499999996 0.17356944444444444
2 0.10791406249999999 0.9041250000000001 0.057890624999999994 0.18475000000000003
2 0.551359375 0.8804722222222223 0.034703125 0.16316666666666668
2 0.6159296875 0.08651388888888889 0.0321015625 0.11059722222222222
2 0.62975 0.35581944444444447 0.0345078125 0.12441666666666666
2 0.371875 0.4182222222222222 0.037375000000000005 0.15347222222222223
2 0.5366015625 0.2615972222222222 0.03821875 0.14347222222222222
2 0.731265625 0.09516666666666666 0.025374999999999998 0.12424999999999999
2 0.22115625 0.025791666666666668 0.027960937499999998 0.051583333333333335
2 0.400859375 0.3025 0.031796875 0.12990277777777778
2 0.13956249999999998 0.028666666666666667 0.0323203125 0.05734722222222222
2 0.7089609375 0.05141666666666667 0.0259140625 0.0995
2 0.48421875 0.08269444444444445 0.02515625 0.11406944444444443
2 0.9874375000000001 0.3110277777777778 0.0251328125 0.13844444444444445
2 0.5527265625 0.017805555555555557 0.0270546875 0.035611111111111114
2 0.990421875 0.20375 0.019164062500000002 0.11676388888888888
2 0.42838281250000004 0.10320833333333333 0.0246015625 0.11777777777777777
2 0.3156875 0.32593055555555556 0.0399140625 0.09622222222222222
2 0.3201953125 0.43733333333333335 0.0535859375 0.16625
2 0.8823828125000001 0.08793055555555555 0.0234609375 0.10618055555555556
2 0.45962500000000006 0.1087638888888889 0.030703124999999998 0.12098611111111111
2 0.191875 0.5141388888888889 0.0321484375 0.14261111111111113
2 0.637609375 0.9737222222222223 0.054515625 0.052569444444444446
2 0.9534765625 0.01634722222222222 0.0248046875 0.03269444444444444
2 0.5091484375 0.05225 0.0241640625 0.10427777777777777
2 0.2591328125 0.015694444444444445 0.020515625000000003 0.031375
2 0.673203125 0.03623611111111111 0.0232734375 0.07247222222222222
2 0.22585937500000003 0.4615416666666667 0.025390625 0.057111111111111106
2 0.21985156250000001 0.5346666666666666 0.0425390625 0.15230555555555556
2 0.2517890625 0.5219305555555556 0.040195312500000004 0.13084722222222223
2 0.059375 0.14869444444444443 0.0307578125 0.15306944444444442
2 0.007664062500000001 0.5417222222222222 0.015328125000000001 0.1492638888888889
2 0.6316640625 0.06152777777777777 0.024210937499999998 0.0968611111111111
2 0.9950390625000001 0.010847222222222222 0.0098125 0.02125
2 0.86459375 0.09633333333333333 0.0236953125 0.10247222222222223
2 0.051789062500000003 0.10559722222222222 0.029367187500000003 0.09430555555555556
2 0.6644765625 0.07365277777777778 0.017171875 0.051972222222222225
2 0.6556328125 0.047125 0.020874999999999998 0.04683333333333333
2 0.009328125 0.006750000000000001 0.018015625 0.012902777777777777