2 0.569625 0.4708055555555556 0.0379921875 0.14338888888888887
2 0.9242109375 0.8795555555555555 0.057109375 0.17715277777777777
2 0.48936718749999997 0.45943055555555556 0.0359375 0.1446111111111111
2 0.8535078125 0.3549583333333333 0.036296875 0.14620833333333333
2 0.06251562499999999 0.9466388888888889 0.063046875 0.10672222222222223
2 0.5355546875 0.9478472222222223 0.0590625 0.10429166666666667
2 0.5994609375 0.04004166666666666 0.0336640625 0.08008333333333333
2 0.9382265625 0.3527361111111111 0.0410546875 0.1457638888888889
2 0.7293671875000001 0.09225 0.020515625000000003 0.12447222222222223
2 0.3768828125 0.06298611111111112 0.025765624999999997 0.1097638888888889
2 0.051992187499999995 0.6596388888888889 0.0528203125 0.18840277777777778
2 0.37785156249999996 0.8123055555555556 0.05730468749999999 0.1901111111111111
2 0.598234375 0.2669861111111111 0.027523437499999998 0.109375
2 0.6519140625000001 0.7298888888888888 0.04509375 0.16755555555555557
2 0.5393828125 0.6584583333333333 0.029249999999999998 0.14305555555555555
2 0.6231328125 0.26355555555555554 0.029562500000000002 0.1212638888888889
2 0.5235546875 0.3571666666666667 0.036765625 0.15072222222222223
2 0.3856875 0.20277777777777778 0.0269296875 0.12251388888888888
2 0.37409375 0.2842777777777778 0.030843749999999996 0.14193055555555556
2 0.4904140625 0.14545833333333333 0.023109374999999998 0.12556944444444443
2 0.303890625 0.5685694444444445 0.043960937500000005 0.1574722222222222
2 0.054828125000000005 0.15641666666666668 0.0311875 0.11691666666666668
2 0.42800781250000003 0.09920833333333334 0.0241640625 0.11693055555555555
2 0.9897031249999999 0.26731944444444444 0.0206015625 0.11626388888888887
2 0.4569609375 0.09983333333333333 0.029890624999999997 0.12588888888888888
2 0.309390625 0.44172222222222224 0.04040625 0.13619444444444445
2 0.22356250000000003 0.45505555555555555 0.0251328125 0.06134722222222223
2 0.9288515625 0.9765694444444445 0.068484375 0.046875
2 0.53421875 0.02488888888888889 0.0221796875 0.04934722222222222
2 0.6786953125 0.04872222222222222 0.020585937500000002 0.09501388888888888
2 0.1218046875 0.9849722222222221 0.053507812499999995 0.030055555555555558
2 0.98721875 0.4724444444444445 0.025570312499999998 0.15116666666666667
2 0.1897890625 0.5105416666666667 0.0350234375 0.14049999999999999
2 0.21844531250000002 0.5285555555555556 0.0408828125 0.14716666666666667
2 0.64925 0.021708333333333333 0.026664062500000002 0.043402777777777776
2 0.9914999999999999 0.017805555555555557 0.0162890625 0.03559722222222222
2 0.8952187500000001 0.12538888888888888 0.0261796875 0.10256944444444444
2 0.946140625 0.011013888888888889 0.020265625000000002 0.021597222222222223
2 0.1494140625 0.10173611111111111 0.03471875 0.07198611111111111
2 0.9070078125000001 0.19819444444444442 0.0400859375 0.1436527777777778
2 0.2489453125 0.5182083333333334 0.032515625 0.13037500000000002
2 0.1254921875 0.042138888888888885 0.027796875 0.08426388888888889
2 0.909734375 0.17383333333333334 0.038359375 0.0767638888888889
2 0.91765625 0.11836111111111111 0.03 0.09677777777777778
2 0.005265625 0.8853333333333334 0.0103515625 0.10418055555555557
2 0.50109375 0.010819444444444444 0.020484375 0.021486111111111112
2 0.6252421874999999 0.03918055555555556 0.02446875 0.06129166666666667