2 0.663375 0.17527777777777778 0.029140624999999996 0.11966666666666666
2 0.49978125 0.13368055555555555 0.030820312500000002 0.11440277777777778
2 0.5641328125 0.11694444444444445 0.0258515625 0.11706944444444445
2 0.9519375 0.5327083333333333 0.048296875 0.16419444444444445
2 0.92675 0.14343055555555556 0.0390390625 0.11844444444444445
2 0.401953125 0.6264583333333333 0.039570312499999996 0.1593611111111111
2 0.762890625 0.05348611111111111 0.026718750000000003 0.10355555555555555
2 0.5490781250000001 0.8988055555555555 0.059335937500000005 0.19705555555555554
2 0.731296875 0.08127777777777778 0.021968750000000002 0.12316666666666667
2 0.49784375000000003 0.485625 0.0328671875 0.14469444444444446
2 0.37853125 0.27747222222222223 0.0424140625 0.1527222222222222
2 0.53171875 0.1357361111111111 0.025210937500000002 0.09883333333333333
2 0.806015625 0.896875 0.047671875 0.19866666666666666
2 0.6748515625 0.03429166666666667 0.025046875000000003 0.06858333333333334
2 0.0377890625 0.16933333333333334 0.032671875 0.11230555555555556
2 0.113078125 0.2212638888888889 0.05128125 0.1421388888888889
2 0.41801562499999995 0.06776388888888889 0.0278671875 0.0936388888888889
2 0.9514374999999999 0.11691666666666668 0.032718750000000005 0.1233611111111111
2 0.9842968750000001 0.10790277777777778 0.0313984375 0.11815277777777777
2 0.24100000000000002 0.9723472222222223 0.058562499999999997 0.05530555555555556
2 0.5493046875 0.200625 0.020984375 0.11352777777777777
2 0.6659531249999999 0.7714027777777778 0.043890625 0.10843055555555554
2 0.6454609375 0.03280555555555556 0.02003125 0.06561111111111112
2 0.5930703125 0.04605555555555555 0.019703125 0.06834722222222223
2 0.37240625 0.017777777777777778 0.0226328125 0.035555555555555556
2 0.5060156250000001 0.043166666666666666 0.029281249999999998 0.08633333333333333
2 0.6106171875 0.035541666666666666 0.022820312500000002 0.07109722222222221
2 0.2194765625 0.519375 0.0423046875 0.15073611111111113
2 0.6579765625 0.8420277777777778 0.0653046875 0.2437222222222222
2 0.9880078125 0.31168055555555557 0.023984375 0.095
2 0.1420546875 0.010986111111111111 0.0350546875 0.021902777777777778
2 0.252921875 0.510361111111111 0.035453125 0.13145833333333334
2 0.23126562499999997 0.44855555555555554 0.020890625 0.05430555555555556
2 0.98746875 0.17294444444444443 0.0250546875 0.1403472222222222
2 0.1914765625 0.4950555555555555 0.03828125 0.14793055555555557
2 0.43871093749999995 0.01023611111111111 0.0194765625 0.02034722222222222
2 0.009578125 0.313625 0.01859375 0.13159722222222223
2 0.5890625 0.041027777777777774 0.01859375 0.06788888888888889
2 0.991609375 0.012527777777777777 0.01678125 0.024736111111111108
2 0.4600546875 0.00963888888888889 0.0174765625 0.01913888888888889
2 0.00565625 0.3044444444444444 0.010890625 0.14869444444444443
2 0.5204921875 0.007847222222222222 0.0205625 0.015486111111111112