2 0.6580546875 0.6918888888888889 0.040671875 0.13783333333333334
2 0.5695078125 0.1386111111111111 0.027937499999999997 0.11484722222222223
2 0.25489843749999996 0.9137777777777777 0.049125 0.15390277777777778
2 0.40307812500000006 0.6851388888888889 0.040671875 0.16058333333333333
2 0.7082734375 0.9196944444444444 0.055304687500000005 0.16061111111111112
2 0.6618984375 0.21956944444444446 0.0297578125 0.1314722222222222
2 0.50171875 0.10990277777777777 0.029406250000000002 0.11722222222222223
2 0.7769999999999999 0.06777777777777777 0.0315 0.11791666666666667
2 0.4961640625 0.42398611111111106 0.03225 0.13754166666666667
2 0.9516171874999999 0.4687083333333334 0.0461484375 0.15445833333333334
2 0.38359375 0.30993055555555554 0.03728125 0.14644444444444443
2 0.5308984375 0.10441666666666667 0.023320312500000002 0.09838888888888889
2 0.0400390625 0.168125 0.0387734375 0.11302777777777777
2 0.7320546875 0.07384722222222223 0.024265625 0.12608333333333333
2 0.5274296875 0.9653750000000001 0.05625 0.06925
2 0.139515625 0.9408194444444444 0.0611484375 0.11837500000000001
2 0.806078125 0.9611944444444444 0.04996875 0.077625
2 0.49857031249999995 0.027347222222222224 0.0290078125 0.05469444444444445
2 0.9626015625000001 0.16320833333333334 0.055132812499999996 0.12694444444444444
2 0.5485703125 0.8173888888888888 0.05632812499999999 0.21663888888888888
2 0.12221875 0.18565277777777775 0.047875 0.14241666666666666
2 0.6703359375 0.04543055555555556 0.027171875 0.08906944444444444
2 0.5484140625 0.2280972222222222 0.0212578125 0.11743055555555555
2 0.64615625 0.030972222222222224 0.021562500000000002 0.06195833333333333
2 0.9823281250000001 0.2730694444444445 0.0353359375 0.124375
2 0.43792187499999996 0.013833333333333335 0.018171875 0.02766666666666667
2 0.009867187500000001 0.2886388888888889 0.0189609375 0.08537499999999999
2 0.4597734375 0.018611111111111113 0.0171796875 0.036875
2 0.2198671875 0.5155555555555555 0.0453984375 0.15333333333333335
2 0.236671875 0.4453888888888889 0.025406250000000002 0.05988888888888889
2 0.6120078125 0.034305555555555554 0.023046875 0.06861111111111111
2 0.9758515624999999 0.1483611111111111 0.0466484375 0.14966666666666667
2 0.3738046875 0.035152777777777776 0.0317265625 0.07030555555555555
2 0.18959375 0.49962500000000004 0.0337578125 0.14405555555555555
2 0.9741171874999999 0.01165277777777778 0.0376328125 0.02330555555555556
2 0.251453125 0.5016666666666667 0.041335937499999996 0.13584722222222223
2 0.59571875 0.042611111111111113 0.018328125 0.06755555555555556
2 0.394140625 0.010083333333333333 0.0155390625 0.019902777777777776
2 0.37293750000000003 0.05401388888888889 0.0372421875 0.10802777777777778
2 0.9773984375 0.10522222222222223 0.0320859375 0.06551388888888889
2 0.9783828124999999 0.12424999999999999 0.0370703125 0.10263888888888889