2 0.9698593750000001 0.40443055555555557 0.0437421875 0.15745833333333334
2 0.49282812500000006 0.4058611111111112 0.0369921875 0.14265277777777777
2 0.890984375 0.9061666666666668 0.058499999999999996 0.17697222222222223
2 0.8787578125 0.4262361111111111 0.040749999999999995 0.16377777777777777
2 0.5685781249999999 0.5560416666666667 0.040257812500000004 0.1612222222222222
2 0.8857265625 0.7494027777777779 0.0486640625 0.16775
2 0.5690937500000001 0.8877361111111111 0.05215625 0.1663888888888889
2 0.028679687500000002 0.5899861111111111 0.057359375000000004 0.18244444444444446
2 0.37025 0.9145000000000001 0.05795312500000001 0.16391666666666665
2 0.64246875 0.8697777777777778 0.051070312500000006 0.1806666666666667
2 0.6254375 0.2982638888888889 0.030632812500000002 0.124625
2 0.610578125 0.05547222222222222 0.0347890625 0.10655555555555556
2 0.592546875 0.22825 0.024703125 0.10422222222222223
2 0.9360937500000001 0.30001388888888886 0.0381875 0.14245833333333333
2 0.91015625 0.17266666666666666 0.03559375 0.12605555555555556
2 0.3088984375 0.5080694444444445 0.039304687500000005 0.1530138888888889
2 0.1034921875 0.09604166666666668 0.028726562500000004 0.09644444444444444
2 0.379828125 0.09836111111111111 0.026250000000000002 0.11797222222222221
2 0.1172421875 0.93975 0.058328124999999995 0.11305555555555556
2 0.7308749999999999 0.09225 0.0240703125 0.12834722222222222
2 0.3919296875 0.2464583333333333 0.027859375 0.120875
2 0.5318515625 0.3045555555555556 0.0358046875 0.145625
2 0.089640625 0.8499166666666668 0.0580234375 0.18731944444444446
2 0.37605468750000004 0.3405694444444445 0.03378125 0.143125
2 0.1304140625 0.042055555555555554 0.03203125 0.0808611111111111
2 0.9890546875 0.2375972222222222 0.021890625 0.11545833333333333
2 0.697640625 0.051125000000000004 0.024828125 0.09886111111111112
2 0.539515625 0.7622916666666667 0.0341328125 0.16184722222222223
2 0.5186953125 0.03654166666666667 0.023484375 0.07306944444444444
2 0.9005234375000001 0.10008333333333333 0.02284375 0.08873611111111111
2 0.48835937500000004 0.11565277777777777 0.02425 0.11386111111111112
2 0.0585859375 0.15809722222222222 0.028749999999999998 0.12036111111111111
2 0.87775 0.11234722222222222 0.026257812499999998 0.10448611111111111
2 0.4278515625 0.10269444444444444 0.0262265625 0.11733333333333335
2 0.4587265625 0.10930555555555556 0.0253515625 0.11255555555555556
2 0.3156875 0.39051388888888894 0.0354375 0.13431944444444444
2 0.2243203125 0.4585 0.023234374999999998 0.059125
2 0.655296875 0.04768055555555555 0.0234921875 0.0953611111111111
2 0.949640625 0.012375 0.0240390625 0.024708333333333332
2 0.19036718749999998 0.5129444444444444 0.0331015625 0.14491666666666667
2 0.2184140625 0.5321944444444444 0.043328125 0.15181944444444445
2 0.249734375 0.5239722222222222 0.038171875 0.13258333333333333
2 0.26484375 0.012208333333333331 0.025007812499999997 0.02390277777777778
2 0.648109375 0.03686111111111111 0.0208125 0.06881944444444445
2 0.9940546875 0.3805972222222222 0.011890625 0.10336111111111111