2 0.665359375 0.3970277777777778 0.0376875 0.14288888888888887
2 0.5695703125 0.272 0.0323046875 0.13040277777777778
2 0.8157187499999999 0.18711111111111112 0.0310859375 0.13080555555555556
2 0.0371953125 0.6944583333333333 0.050523437500000004 0.16219444444444445
2 0.296109375 0.8482638888888889 0.051164062499999996 0.1647361111111111
2 0.62553125 0.4670138888888889 0.0315625 0.12315277777777778
2 0.49971875 0.045763888888888896 0.028296875 0.08945833333333333
2 0.3741640625 0.5039166666666667 0.04996875 0.18426388888888887
2 0.4203125 0.9561805555555556 0.050101562499999995 0.08763888888888889
2 0.98165625 0.6110277777777777 0.0366953125 0.1743888888888889
2 0.9275156250000001 0.3369027777777778 0.04090625 0.1398472222222222
2 0.38515625 0.06134722222222223 0.0270625 0.10963888888888888
2 0.14071093750000002 0.9527777777777777 0.0565625 0.09445833333333334
2 0.36814843750000004 0.11786111111111111 0.029187499999999998 0.12111111111111111
2 0.5036484375 0.7214444444444446 0.0426640625 0.17108333333333334
2 0.6274140625 0.12643055555555555 0.027734375 0.10761111111111112
2 0.486890625 0.28191666666666665 0.027968749999999997 0.13555555555555554
2 0.9738203125 0.2039027777777778 0.03453125 0.120375
2 0.850671875 0.01947222222222222 0.0411484375 0.03894444444444444
2 0.533625 0.04620833333333334 0.0215390625 0.08908333333333333
2 0.43970312500000003 0.05031944444444444 0.02321875 0.09672222222222222
2 0.4628671875 0.04894444444444445 0.0246015625 0.09559722222222222
2 0.5226953125 0.5728888888888889 0.0441953125 0.17452777777777778
2 0.27932812500000004 0.6638611111111111 0.03909375 0.14152777777777778
2 0.0416328125 0.16509722222222223 0.0358359375 0.120875
2 0.7310390625000001 0.08272222222222222 0.0230546875 0.12788888888888889
2 0.550796875 0.3926805555555556 0.023046875 0.1289583333333333
2 0.64471875 0.03397222222222222 0.021921875 0.06793055555555555
2 0.1212109375 0.11411111111111111 0.035359375 0.12627777777777777
2 0.9483359374999999 0.1995138888888889 0.028476562500000004 0.1041111111111111
2 0.61825 0.030305555555555554 0.0242890625 0.060597222222222226
2 0.60265625 0.04427777777777778 0.021281249999999998 0.06505555555555556
2 0.223390625 0.44909722222222226 0.027265624999999998 0.06120833333333334
2 0.2192734375 0.5215416666666667 0.04121875 0.1536388888888889
2 0.289359375 0.06883333333333333 0.028796875 0.09230555555555554
2 0.1889453125 0.49936111111111114 0.034749999999999996 0.145125
2 0.9929140625 0.02725 0.0141640625 0.0545
2 0.250921875 0.5066527777777778 0.0383984375 0.13784722222222223
2 0.9459765625 0.007027777777777777 0.0215546875 0.013722222222222222