2 0.838484375 0.7077916666666667 0.046867187500000004 0.16904166666666665
2 0.579171875 0.7047361111111111 0.048070312500000004 0.17641666666666667
2 0.6451171875 0.7617916666666666 0.04865625 0.15519444444444444
2 0.4969765625 0.31416666666666665 0.032375 0.13334722222222223
2 0.9293437499999999 0.3015138888888889 0.040359374999999996 0.14045833333333332
2 0.9272500000000001 0.2194861111111111 0.036171875 0.13444444444444445
2 0.613515625 0.10868055555555556 0.027523437499999998 0.111625
2 0.3815078125 0.17218055555555556 0.027187499999999996 0.1202361111111111
2 0.8221171875 0.5455 0.0401640625 0.14716666666666667
2 0.9214609375 0.5425833333333334 0.051375000000000004 0.16384722222222223
2 0.5655703125 0.93875 0.035828125 0.11956944444444445
2 0.588125 0.1625138888888889 0.025968750000000002 0.10202777777777777
2 0.124609375 0.6695416666666667 0.050484375000000005 0.184375
2 0.6194765624999999 0.40073611111111107 0.0355234375 0.13119444444444445
2 0.405875 0.3437222222222222 0.0314453125 0.13733333333333334
2 0.8945078125 0.11825 0.0329296875 0.11391666666666667
2 0.53371875 0.23436111111111113 0.035359375 0.13995833333333332
2 0.0244375 0.11495833333333333 0.030820312500000002 0.0959861111111111
2 0.9782109374999999 0.2759583333333333 0.03315625 0.135375
2 0.3209140625 0.4109722222222222 0.0450625 0.15612499999999999
2 0.1971953125 0.03806944444444445 0.0293203125 0.07283333333333333
2 0.093640625 0.8904861111111111 0.06225000000000001 0.17741666666666667
2 0.729984375 0.10022222222222221 0.0233515625 0.11794444444444445
2 0.370609375 0.46925 0.037851562500000005 0.16209722222222223
2 0.9532578125000001 0.018611111111111113 0.0191953125 0.037222222222222226
2 0.8517578125 0.09188888888888888 0.022171875 0.10216666666666667
2 0.6308046875 0.10225000000000001 0.025539062499999998 0.12233333333333334
2 0.0586328125 0.16587500000000002 0.0299375 0.12088888888888889
2 0.48420312499999996 0.07193055555555555 0.022734375 0.113625
2 0.680546875 0.044472222222222225 0.023804687499999998 0.08894444444444445
2 0.8750234375 0.07886111111111112 0.0210703125 0.09613888888888888
2 0.6637421875 0.07047222222222223 0.0230390625 0.07234722222222223
2 0.4280859375 0.10809722222222222 0.0228046875 0.11763888888888889
2 0.4576953125 0.11395833333333333 0.027734375 0.11805555555555555
2 0.5016328125 0.069375 0.0235625 0.1078611111111111
2 0.31443750000000004 0.3040972222222222 0.03746875 0.10536111111111111
2 0.240265625 0.02748611111111111 0.0195078125 0.05480555555555556
2 0.7143203125 0.043708333333333335 0.0240703125 0.08741666666666667
2 0.22435156250000002 0.4674583333333333 0.026296874999999997 0.059472222222222225
2 0.19046875000000002 0.5184583333333334 0.0356171875 0.14240277777777777
2 0.9911875 0.17843055555555556 0.017625 0.09984722222222223
2 0.147296875 0.021986111111111113 0.025750000000000002 0.043972222222222225
2 0.220359375 0.5374861111111111 0.044859375 0.154375
2 0.3996328125 0.011708333333333333 0.0213359375 0.02301388888888889
2 0.2521015625 0.5239722222222222 0.039554687500000005 0.13320833333333332
2 0.5158046875 0.017847222222222223 0.0265390625 0.035680555555555556
2 0.13684375 0.024777777777777777 0.031328125 0.049555555555555554
2 0.5115000000000001 0.06720833333333333 0.03234375 0.11423611111111111
2 0.9901328125 0.006555555555555555 0.0175546875 0.012486111111111111