2 0.5685703125 0.353 0.035421875000000005 0.13973611111111112
2 0.43842968750000005 0.06775 0.0240625 0.11369444444444445
2 0.9596562499999999 0.4775694444444445 0.0460859375 0.16831944444444444
2 0.8278515625 0.2558611111111111 0.0358203125 0.13793055555555556
2 0.6156640624999999 0.36073611111111115 0.0282890625 0.11523611111111111
2 0.38589843749999997 0.11769444444444443 0.025031249999999998 0.10970833333333332
2 0.4892265625 0.2062222222222222 0.025578125 0.11997222222222222
2 0.28991406249999996 0.5502222222222223 0.037515625000000004 0.13802777777777778
2 0.49534374999999997 0.5801388888888889 0.0418125 0.15658333333333332
2 0.2965703125 0.7013194444444444 0.0469609375 0.1648888888888889
2 0.3803515625 0.6160694444444444 0.0460703125 0.17295833333333333
2 0.921296875 0.26340277777777776 0.038828125000000005 0.12705555555555556
2 0.37040625 0.18494444444444444 0.028375 0.12704166666666666
2 0.1134453125 0.8111111111111111 0.0625546875 0.20170833333333332
2 0.6692734375 0.5271111111111111 0.0408359375 0.15543055555555554
2 0.4583828125 0.06759722222222223 0.027710937499999998 0.1135
2 0.6178984375 0.17956944444444442 0.028421875000000003 0.11129166666666666
2 0.5017343750000001 0.023708333333333335 0.024734375 0.04743055555555555
2 0.52990625 0.02266666666666667 0.0238125 0.04533333333333334
2 0.12455468750000001 0.07386111111111111 0.0349296875 0.12322222222222222
2 0.731359375 0.08168055555555556 0.021117187500000002 0.12306944444444444
2 0.5490234375 0.4945138888888889 0.028265625 0.14083333333333334
2 0.5086015625 0.45290277777777777 0.042921875 0.16493055555555555
2 0.656484375 0.035430555555555555 0.0247890625 0.07086111111111111
2 0.051484375000000006 0.15566666666666668 0.031453125 0.11959722222222222
2 0.951609375 0.15984722222222222 0.030656250000000003 0.12084722222222223
2 0.224859375 0.4464027777777778 0.02484375 0.062875
2 0.38293750000000004 0.023888888888888887 0.021374999999999998 0.04777777777777777
2 0.9288281250000001 0.1570277777777778 0.029929687500000003 0.10877777777777776
2 0.7656875000000001 0.014458333333333333 0.03778125 0.028916666666666667
2 0.223203125 0.06697222222222222 0.023390625 0.09230555555555554
2 0.249609375 0.5079444444444445 0.03371875 0.13031944444444443
2 0.219921875 0.5186805555555556 0.0431484375 0.15325
2 0.190796875 0.50125 0.0340390625 0.14719444444444446
2 0.6351093750000001 0.035555555555555556 0.025203125 0.07111111111111111
2 0.0059296875 0.5871111111111111 0.0115625 0.12344444444444444
2 0.5976640625 0.007347222222222222 0.0183671875 0.014597222222222222
2 0.6118828125 0.04023611111111111 0.021765625 0.06097222222222222