2 0.8445937499999999 0.6080416666666667 0.0456015625 0.1708611111111111
2 0.9299609375 0.23419444444444446 0.034578125 0.12198611111111111
2 0.620828125 0.7745416666666666 0.045234375 0.13161111111111112
2 0.4941640625 0.34049999999999997 0.034585937500000004 0.13454166666666667
2 0.57540625 0.6549444444444444 0.0435078125 0.1706111111111111
2 0.9425625 0.3314722222222222 0.041640625 0.14123611111111112
2 0.589171875 0.1763472222222222 0.025390625 0.09922222222222223
2 0.11484375 0.7268333333333334 0.0520859375 0.18363888888888888
2 0.85703125 0.7639166666666667 0.051703125 0.17329166666666665
2 0.9036171875000001 0.136 0.0330390625 0.12540277777777778
2 0.1061796875 0.9130138888888889 0.0577265625 0.17218055555555556
2 0.9087265625000001 0.49974999999999997 0.0411171875 0.16059722222222222
2 0.55234375 0.8843472222222223 0.036765625 0.16102777777777777
2 0.6185859375 0.08788888888888889 0.036421875 0.10972222222222222
2 0.2203046875 0.02672222222222222 0.028054687499999998 0.05344444444444444
2 0.3823125 0.14766666666666667 0.02975 0.1276111111111111
2 0.630015625 0.36174999999999996 0.0356953125 0.12679166666666666
2 0.535875 0.25787499999999997 0.035828125 0.1456388888888889
2 0.73140625 0.09640277777777777 0.0248125 0.12330555555555556
2 0.9866718750000001 0.30277777777777776 0.02665625 0.13556944444444444
2 0.3720625 0.42470833333333335 0.0400078125 0.16052777777777777
2 0.13953125 0.02876388888888889 0.031468750000000004 0.05752777777777778
2 0.40667187499999996 0.3130277777777778 0.037765625000000004 0.13704166666666667
2 0.4839609375 0.08318055555555556 0.026257812499999998 0.11636111111111111
2 0.70940625 0.051583333333333335 0.026671875 0.10275000000000001
2 0.990609375 0.20195833333333332 0.0187734375 0.11580555555555555
2 0.191796875 0.5147638888888889 0.032445312500000004 0.14176388888888888
2 0.42970312499999996 0.10327777777777777 0.0248203125 0.12068055555555555
2 0.320984375 0.43680555555555556 0.05165625 0.16529166666666667
2 0.2575234375 0.017680555555555557 0.022453124999999997 0.035361111111111114
2 0.0571171875 0.15075 0.0351171875 0.15068055555555554
2 0.459203125 0.10750000000000001 0.0314375 0.12404166666666668
2 0.31590625 0.3244444444444444 0.04240625 0.0963611111111111
2 0.9539140625 0.017125 0.026070312499999998 0.03425
2 0.879515625 0.09302777777777778 0.02703125 0.11441666666666667
2 0.5083046875 0.05398611111111111 0.0251171875 0.10566666666666666
2 0.54746875 0.018125000000000002 0.022828124999999998 0.03626388888888889
2 0.6743828125 0.035916666666666666 0.02290625 0.07183333333333333
2 0.6385546875 0.9838194444444445 0.0435078125 0.03236111111111111
2 0.22546875000000002 0.4614166666666667 0.02521875 0.05694444444444444
2 0.25192187499999996 0.5225972222222222 0.0409140625 0.13161111111111112
2 0.22007812499999999 0.5352222222222223 0.04353125 0.15155555555555555
2 0.0073124999999999996 0.5450277777777778 0.014624999999999999 0.15170833333333333
2 0.859421875 0.11065277777777778 0.0198046875 0.07579166666666667
2 0.6642734375 0.06983333333333333 0.017890625 0.0626111111111111
2 0.6317265625 0.05126388888888889 0.025703125 0.06993055555555555
2 0.992828125 0.009361111111111112 0.014343749999999999 0.018361111111111113
2 0.6557031249999999 0.04725000000000001 0.019734375000000002 0.043250000000000004
2 0.051054687499999994 0.08716666666666667 0.023484375 0.06495833333333334