2 0.568453125 0.4264861111111111 0.0353359375 0.14780555555555555
2 0.4900234375 0.5102222222222222 0.0389453125 0.14654166666666668
2 0.589046875 0.02659722222222222 0.0249453125 0.05320833333333334
2 0.296421875 0.6192222222222222 0.0455546875 0.1516388888888889
2 0.9448437500000001 0.4045694444444445 0.042890625 0.1567638888888889
2 0.295390625 0.4797222222222222 0.033773437499999996 0.1225
2 0.5106796874999999 0.39406944444444447 0.041023437499999996 0.15298611111111113
2 0.37515624999999997 0.7296527777777778 0.056296875 0.1986111111111111
2 0.4916484375 0.17120833333333332 0.02590625 0.1265
2 0.8410390624999999 0.31630555555555556 0.0385 0.14305555555555555
2 0.3855078125 0.16430555555555554 0.0261328125 0.11269444444444444
2 0.428359375 0.09031944444444445 0.0254140625 0.11613888888888889
2 0.6042578125 0.3069861111111111 0.026242187500000003 0.1108888888888889
2 0.07958593750000001 0.7205277777777778 0.0531328125 0.17801388888888886
2 0.6587734375000001 0.6453055555555556 0.0449765625 0.17606944444444445
2 0.729984375 0.09026388888888888 0.0192734375 0.12545833333333334
2 0.4571953125 0.09505555555555555 0.028875 0.12009722222222222
2 0.36940625 0.24180555555555555 0.029843750000000002 0.13718055555555556
2 0.050265625 0.15866666666666665 0.0296015625 0.1224861111111111
2 0.6710625 0.044486111111111115 0.023453125 0.08655555555555555
2 0.5449375 0.5890555555555556 0.0314453125 0.147375
2 0.377265625 0.04552777777777778 0.0223125 0.08711111111111111
2 0.12591406249999998 0.05611111111111111 0.032937499999999995 0.11220833333333334
2 0.9668359375 0.9659583333333334 0.05565625 0.06806944444444445
2 0.17703125 0.07730555555555554 0.025578125 0.09905555555555555
2 0.189359375 0.5097777777777778 0.033421875000000004 0.1398888888888889
2 0.6165546875000001 0.21184722222222221 0.0306640625 0.08683333333333333
2 0.24963281249999997 0.5159861111111111 0.0304921875 0.13243055555555555
2 0.22057031249999998 0.5283333333333333 0.0405390625 0.14872222222222223
2 0.9915625 0.3043472222222222 0.016875 0.11798611111111111
2 0.708109375 0.016819444444444442 0.0247265625 0.033638888888888885
2 0.2222109375 0.4566111111111111 0.0256953125 0.05930555555555556
2 0.54246875 0.015222222222222224 0.0153984375 0.030444444444444448
2 0.9460000000000001 0.010222222222222223 0.017820312499999998 0.020055555555555556
2 0.9277890624999999 0.13372222222222221 0.0248828125 0.10216666666666667
2 0.610578125 0.02694444444444444 0.023125 0.05388888888888888
2 0.6366328125 0.043583333333333335 0.028187499999999997 0.08593055555555555
2 0.5014140625 0.017083333333333336 0.0195859375 0.034055555555555554
2 0.993953125 0.021972222222222223 0.01209375 0.043930555555555556
2 0.5203125 0.014305555555555556 0.0159765625 0.028597222222222222
2 0.9108437500000001 0.19541666666666666 0.0342578125 0.077375