2 0.66175 0.20604166666666665 0.0314453125 0.12515277777777778
2 0.5695625 0.13511111111111113 0.028617187500000002 0.11236111111111112
2 0.502390625 0.10901388888888888 0.029593750000000002 0.11461111111111111
2 0.25384375000000003 0.9272777777777778 0.0497421875 0.1441527777777778
2 0.9529687499999999 0.47544444444444445 0.0467421875 0.15143055555555557
2 0.040203125 0.16626388888888888 0.0363203125 0.11127777777777778
2 0.701796875 0.9066805555555555 0.048843750000000005 0.17990277777777777
2 0.8061406249999999 0.9481388888888889 0.0490546875 0.10372222222222223
2 0.5317109375 0.11018055555555556 0.0230078125 0.1031111111111111
2 0.6595078125 0.7123472222222222 0.04065625 0.14683333333333334
2 0.7319296875 0.07263888888888889 0.024953125 0.1272222222222222
2 0.7737812500000001 0.06615277777777778 0.0285546875 0.11266666666666668
2 0.3840859375 0.3032222222222222 0.0356875 0.14790277777777777
2 0.5521796875 0.8295416666666666 0.0569921875 0.21138888888888888
2 0.4083203125 0.6814722222222223 0.0426953125 0.16775
2 0.6729765624999999 0.044194444444444446 0.0251484375 0.08498611111111111
2 0.49742968750000005 0.43311111111111106 0.030929687500000004 0.138125
2 0.499140625 0.02795833333333333 0.0312109375 0.05591666666666666
2 0.1431171875 0.9471805555555556 0.0648046875 0.09813888888888889
2 0.528625 0.9729444444444444 0.055304687500000005 0.05409722222222223
2 0.646125 0.03083333333333333 0.0202421875 0.06165277777777778
2 0.121234375 0.1914861111111111 0.046859374999999995 0.14220833333333333
2 0.54953125 0.22783333333333333 0.022351562499999998 0.11244444444444443
2 0.9845859375 0.27361111111111114 0.030820312500000002 0.12452777777777778
2 0.961125 0.153125 0.053390625000000004 0.14429166666666668
2 0.39030468749999997 0.06090277777777778 0.0231484375 0.10084722222222223
2 0.6115625 0.033638888888888885 0.023304687499999997 0.06727777777777777
2 0.9704921875 0.14115277777777777 0.039140625 0.1437361111111111
2 0.2203203125 0.5150972222222222 0.0465703125 0.15497222222222223
2 0.3652578125 0.027083333333333334 0.021890625 0.05406944444444444
2 0.4384140625 0.013486111111111112 0.0192109375 0.026972222222222224
2 0.0099375 0.29354166666666665 0.0196953125 0.10315277777777777
2 0.23560937499999998 0.4447222222222222 0.0228671875 0.05919444444444444
2 0.1102265625 0.010527777777777778 0.037101562500000004 0.020999999999999998
2 0.46080468750000003 0.01620833333333333 0.0172890625 0.03218055555555556
2 0.189859375 0.5003055555555556 0.033234375 0.14768055555555556
2 0.3698125 0.025 0.02090625 0.04998611111111111
2 0.25115625 0.5092777777777778 0.040484375 0.1436527777777778
2 0.5945703124999999 0.04215277777777778 0.0194453125 0.06656944444444444
2 0.9953984374999999 0.1393611111111111 0.0091953125 0.10375000000000001
2 0.3948203125 0.009597222222222222 0.017390625 0.019055555555555555
2 0.9927343750000001 0.13175 0.01453125 0.11390277777777778
2 0.981171875 0.011402777777777779 0.0288515625 0.02279166666666667