2 0.6622578125 0.2256388888888889 0.0309375 0.13052777777777777
2 0.5696484374999999 0.14872222222222223 0.027640625000000002 0.1166111111111111
2 0.65528125 0.6825833333333333 0.0430546875 0.14633333333333334
2 0.77884375 0.076 0.028429687500000002 0.11731944444444445
2 0.40308593750000005 0.7106111111111111 0.0408203125 0.16375
2 0.5007421875 0.10119444444444445 0.0312265625 0.11309722222222224
2 0.530171875 0.9541944444444445 0.054445312499999995 0.0916111111111111
2 0.13387500000000002 0.9235833333333333 0.059304687499999995 0.15284722222222222
2 0.9499609375 0.463625 0.044375 0.15290277777777778
2 0.493375 0.4132222222222222 0.0325625 0.14343055555555556
2 0.5306015625 0.10230555555555555 0.0227265625 0.09593055555555555
2 0.253109375 0.9056666666666667 0.05040625 0.17625000000000002
2 0.0394609375 0.16731944444444444 0.0388828125 0.11345833333333333
2 0.7317812499999999 0.07627777777777778 0.0237578125 0.12240277777777778
2 0.5470937499999999 0.7951111111111111 0.05553125 0.20750000000000002
2 0.37760937499999997 0.326375 0.0437734375 0.16420833333333335
2 0.4994609375 0.026916666666666665 0.028421875000000003 0.05384722222222223
2 0.667984375 0.04881944444444444 0.026609375 0.09763888888888889
2 0.9736015625000001 0.1572361111111111 0.052796875 0.14666666666666667
2 0.9821953125 0.26022222222222224 0.03503125 0.12373611111111112
2 0.6473046874999999 0.031875 0.024335937499999998 0.06375
2 0.5473359375 0.2449861111111111 0.0218046875 0.11748611111111111
2 0.123 0.18431944444444445 0.049109375 0.13975
2 0.71671875 0.9368194444444444 0.061679687500000004 0.12383333333333332
2 0.43694531249999996 0.015902777777777776 0.0188671875 0.03180555555555555
2 0.9688593750000001 0.01184722222222222 0.041171875000000004 0.02369444444444444
2 0.8057265625 0.9734999999999999 0.0635546875 0.053
2 0.45911718749999997 0.02011111111111111 0.018265625 0.04020833333333333
2 0.22052343749999997 0.5161527777777778 0.04534375 0.15197222222222223
2 0.0083984375 0.2884861111111111 0.0163515625 0.09356944444444446
2 0.6114375 0.03708333333333333 0.0264296875 0.07418055555555556
2 0.23619531249999998 0.44683333333333336 0.0248828125 0.06255555555555556
2 0.3936953125 0.012930555555555556 0.0176328125 0.025875
2 0.3670234375 0.030847222222222224 0.026382812500000002 0.06169444444444445
2 0.0936875 0.01148611111111111 0.032140625 0.022986111111111113
2 0.5967734375 0.041444444444444443 0.020734375 0.07095833333333333
2 0.2512265625 0.5058750000000001 0.0440234375 0.13731944444444444
2 0.18975 0.5017638888888889 0.034664062499999995 0.14159722222222224
2 0.376109375 0.06152777777777777 0.030203124999999997 0.09972222222222221
2 0.7148125000000001 0.9874166666666667 0.045171875 0.025152777777777777
2 0.5918515625 0.03906944444444444 0.02040625 0.07495833333333334