2 0.8654999999999999 0.8025416666666667 0.0539921875 0.18848611111111113
2 0.9326718749999999 0.2469027777777778 0.037875 0.13826388888888888
2 0.946296875 0.34155555555555556 0.0431796875 0.14173611111111112
2 0.570875 0.6193888888888889 0.041625 0.1570138888888889
2 0.49621875 0.35102777777777777 0.0358828125 0.13291666666666668
2 0.590890625 0.18743055555555554 0.025289062499999997 0.09879166666666667
2 0.11176562500000001 0.9187361111111111 0.0586328125 0.15765277777777778
2 0.10708593749999999 0.7467777777777778 0.048078125 0.18611111111111112
2 0.6399140625 0.9607222222222223 0.054140625 0.07854166666666666
2 0.8533125 0.6279861111111111 0.0458671875 0.1522777777777778
2 0.383140625 0.13127777777777777 0.026453125 0.11705555555555555
2 0.6263671875 0.35083333333333333 0.033875 0.12806944444444443
2 0.6045390625 0.801111111111111 0.0404375 0.15268055555555557
2 0.90196875 0.47358333333333336 0.039625 0.15801388888888887
2 0.9047421874999999 0.14395833333333335 0.0327421875 0.12268055555555556
2 0.537703125 0.27055555555555555 0.038070312499999995 0.1474861111111111
2 0.61159375 0.0805 0.0270078125 0.11481944444444445
2 0.37224218750000004 0.4045555555555555 0.0388359375 0.16420833333333335
2 0.548546875 0.8627916666666667 0.034734375 0.1791111111111111
2 0.7315703124999999 0.09299999999999999 0.024625 0.12604166666666666
2 0.232859375 0.021319444444444443 0.0312734375 0.042638888888888886
2 0.3990390625 0.2937222222222222 0.029406250000000002 0.133125
2 0.99021875 0.20162499999999997 0.0195625 0.10595833333333335
2 0.6268906249999999 0.0633611111111111 0.026765624999999998 0.11743055555555555
2 0.5624453125 0.017166666666666667 0.037765625000000004 0.034319444444444444
2 0.31884375 0.43569444444444444 0.0604921875 0.16693055555555555
2 0.48400781249999997 0.08598611111111111 0.0248515625 0.11133333333333333
2 0.98903125 0.3369861111111111 0.0219453125 0.12869444444444444
2 0.31703125 0.33673611111111107 0.034828125 0.10023611111111111
2 0.13874999999999998 0.03129166666666667 0.0386484375 0.06258333333333334
2 0.509859375 0.051319444444444445 0.02240625 0.09815277777777778
2 0.059429687499999995 0.14634722222222224 0.036851562500000004 0.158625
2 0.8848593749999999 0.09006944444444444 0.027703125000000002 0.1108611111111111
2 0.7027578125 0.05244444444444444 0.029249999999999998 0.09133333333333334
2 0.45975781250000003 0.10720833333333334 0.0306875 0.1235138888888889
2 0.6676015625 0.04904166666666667 0.024609375 0.0976111111111111
2 0.869015625 0.09431944444444444 0.025296875000000003 0.11294444444444443
2 0.428171875 0.10348611111111111 0.0238203125 0.11469444444444445
2 0.1919609375 0.5130138888888889 0.032445312500000004 0.14543055555555554
2 0.017945312499999998 0.547875 0.035898437500000005 0.16306944444444443
2 0.9516718750000001 0.015402777777777777 0.020671875 0.030819444444444448
2 0.3755390625 0.9808472222222223 0.051671875 0.03830555555555555
2 0.2523828125 0.5234305555555555 0.04178125 0.132
2 0.219390625 0.5336111111111111 0.043 0.1517361111111111
2 0.22663281249999997 0.4611388888888889 0.0222734375 0.057930555555555555
2 0.2651796875 0.014458333333333333 0.022093750000000002 0.028819444444444446
2 0.066984375 0.10297222222222223 0.033109375 0.09774999999999999
2 0.99578125 0.014166666666666666 0.0084375 0.027902777777777776
2 0.011984375 0.0067777777777777775 0.02396875 0.013194444444444444
2 0.706796875 0.03256944444444444 0.020874999999999998 0.06513888888888889