2 0.5690234375000001 0.1898611111111111 0.0309921875 0.11897222222222222
2 0.5002578125 0.08131944444444444 0.027921875000000002 0.11040277777777777
2 0.2665078125 0.8072916666666666 0.0453671875 0.15330555555555556
2 0.408484375 0.7995972222222223 0.046054687500000004 0.16166666666666668
2 0.6608359375 0.28497222222222224 0.0316875 0.13555555555555554
2 0.64453125 0.60575 0.040703125 0.137
2 0.28796875 0.9733472222222221 0.0567109375 0.05331944444444445
2 0.5172421875000001 0.9007499999999999 0.051070312500000006 0.19080555555555556
2 0.107453125 0.8497500000000001 0.061390625 0.19268055555555555
2 0.788890625 0.11584722222222221 0.0318828125 0.11405555555555556
2 0.037015625 0.1745972222222222 0.0328046875 0.10577777777777778
2 0.4880625 0.365625 0.029921874999999997 0.1334027777777778
2 0.5310625 0.084125 0.021921875 0.09937499999999999
2 0.943671875 0.4150138888888889 0.0437421875 0.14944444444444444
2 0.3716796875 0.058777777777777776 0.026382812500000002 0.11522222222222221
2 0.12146874999999999 0.1612222222222222 0.035859375 0.12883333333333333
2 0.43569531250000004 0.029666666666666668 0.0236875 0.05934722222222222
2 0.5431250000000001 0.7125694444444444 0.0506328125 0.18931944444444446
2 0.547109375 0.29433333333333334 0.022671875 0.11668055555555557
2 0.729953125 0.08233333333333334 0.01946875 0.11797222222222221
2 0.4593828125 0.029055555555555557 0.0215546875 0.05809722222222222
2 0.3772890625 0.37922222222222224 0.042460937500000004 0.16134722222222223
2 0.6529609375 0.06859722222222223 0.028109375 0.10951388888888888
2 0.051726562499999997 0.018125000000000002 0.025312499999999998 0.036250000000000004
2 0.3913671875 0.028180555555555556 0.0192265625 0.05636111111111111
2 0.48790625 0.022444444444444444 0.0248203125 0.04488888888888889
2 0.9673828125 0.2467777777777778 0.029640624999999997 0.11608333333333333
2 0.3408203125 0.06620833333333334 0.0191875 0.09501388888888888
2 0.6096328125 0.035666666666666666 0.023320312500000002 0.07133333333333333
2 0.2328046875 0.44816666666666666 0.0238671875 0.06408333333333334
2 0.21814843750000001 0.5234027777777778 0.0443359375 0.15225
2 0.9371171875 0.01888888888888889 0.0366953125 0.03779166666666667
2 0.644421875 0.03327777777777778 0.02340625 0.06655555555555556
2 0.9861953124999999 0.24348611111111113 0.027164062500000002 0.1343888888888889
2 0.2496640625 0.5151805555555555 0.041546875 0.13820833333333335
2 0.18841406249999998 0.5069166666666667 0.032945312500000004 0.13743055555555556
2 0.5907578124999999 0.05205555555555555 0.02271875 0.04758333333333333
2 0.6037656250000001 0.03765277777777778 0.02403125 0.07530555555555556
2 0.9888671875 0.16811111111111113 0.0222734375 0.11179166666666666
2 0.9883124999999999 0.1994166666666667 0.0233671875 0.16327777777777777