2 0.5688125 0.19184722222222222 0.031125000000000003 0.12045833333333333
2 0.6435 0.60525 0.042476562499999995 0.14018055555555556
2 0.49977343750000003 0.0797361111111111 0.02834375 0.11012500000000001
2 0.266546875 0.8005 0.046132812499999995 0.1515
2 0.5173125 0.8913749999999999 0.05142187499999999 0.19030555555555556
2 0.6607968750000001 0.2873611111111111 0.0323125 0.135125
2 0.7909375 0.12102777777777778 0.0295703125 0.11790277777777777
2 0.10628125 0.8465972222222221 0.06596093750000001 0.18470833333333334
2 0.4082109375 0.8055694444444444 0.0460390625 0.16356944444444443
2 0.4882890625 0.3622916666666667 0.030093750000000002 0.13393055555555555
2 0.037 0.17447222222222222 0.031765625 0.10745833333333334
2 0.9410859374999999 0.41334722222222225 0.045703125 0.14770833333333333
2 0.12160937499999999 0.15666666666666668 0.0358203125 0.12424999999999999
2 0.290109375 0.9683611111111111 0.059125000000000004 0.06327777777777778
2 0.371875 0.060375 0.0265859375 0.116875
2 0.5309999999999999 0.08084722222222222 0.0221171875 0.09965277777777778
2 0.545890625 0.29520833333333335 0.0227734375 0.11508333333333333
2 0.3803671875 0.3862638888888889 0.0414296875 0.15455555555555556
2 0.435765625 0.030305555555555554 0.023171875 0.06061111111111111
2 0.5423281249999999 0.7058333333333333 0.049570312500000005 0.18343055555555554
2 0.4591484375 0.029583333333333333 0.02265625 0.059166666666666666
2 0.7298281249999999 0.08270833333333333 0.0200546875 0.118
2 0.4873359375 0.021722222222222223 0.0244296875 0.043444444444444445
2 0.651359375 0.06529166666666666 0.028617187500000002 0.11408333333333333
2 0.3913203125 0.029097222222222222 0.021718750000000002 0.058194444444444444
2 0.33875781250000003 0.06706944444444445 0.019414062500000002 0.10013888888888887
2 0.6095625 0.03438888888888889 0.023625 0.06876388888888889
2 0.0486484375 0.020069444444444442 0.01984375 0.040138888888888884
2 0.2184140625 0.523125 0.045015625 0.1521388888888889
2 0.968125 0.24437499999999998 0.032765625 0.12026388888888889
2 0.2328203125 0.44955555555555554 0.0238203125 0.06516666666666666
2 0.9359296875 0.018236111111111113 0.0336171875 0.036472222222222225
2 0.9885781250000001 0.21163888888888888 0.0228515625 0.18684722222222222
2 0.24972656249999997 0.5150694444444445 0.040890625 0.13823611111111112
2 0.1920390625 0.5012222222222222 0.0368984375 0.13870833333333335
2 0.603625 0.036291666666666667 0.0253359375 0.07258333333333333
2 0.591046875 0.051236111111111114 0.022328124999999997 0.04652777777777778