2 0.8116406250000001 0.5160555555555556 0.041999999999999996 0.15636111111111112
2 0.5826328125 0.1445833333333333 0.026015624999999997 0.09801388888888887
2 0.8282343750000001 0.6602361111111111 0.047421875 0.15943055555555558
2 0.9365078125 0.573125 0.044734375 0.17333333333333334
2 0.497453125 0.29559722222222223 0.0312734375 0.12562500000000001
2 0.97271875 0.27155555555555555 0.035125 0.13172222222222224
2 0.379421875 0.19506944444444443 0.030015625 0.13070833333333334
2 0.588703125 0.7586666666666667 0.0455546875 0.19083333333333335
2 0.6190390625 0.4194305555555556 0.033984375 0.13155555555555556
2 0.13218749999999999 0.6155555555555555 0.047359374999999995 0.16919444444444443
2 0.6700703125 0.7510694444444445 0.04303125 0.15613888888888888
2 0.22828125 0.033638888888888885 0.0381328125 0.06726388888888889
2 0.1805546875 0.04225 0.025718750000000002 0.08227777777777778
2 0.892453125 0.10995833333333334 0.035148437500000004 0.1225
2 0.6219375 0.1291111111111111 0.03653125 0.11531944444444445
2 0.37243750000000003 0.5030277777777777 0.0370234375 0.1610138888888889
2 0.5327578125 0.21836111111111112 0.0349921875 0.14009722222222223
2 0.08562499999999999 0.8688888888888889 0.06135937500000001 0.19766666666666666
2 0.9202031249999999 0.2811527777777778 0.039640625 0.14326388888888889
2 0.4052109375 0.36491666666666667 0.032171875 0.13462500000000002
2 0.5687890624999999 0.9691111111111111 0.0414765625 0.06177777777777777
2 0.45168749999999996 0.11511111111111111 0.0261171875 0.11876388888888889
2 0.7293125 0.09463888888888888 0.022703124999999998 0.13484722222222223
2 0.925140625 0.18804166666666663 0.036359375 0.11837500000000001
2 0.95375 0.020277777777777777 0.02096875 0.04054166666666667
2 0.0581796875 0.16930555555555557 0.03378125 0.12423611111111112
2 0.684265625 0.04758333333333333 0.02215625 0.09294444444444444
2 0.3162734375 0.38093055555555555 0.0548359375 0.15448611111111113
2 0.4881171875 0.06420833333333333 0.027492187499999998 0.12258333333333334
2 0.49828124999999995 0.0896111111111111 0.021171875 0.09693055555555556
2 0.398046875 0.017958333333333333 0.028875 0.035902777777777777
2 0.14715625000000002 0.018208333333333333 0.0244765625 0.036430555555555556
2 0.31432812499999996 0.28284722222222225 0.034546875 0.08666666666666667
2 0.42712500000000003 0.10941666666666666 0.0276328125 0.11890277777777777
2 0.405359375 0.3270138888888889 0.030882812500000002 0.05551388888888889
2 0.00834375 0.11729166666666667 0.01603125 0.10109722222222223
2 0.8642734375 0.0803611111111111 0.0270546875 0.10630555555555557
2 0.6645625 0.07211111111111111 0.0211484375 0.06777777777777777
2 0.718265625 0.048236111111111105 0.0268671875 0.09647222222222221
2 0.21962500000000001 0.538125 0.043 0.1531388888888889
2 0.189984375 0.5189305555555556 0.03503125 0.14329166666666668
2 0.9923671875 0.16595833333333332 0.0152578125 0.10583333333333333
2 0.22444531250000002 0.4690972222222222 0.024109375 0.056666666666666664
2 0.8480078125 0.08231944444444445 0.0198515625 0.10247222222222223
2 0.4932578125 0.016180555555555556 0.028749999999999998 0.03236111111111111
2 0.6329453125 0.11484722222222223 0.0240234375 0.12484722222222222
2 0.25096875 0.5249027777777778 0.0389921875 0.13451388888888888