2 0.5683046875 0.3608611111111111 0.034828125 0.1363888888888889
2 0.8319531250000001 0.26734722222222224 0.0357578125 0.135125
2 0.616734375 0.18800000000000003 0.029898437500000003 0.11134722222222222
2 0.2914921875 0.5289166666666667 0.038828125000000005 0.14025
2 0.3862578125 0.12561111111111112 0.02634375 0.107625
2 0.4961640625 0.5623333333333334 0.04084375 0.15252777777777776
2 0.9575625000000001 0.45531944444444444 0.047296875 0.15868055555555555
2 0.10815625 0.793486111111111 0.067765625 0.1867361111111111
2 0.371921875 0.19386111111111112 0.030179687500000003 0.12619444444444444
2 0.6656875 0.5567777777777778 0.042140625 0.16284722222222223
2 0.6128671875 0.3496666666666667 0.029140624999999996 0.11483333333333334
2 0.3011953125 0.6876527777777778 0.049375 0.16005555555555556
2 0.4371796875 0.07073611111111111 0.0233984375 0.11176388888888888
2 0.48959374999999994 0.20045833333333335 0.025773437500000003 0.12404166666666668
2 0.7326640624999999 0.08416666666666667 0.0253984375 0.12631944444444446
2 0.3826171875 0.6424027777777778 0.0537265625 0.21065277777777777
2 0.45778125000000003 0.07038888888888889 0.0271484375 0.11024999999999999
2 0.506765625 0.4412361111111111 0.0404296875 0.15319444444444444
2 0.381625 0.026708333333333334 0.0218828125 0.05343055555555555
2 0.75715625 0.014263888888888888 0.0429140625 0.028527777777777777
2 0.1254921875 0.06994444444444445 0.0430390625 0.1232638888888889
2 0.5498125 0.5149583333333333 0.028242187499999998 0.136875
2 0.0506796875 0.15506944444444445 0.030296875 0.12100000000000001
2 0.5017109375000001 0.023930555555555556 0.020374999999999997 0.04784722222222223
2 0.94846875 0.15562499999999999 0.02715625 0.11995833333333333
2 0.9197265625 0.24775 0.04478125 0.14430555555555558
2 0.191265625 0.5022777777777777 0.032359375 0.14833333333333332
2 0.224296875 0.44883333333333336 0.026460937499999997 0.06590277777777778
2 0.9284687500000001 0.15629166666666666 0.026546874999999998 0.10404166666666666
2 0.249953125 0.5074027777777778 0.0329296875 0.13043055555555555
2 0.5270703125 0.02188888888888889 0.02290625 0.043791666666666666
2 0.221 0.5232361111111111 0.04146875 0.1502777777777778
2 0.659796875 0.03777777777777778 0.025570312499999998 0.07554166666666667
2 0.2178046875 0.0649861111111111 0.0240625 0.09077777777777778
2 0.5940390625 0.01473611111111111 0.018984375 0.029236111111111112
2 0.632921875 0.03959722222222222 0.028367187500000002 0.07834722222222222
2 0.6144296875 0.03808333333333334 0.0248203125 0.07211111111111111
2 0.946953125 0.006958333333333333 0.0198046875 0.013611111111111112