2 0.5678828125 0.2921388888888889 0.03228125 0.126875
2 0.66990625 0.4355555555555556 0.03615625 0.1413472222222222
2 0.6241171875 0.4318611111111111 0.032140625 0.11841666666666667
2 0.9767109375 0.5724444444444445 0.046578125 0.17304166666666668
2 0.13240625 0.9161805555555556 0.055070312499999996 0.1602777777777778
2 0.30184375 0.7950694444444445 0.051484375000000006 0.16456944444444443
2 0.970828125 0.18929166666666666 0.034187499999999996 0.12002777777777777
2 0.0235234375 0.6525277777777778 0.0470390625 0.14720833333333333
2 0.50309375 0.6717222222222222 0.04378125 0.16693055555555555
2 0.2816484375 0.6249583333333334 0.0421953125 0.14166666666666666
2 0.3705546875 0.13976388888888888 0.030171874999999997 0.12625
2 0.48617968749999996 0.2543194444444445 0.029593750000000002 0.12404166666666668
2 0.515921875 0.5268055555555555 0.0453515625 0.1769027777777778
2 0.55115625 0.4218333333333334 0.026515624999999998 0.12875
2 0.0488046875 0.16136111111111112 0.0280625 0.11679166666666667
2 0.5025234375000001 0.037 0.0297109375 0.07398611111111111
2 0.3803828125 0.5355694444444444 0.0455 0.1816111111111111
2 0.2662109375 0.06541666666666666 0.0295703125 0.0905
2 0.43881249999999994 0.057430555555555554 0.0236875 0.11159722222222221
2 0.3861640625 0.07675 0.0244140625 0.1072638888888889
2 0.8215546874999999 0.20791666666666664 0.035796875 0.12755555555555556
2 0.8232734374999999 0.01875 0.041015625 0.0375
2 0.459453125 0.05388888888888888 0.026523437500000004 0.10593055555555556
2 0.7308671875 0.08304166666666667 0.0206796875 0.12283333333333334
2 0.5348437500000001 0.03909722222222222 0.0226875 0.07458333333333333
2 0.6229921875 0.14454166666666665 0.0270703125 0.10568055555555556
2 0.9419453125 0.1812777777777778 0.0286328125 0.11613888888888889
2 0.12042968750000001 0.10240277777777779 0.0378125 0.1284861111111111
2 0.6472890625 0.034666666666666665 0.022484375 0.06933333333333333
2 0.9265078125 0.311625 0.040828125 0.14591666666666667
2 0.224953125 0.44825000000000004 0.024984375 0.06273611111111112
2 0.21954687499999997 0.5208333333333334 0.0401484375 0.15422222222222223
2 0.9300937499999999 0.2780416666666667 0.0397578125 0.073125
2 0.6227890625 0.029958333333333333 0.023445312500000003 0.059902777777777784
2 0.25109375 0.5062777777777777 0.0373359375 0.13815277777777776
2 0.189453125 0.4990138888888889 0.038046875 0.14625
2 0.9289921874999999 0.349125 0.034515625 0.07601388888888888
2 0.42309374999999994 0.9871944444444444 0.050070312500000005 0.025625
2 0.6044140625 0.044041666666666666 0.022382812499999998 0.06373611111111112