2 0.9657265625000001 0.39638888888888885 0.045429687499999996 0.15175
2 0.5690625 0.5591944444444444 0.04071875 0.15419444444444444
2 0.4928515625 0.3996388888888889 0.037046875 0.1441111111111111
2 0.8835703125000001 0.730125 0.0497265625 0.16780555555555554
2 0.8813359374999999 0.42876388888888883 0.040304687500000005 0.15802777777777777
2 0.8897890625 0.8959027777777777 0.0600625 0.1892361111111111
2 0.027664062499999996 0.5828472222222222 0.0553203125 0.18897222222222224
2 0.6444140625 0.8860972222222222 0.049398437499999996 0.18509722222222225
2 0.5912265624999999 0.22304166666666667 0.0258046875 0.10455555555555555
2 0.57228125 0.8797916666666667 0.05125 0.17430555555555555
2 0.9353203125 0.28802777777777777 0.036867187499999995 0.13179166666666667
2 0.6256015625 0.30772222222222223 0.032046875 0.1305
2 0.3686640625 0.9213472222222222 0.062375 0.15009722222222222
2 0.9101171875 0.1664027777777778 0.03490625 0.12566666666666668
2 0.5393359375 0.7654583333333334 0.033203125 0.15215277777777778
2 0.0896875 0.8366805555555555 0.0594921875 0.18109722222222221
2 0.38166406249999996 0.10443055555555555 0.0283828125 0.11859722222222223
2 0.9895781250000001 0.23198611111111112 0.0208515625 0.11663888888888889
2 0.6111484375 0.05798611111111111 0.038390625 0.11190277777777777
2 0.6987734375 0.05025 0.027421875000000002 0.09902777777777777
2 0.730921875 0.0921111111111111 0.0246796875 0.1289861111111111
2 0.37382031250000003 0.3515277777777778 0.034187499999999996 0.149
2 0.5323125 0.307 0.037953125 0.14500000000000002
2 0.1143359375 0.934138888888889 0.0599375 0.13170833333333334
2 0.3132421875 0.5014166666666666 0.0396953125 0.15888888888888889
2 0.13021093749999998 0.04061111111111111 0.035171875000000005 0.07838888888888888
2 0.39428125 0.25501388888888893 0.030671874999999998 0.12972222222222224
2 0.5178515625 0.037736111111111116 0.024406249999999997 0.07545833333333334
2 0.058820312500000006 0.15741666666666668 0.029015625 0.12068055555555555
2 0.101640625 0.09833333333333333 0.033773437499999996 0.09831944444444446
2 0.487515625 0.1131111111111111 0.025656250000000002 0.11633333333333334
2 0.42816406249999994 0.10283333333333335 0.026640625 0.11787500000000001
2 0.31530468749999996 0.3829444444444445 0.03446875 0.11577777777777777
2 0.900390625 0.09805555555555555 0.025742187500000003 0.09613888888888888
2 0.458796875 0.10930555555555556 0.0263359375 0.113625
2 0.22490625 0.45843055555555556 0.0237421875 0.06119444444444445
2 0.8768046875 0.10863888888888888 0.0219921875 0.10969444444444446
2 0.21858593750000002 0.5319166666666667 0.0444765625 0.15033333333333332
2 0.19075 0.5131111111111111 0.0342578125 0.14620833333333333
2 0.9911875 0.37177777777777776 0.0175234375 0.08979166666666667
2 0.9506718749999999 0.013527777777777777 0.0210859375 0.027000000000000003
2 0.2628125 0.015236111111111112 0.0283828125 0.030472222222222223
2 0.66065625 0.04998611111111111 0.0181796875 0.09916666666666668
2 0.6458125 0.03894444444444444 0.021671875 0.06830555555555555
2 0.2512734375 0.5225277777777778 0.043187500000000004 0.13202777777777777