2 0.8029296875 0.914 0.053031249999999995 0.16491666666666666
2 0.49935937499999994 0.12756944444444443 0.0311640625 0.11288888888888889
2 0.6626796875000001 0.7607222222222223 0.0465859375 0.14794444444444443
2 0.950578125 0.5049722222222222 0.047234375 0.156625
2 0.40134375 0.6368333333333334 0.041726562499999995 0.15605555555555556
2 0.4969765625 0.4708472222222222 0.033109375 0.14830555555555555
2 0.5661484375 0.12315277777777778 0.028476562500000004 0.11536111111111111
2 0.7316640624999999 0.08097222222222222 0.022140625 0.11988888888888888
2 0.5505703125 0.8904305555555556 0.056843750000000005 0.21588888888888888
2 0.6660546875 0.8730694444444445 0.052500000000000005 0.1938888888888889
2 0.0389296875 0.16980555555555557 0.0347890625 0.10894444444444444
2 0.661421875 0.18955555555555553 0.030953124999999998 0.1329861111111111
2 0.5304296875000001 0.12544444444444444 0.025039062499999997 0.09876388888888889
2 0.767125 0.05826388888888889 0.028578125 0.11405555555555556
2 0.6735781249999999 0.04215277777777778 0.026460937499999997 0.08030555555555556
2 0.93503125 0.14947222222222223 0.053515625 0.12029166666666667
2 0.38220312500000003 0.2796666666666667 0.045453125 0.16370833333333334
2 0.1149609375 0.21255555555555555 0.056398437499999995 0.14401388888888889
2 0.2424296875 0.9490972222222223 0.0552578125 0.10180555555555555
2 0.645515625 0.03308333333333333 0.019765625000000002 0.06616666666666667
2 0.40440624999999997 0.06568055555555555 0.019625 0.09719444444444444
2 0.9860625000000001 0.11816666666666667 0.0278671875 0.1212638888888889
2 0.6108046875 0.035569444444444445 0.0236640625 0.07112500000000001
2 0.2190859375 0.5192083333333333 0.043015625 0.15015277777777777
2 0.550578125 0.21145833333333333 0.021140625 0.11784722222222221
2 0.5031796875000001 0.03919444444444444 0.028109375 0.077125
2 0.370515625 0.02526388888888889 0.0233671875 0.050541666666666665
2 0.986015625 0.012458333333333333 0.026671875 0.024430555555555556
2 0.95915625 0.09874999999999999 0.0276171875 0.076375
2 0.43834375000000003 0.010305555555555556 0.0192421875 0.02061111111111111
2 0.592296875 0.04338888888888889 0.0193515625 0.06965277777777777
2 0.12982031249999998 0.01148611111111111 0.032968750000000005 0.022916666666666665
2 0.25080468749999996 0.5075277777777778 0.039203125 0.13166666666666665
2 0.23463281249999998 0.44990277777777776 0.026460937499999997 0.06277777777777778
2 0.007914062500000001 0.3106388888888889 0.0151796875 0.09854166666666667
2 0.9870546875 0.29806944444444444 0.0258828125 0.105
2 0.9624296875 0.12955555555555556 0.028015625 0.1356111111111111
2 0.4610625 0.014388888888888889 0.016140625 0.028722222222222222
2 0.1886015625 0.49983333333333335 0.03309375 0.14273611111111112
2 0.986578125 0.26009722222222226 0.0268359375 0.19240277777777778
2 0.5196796875 0.005958333333333334 0.0221953125 0.01165277777777778