2 0.5816953125000001 0.7240277777777777 0.0436171875 0.16375
2 0.8273046875000001 0.6878611111111111 0.047734375 0.1797777777777778
2 0.9354531250000001 0.5543055555555556 0.04334375 0.16011111111111112
2 0.815578125 0.5268194444444444 0.0403828125 0.14875
2 0.497359375 0.3026111111111111 0.032203125 0.12720833333333334
2 0.0202890625 0.11976388888888889 0.0387265625 0.09227777777777778
2 0.6195390625 0.41081944444444446 0.03496875 0.13095833333333334
2 0.6513515625 0.7598611111111111 0.057640625 0.15609722222222222
2 0.37903125000000004 0.18163888888888888 0.0298359375 0.12325
2 0.6157812500000001 0.12081944444444444 0.027453125000000002 0.11770833333333333
2 0.19039843750000002 0.03897222222222222 0.0379765625 0.07604166666666666
2 0.8939375 0.11252777777777777 0.033960937499999996 0.121125
2 0.9262812500000001 0.2886527777777778 0.0408359375 0.13602777777777778
2 0.4054375 0.3547083333333333 0.0323671875 0.13813888888888887
2 0.5835078125 0.15479166666666666 0.025640625 0.09802777777777777
2 0.12828124999999999 0.6533333333333333 0.047640625 0.18690277777777778
2 0.5677890624999999 0.955375 0.03853125 0.08925000000000001
2 0.9770078124999999 0.276 0.0346171875 0.13408333333333333
2 0.05859375 0.16920833333333332 0.032007812499999996 0.12254166666666667
2 0.3201015625 0.39997222222222223 0.0420625 0.1399027777777778
2 0.23149999999999998 0.03266666666666666 0.0351171875 0.06533333333333333
2 0.0896875 0.8795138888888889 0.0597421875 0.18800000000000003
2 0.9262890625000001 0.20645833333333335 0.036203125 0.13090277777777778
2 0.7290625000000001 0.09927777777777778 0.0217890625 0.12265277777777778
2 0.5344921874999999 0.2273888888888889 0.036578125 0.14251388888888888
2 0.3687265625 0.49213888888888885 0.040203125 0.17030555555555557
2 0.504953125 0.019375 0.0313125 0.03875
2 0.6818671875 0.04622222222222223 0.0242890625 0.09055555555555556
2 0.6318671874999999 0.10647222222222222 0.0271171875 0.11969444444444445
2 0.953453125 0.02013888888888889 0.0205546875 0.04027777777777778
2 0.31553906249999997 0.29591666666666666 0.035648437500000005 0.09059722222222223
2 0.48693749999999997 0.06620833333333334 0.027640625000000002 0.11593055555555555
2 0.4547890625 0.11611111111111111 0.0275390625 0.12076388888888889
2 0.145484375 0.022194444444444444 0.026359375 0.04438888888888889
2 0.717921875 0.048583333333333326 0.026390625 0.09450000000000001
2 0.991984375 0.1662361111111111 0.01603125 0.11016666666666666
2 0.867234375 0.0803611111111111 0.024742187500000002 0.10525
2 0.4994921875 0.0775 0.021734375 0.11537499999999999
2 0.22467968749999997 0.4701666666666666 0.0256953125 0.06043055555555555
2 0.4284921875 0.10816666666666666 0.027140625 0.12116666666666666
2 0.8493984375 0.08736111111111111 0.0213125 0.10127777777777779
2 0.40035156250000004 0.01673611111111111 0.0292578125 0.03347222222222222
2 0.6644140625 0.07448611111111111 0.021234375 0.0641111111111111
2 0.1900625 0.5176805555555556 0.03540625 0.14145833333333332
2 0.218640625 0.5367083333333333 0.0455078125 0.15281944444444445
2 0.2533984375 0.5256666666666667 0.044875 0.13495833333333335