2 0.49936718750000003 0.09655555555555555 0.030148437500000003 0.11077777777777778
2 0.570015625 0.16343055555555555 0.0283125 0.11737500000000001
2 0.653703125 0.6676527777777778 0.044984375 0.14094444444444446
2 0.7810546875 0.09022222222222222 0.02809375 0.12245833333333334
2 0.1267421875 0.9202638888888889 0.0601953125 0.15266666666666667
2 0.0387578125 0.1706111111111111 0.036984375 0.11045833333333334
2 0.661484375 0.24069444444444446 0.032 0.13402777777777777
2 0.5276484375 0.9435972222222222 0.0533125 0.11281944444444444
2 0.9484140625 0.45479166666666665 0.045125 0.16470833333333335
2 0.49103125 0.40381944444444445 0.0336015625 0.13975
2 0.5294140625 0.10040277777777779 0.023875 0.0995
2 0.5441015625000001 0.7738750000000001 0.0533046875 0.1951111111111111
2 0.2547421875 0.8938055555555555 0.049148437499999996 0.18212499999999998
2 0.7378750000000001 0.9510277777777778 0.0608984375 0.09793055555555556
2 0.4072265625 0.7333333333333333 0.042234375000000005 0.17822222222222223
2 0.664890625 0.05605555555555555 0.026414062500000002 0.10133333333333333
2 0.73096875 0.07872222222222222 0.01978125 0.12191666666666667
2 0.548171875 0.2574722222222222 0.023296875 0.12061111111111111
2 0.376078125 0.33576388888888886 0.0463203125 0.16681944444444444
2 0.49897656250000005 0.026430555555555558 0.0273828125 0.05284722222222222
2 0.37107812500000004 0.029513888888888888 0.023796875000000002 0.059027777777777776
2 0.12176562500000002 0.17729166666666668 0.042421875 0.14018055555555556
2 0.6459374999999999 0.03138888888888889 0.0228125 0.06277777777777778
2 0.4360546875 0.019069444444444444 0.0181484375 0.03813888888888889
2 0.2196484375 0.5176805555555556 0.043046875 0.1490277777777778
2 0.370953125 0.06841666666666667 0.0309765625 0.09156944444444445
2 0.458671875 0.021680555555555554 0.0195078125 0.043347222222222224
2 0.3927265625 0.018333333333333333 0.0169140625 0.036680555555555557
2 0.2351484375 0.44893055555555555 0.0272890625 0.06280555555555556
2 0.6116484375 0.03825 0.0273046875 0.0765
2 0.9771171875 0.176875 0.0457734375 0.1625
2 0.08384375 0.014597222222222222 0.0350234375 0.029208333333333336
2 0.9907109374999999 0.26569444444444446 0.018578125 0.11937500000000001
2 0.2498515625 0.5079861111111111 0.0379609375 0.1313888888888889
2 0.18940625 0.5026944444444444 0.032921875 0.13570833333333332
2 0.9670234375 0.015458333333333334 0.0325390625 0.03090277777777778
2 0.006562500000000001 0.27743055555555557 0.012687499999999999 0.09625
2 0.59603125 0.04568055555555556 0.020609375 0.0715
2 0.5907734375 0.042555555555555555 0.0207734375 0.07447222222222222