1 0.5244791666666667 0.1925925925925926 0.01875 0.03333333333333333
1 0.5403645833333334 0.25092592592592594 0.016145833333333335 0.04259259259259259
1 0.5598958333333334 0.25555555555555554 0.017708333333333333 0.06111111111111111
1 0.58359375 0.25787037037037036 0.021354166666666667 0.04722222222222222
1 0.5059895833333333 0.2935185185185185 0.0203125 0.044444444444444446
1 0.46067708333333335 0.3125 0.0265625 0.05648148148148148
1 0.7059895833333333 0.663425925925926 0.025520833333333333 0.049074074074074076
1 0.55703125 0.7245370370370371 0.016145833333333335 0.05648148148148148
1 0.5229166666666667 0.7388888888888889 0.023958333333333335 0.05185185185185185
1 0.13359375 0.7726851851851851 0.04114583333333333 0.05092592592592592
1 0.5177083333333333 0.08981481481481482 0.01875 0.044444444444444446