1 0.57109375 0.1675925925925926 0.0203125 0.053703703703703705
1 0.5166666666666667 0.1736111111111111 0.016666666666666666 0.041666666666666664
1 0.5143229166666666 0.5884259259259259 0.019270833333333334 0.041666666666666664
1 0.7083333333333334 0.6643518518518519 0.021875 0.03796296296296296
1 0.5229166666666667 0.7194444444444444 0.013541666666666667 0.05555555555555555
1 0.11927083333333334 0.7356481481481482 0.03854166666666667 0.049074074074074076
1 0.5622395833333333 0.7587962962962963 0.0171875 0.041666666666666664
1 0.49765625 0.8375 0.0125 0.041666666666666664
1 0.45859375 0.8421296296296297 0.0203125 0.05092592592592592
1 0.5302083333333333 0.8513888888888889 0.01875 0.05092592592592592
1 0.5502604166666667 0.8666666666666667 0.0203125 0.053703703703703705