1 0.2256711409395973 0.31547619047619047 0.03523489932885906 0.09523809523809523
1 0.40604026845637586 0.31845238095238093 0.04697986577181208 0.11904761904761904
1 0.697986577181208 0.3229166666666667 0.026845637583892617 0.12202380952380952
1 0.3884228187919463 0.3586309523809524 0.031879194630872486 0.13392857142857142
1 0.21895973154362416 0.375 0.03523489932885906 0.08928571428571429
1 0.13842281879194632 0.4270833333333333 0.03523489932885906 0.10416666666666667
1 0.2231543624161074 0.46577380952380953 0.0436241610738255 0.12202380952380952
1 0.875 0.4732142857142857 0.06543624161073826 0.13690476190476192
1 0.8531879194630873 0.5639880952380952 0.04530201342281879 0.12202380952380952
1 0.2684563758389262 0.5788690476190477 0.040268456375838924 0.08630952380952381
1 0.87248322147651 0.6458333333333334 0.0436241610738255 0.11904761904761904
1 0.8674496644295302 0.7217261904761905 0.03691275167785235 0.11607142857142858
1 0.6015100671140939 0.7514880952380952 0.03859060402684564 0.09226190476190477
1 0.4278523489932886 0.07738095238095238 0.026845637583892617 0.09523809523809523
1 0.5805369127516778 0.8184523809523809 0.0436241610738255 0.13690476190476192
1 0.6686241610738255 0.8348214285714286 0.03523489932885906 0.11607142857142858
1 0.6057046979865772 0.8407738095238095 0.03691275167785235 0.11607142857142858
1 0.549496644295302 0.8690476190476191 0.031879194630872486 0.08333333333333333
1 0.44211409395973156 0.8973214285714286 0.05536912751677853 0.11607142857142858
1 0.16946308724832215 0.9017857142857143 0.0436241610738255 0.09523809523809523
1 0.6468120805369127 0.9270833333333334 0.04194630872483222 0.12202380952380952
1 0.4714765100671141 0.9300595238095238 0.04697986577181208 0.12202380952380952
1 0.13758389261744966 0.9508928571428571 0.053691275167785234 0.09226190476190477
1 0.7139261744966443 0.09821428571428571 0.03859060402684564 0.1130952380952381
1 0.48573825503355705 0.09970238095238096 0.031879194630872486 0.11011904761904762
1 0.4203020134228188 0.10416666666666667 0.031879194630872486 0.09523809523809523
1 0.6929530201342282 0.12946428571428573 0.030201342281879196 0.08630952380952381
1 0.20134228187919462 0.13988095238095238 0.050335570469798654 0.13095238095238096
1 0.6073825503355704 0.15476190476190477 0.03691275167785235 0.13690476190476192
1 0.8842281879194631 0.16517857142857142 0.026845637583892617 0.12202380952380952
1 0.6451342281879194 0.19791666666666666 0.025167785234899327 0.08035714285714286
1 0.6761744966442953 0.20535714285714285 0.03355704697986577 0.125