1 0.674496644295302 0.30654761904761907 0.053691275167785234 0.14285714285714285
1 0.16191275167785235 0.3541666666666667 0.05201342281879195 0.08928571428571429
1 0.19798657718120805 0.44642857142857145 0.03355704697986577 0.13690476190476192
1 0.15016778523489932 0.4479166666666667 0.04194630872483222 0.13988095238095238
1 0.0796979865771812 0.4851190476190476 0.04194630872483222 0.11904761904761904
1 0.05536912751677853 0.050595238095238096 0.053691275167785234 0.10119047619047619
1 0.6015100671140939 0.052083333333333336 0.03859060402684564 0.10416666666666667
1 0.26426174496644295 0.5238095238095238 0.04530201342281879 0.09523809523809523
1 0.9815436241610739 0.5848214285714286 0.03355704697986577 0.11011904761904762
1 0.2651006711409396 0.5907738095238095 0.04697986577181208 0.10416666666666667
1 0.5830536912751678 0.6413690476190477 0.031879194630872486 0.09226190476190477
1 0.12751677852348994 0.6875 0.053691275167785234 0.10714285714285714
1 0.5629194630872483 0.6994047619047619 0.04530201342281879 0.1488095238095238
1 0.4278523489932886 0.07291666666666667 0.030201342281879196 0.10416666666666667
1 0.5947986577181208 0.7157738095238095 0.03859060402684564 0.11607142857142858
1 0.5385906040268457 0.75 0.03355704697986577 0.1130952380952381
1 0.7634228187919463 0.7604166666666666 0.03355704697986577 0.09821428571428571
1 0.020134228187919462 0.8199404761904762 0.040268456375838924 0.11011904761904762
1 0.7550335570469798 0.8288690476190477 0.0436241610738255 0.11011904761904762
1 0.25 0.8363095238095238 0.05704697986577181 0.10714285714285714
1 0.22231543624161074 0.9032738095238095 0.04865771812080537 0.12797619047619047
1 0.3565436241610738 0.9449404761904762 0.04194630872483222 0.10416666666666667
1 0.041107382550335574 0.10416666666666667 0.04194630872483222 0.10714285714285714
1 0.42197986577181207 0.1130952380952381 0.025167785234899327 0.11904761904761904
1 0.2525167785234899 0.12946428571428573 0.04530201342281879 0.13988095238095238
1 0.7709731543624161 0.16964285714285715 0.04530201342281879 0.13095238095238096
1 0.5335570469798657 0.1875 0.04697986577181208 0.13690476190476192
1 0.39932885906040266 0.20982142857142858 0.040268456375838924 0.14583333333333334
1 0.6761744966442953 0.20982142857142858 0.03691275167785235 0.10416666666666667
1 0.6342281879194631 0.22172619047619047 0.040268456375838924 0.14583333333333334
1 0.7441275167785235 0.22172619047619047 0.03859060402684564 0.13392857142857142