1 0.9899328859060402 0.30357142857142855 0.016778523489932886 0.1488095238095238
1 0.9714765100671141 0.3482142857142857 0.026845637583892617 0.15476190476190477
1 0.14681208053691275 0.3541666666666667 0.04865771812080537 0.13095238095238096
1 0.42197986577181207 0.36904761904761907 0.0587248322147651 0.1130952380952381
1 0.5302013422818792 0.40773809523809523 0.040268456375838924 0.09523809523809523
1 0.49077181208053694 0.44345238095238093 0.03859060402684564 0.09523809523809523
1 0.19966442953020133 0.4479166666666667 0.040268456375838924 0.12797619047619047
1 0.5318791946308725 0.5044642857142857 0.026845637583892617 0.11011904761904762
1 0.4874161073825503 0.5297619047619048 0.031879194630872486 0.10714285714285714
1 0.7239932885906041 0.05654761904761905 0.06208053691275168 0.1130952380952381
1 0.2802013422818792 0.5714285714285714 0.03355704697986577 0.10119047619047619
1 0.8120805369127517 0.5714285714285714 0.03691275167785235 0.1130952380952381
1 0.2676174496644295 0.5803571428571429 0.028523489932885907 0.08928571428571429
1 0.2609060402684564 0.6517857142857143 0.03523489932885906 0.08928571428571429
1 0.5478187919463087 0.6636904761904762 0.04530201342281879 0.09523809523809523
1 0.6451342281879194 0.7098214285714286 0.04194630872483222 0.13392857142857142
1 0.5184563758389261 0.7351190476190477 0.040268456375838924 0.11904761904761904
1 0.26426174496644295 0.7619047619047619 0.06543624161073826 0.10714285714285714
1 0.4320469798657718 0.08333333333333333 0.031879194630872486 0.08928571428571429
1 0.8791946308724832 0.8616071428571429 0.030201342281879196 0.14583333333333334
1 0.19211409395973153 0.9538690476190477 0.05201342281879195 0.08630952380952381
1 0.42449664429530204 0.1056547619047619 0.03691275167785235 0.08035714285714286
1 0.4790268456375839 0.12351190476190477 0.03859060402684564 0.12202380952380952
1 0.2156040268456376 0.17261904761904762 0.015100671140939598 0.05952380952380952
1 0.9555369127516778 0.18154761904761904 0.03523489932885906 0.14285714285714285
1 0.6333892617449665 0.19940476190476192 0.04530201342281879 0.11904761904761904
1 0.23238255033557048 0.21726190476190477 0.04194630872483222 0.11904761904761904
1 0.02181208053691275 0.23363095238095238 0.0436241610738255 0.11607142857142858
1 0.12416107382550336 0.25892857142857145 0.03355704697986577 0.09523809523809523
1 0.5771812080536913 0.2648809523809524 0.03355704697986577 0.1488095238095238
1 0.6199664429530202 0.26785714285714285 0.03859060402684564 0.14285714285714285