1 0.25234375 0.2822014051522248 0.0765625 0.13348946135831383
1 0.3296875 0.29156908665105385 0.08125 0.14754098360655737
1 0.74140625 0.3149882903981265 0.0921875 0.12412177985948478
1 0.34375 0.6487119437939111 0.08125 0.1358313817330211
1 0.90078125 0.6487119437939111 0.0859375 0.117096018735363
1 0.8140625 0.6533957845433255 0.103125 0.16393442622950818
1 0.61875 0.6651053864168618 0.0625 0.10304449648711944
1 0.53984375 0.8372365339578455 0.0953125 0.15690866510538642
1 0.240625 0.8501170960187353 0.103125 0.2529274004683841
1 0.83046875 0.8665105386416861 0.0828125 0.117096018735363
1 0.9421875 0.8852459016393442 0.096875 0.1592505854800937
1 0.725 0.13348946135831383 0.06875 0.1873536299765808
1 0.2890625 0.16042154566744732 0.059375 0.1288056206088993