1 0.21476510067114093 0.35119047619047616 0.02348993288590604 0.047619047619047616
1 0.19714765100671142 0.375 0.025167785234899327 0.03571428571428571
1 0.11325503355704698 0.3794642857142857 0.03523489932885906 0.044642857142857144
1 0.19043624161073824 0.40327380952380953 0.025167785234899327 0.03869047619047619
1 0.23993288590604026 0.49255952380952384 0.03355704697986577 0.050595238095238096
1 0.18036912751677853 0.5372023809523809 0.03523489932885906 0.0625
1 0.18959731543624161 0.6160714285714286 0.030201342281879196 0.041666666666666664
1 0.2600671140939597 0.6279761904761905 0.03691275167785235 0.05952380952380952
1 0.24580536912751677 0.6577380952380952 0.031879194630872486 0.02976190476190476
1 0.47315436241610737 0.6800595238095238 0.02348993288590604 0.03869047619047619
1 0.2835570469798658 0.7038690476190477 0.030201342281879196 0.0744047619047619
1 0.5671140939597316 0.7842261904761905 0.030201342281879196 0.050595238095238096
1 0.0662751677852349 0.8273809523809523 0.03523489932885906 0.041666666666666664
1 0.24916107382550334 0.8422619047619048 0.03523489932885906 0.041666666666666664