1 0.8741610738255033 0.3169642857142857 0.03691275167785235 0.11607142857142858
1 0.1115771812080537 0.32142857142857145 0.04865771812080537 0.1130952380952381
1 0.04194630872483222 0.3705357142857143 0.04697986577181208 0.09821428571428571
1 0.5595637583892618 0.3705357142857143 0.05201342281879195 0.11607142857142858
1 0.19966442953020133 0.43898809523809523 0.03355704697986577 0.11607142857142858
1 0.016778523489932886 0.44494047619047616 0.03355704697986577 0.09821428571428571
1 0.5478187919463087 0.45089285714285715 0.03523489932885906 0.09821428571428571
1 0.5100671140939598 0.46577380952380953 0.03355704697986577 0.11011904761904762
1 0.026845637583892617 0.5029761904761905 0.03691275167785235 0.1130952380952381
1 0.5335570469798657 0.5267857142857143 0.040268456375838924 0.11904761904761904
1 0.5 0.5386904761904762 0.02348993288590604 0.08928571428571429
1 0.28439597315436244 0.5639880952380952 0.03523489932885906 0.09821428571428571
1 0.2676174496644295 0.5952380952380952 0.025167785234899327 0.125
1 0.1401006711409396 0.6175595238095238 0.04194630872483222 0.09821428571428571
1 0.19630872483221476 0.06398809523809523 0.040268456375838924 0.09821428571428571
1 0.4488255033557047 0.6413690476190477 0.04530201342281879 0.11607142857142858
1 0.13338926174496643 0.6741071428571429 0.05201342281879195 0.10416666666666667
1 0.9681208053691275 0.6904761904761905 0.026845637583892617 0.09523809523809523
1 0.4278523489932886 0.07291666666666667 0.030201342281879196 0.09226190476190477
1 0.43708053691275167 0.7321428571428571 0.04194630872483222 0.10714285714285714
1 0.9672818791946308 0.7529761904761905 0.04194630872483222 0.13690476190476192
1 0.7869127516778524 0.7678571428571429 0.040268456375838924 0.11904761904761904
1 0.08892617449664429 0.7946428571428571 0.07046979865771812 0.1130952380952381
1 0.4035234899328859 0.7961309523809523 0.03859060402684564 0.12797619047619047
1 0.11828859060402684 0.9315476190476191 0.04865771812080537 0.10119047619047619
1 0.8213087248322147 0.11011904761904762 0.04194630872483222 0.1130952380952381
1 0.42449664429530204 0.11607142857142858 0.030201342281879196 0.1130952380952381
1 0.39932885906040266 0.15178571428571427 0.0436241610738255 0.13095238095238096
1 0.6442953020134228 0.19047619047619047 0.03691275167785235 0.10714285714285714
1 0.2483221476510067 0.19345238095238096 0.040268456375838924 0.11904761904761904
1 0.6140939597315436 0.21726190476190477 0.03355704697986577 0.1130952380952381
1 0.3464765100671141 0.23214285714285715 0.03523489932885906 0.1488095238095238
1 0.12248322147651007 0.23809523809523808 0.053691275167785234 0.10714285714285714
1 0.9035234899328859 0.25744047619047616 0.04530201342281879 0.12797619047619047
1 0.6644295302013423 0.27380952380952384 0.040268456375838924 0.1130952380952381