0 0.9338541666666667 0.23703703703703705 0.096875 0.1814814814814815
0 0.6557291666666667 0.2564814814814815 0.059375 0.19074074074074074
0 0.31666666666666665 0.3194444444444444 0.08958333333333333 0.18333333333333332
0 0.7875 0.3731481481481482 0.10416666666666667 0.16111111111111112
0 0.2515625 0.40370370370370373 0.065625 0.14444444444444443
0 0.7979166666666667 0.5037037037037037 0.09166666666666666 0.1259259259259259
0 0.35260416666666666 0.5944444444444444 0.07604166666666666 0.17037037037037037
0 0.8166666666666667 0.6064814814814815 0.10208333333333333 0.13518518518518519
0 0.15416666666666667 0.6185185185185185 0.07916666666666666 0.15185185185185185
0 0.121875 0.06481481481481481 0.06458333333333334 0.12962962962962962
0 0.12604166666666666 0.6611111111111111 0.08333333333333333 0.15185185185185185
0 0.050520833333333334 0.7509259259259259 0.10104166666666667 0.18703703703703703
0 0.2609375 0.7861111111111111 0.08645833333333333 0.1537037037037037
0 0.8588541666666667 0.8629629629629629 0.115625 0.14074074074074075
0 0.5890625 0.937037037037037 0.09270833333333334 0.1037037037037037
0 0.790625 0.9453703703703704 0.07916666666666666 0.10555555555555556
0 0.8963541666666667 0.14351851851851852 0.07395833333333333 0.19814814814814816
0 0.09166666666666666 0.16111111111111112 0.10416666666666667 0.18518518518518517
