0 0.9223958333333333 0.24814814814814815 0.084375 0.1925925925925926
0 0.6296875 0.2657407407407407 0.084375 0.19074074074074074
0 0.28541666666666665 0.30092592592592593 0.06875 0.18703703703703703
0 0.775 0.3611111111111111 0.075 0.15555555555555556
0 0.21927083333333333 0.40185185185185185 0.06145833333333333 0.15555555555555556
0 0.0375 0.48333333333333334 0.075 0.16666666666666666
0 0.7817708333333333 0.5018518518518519 0.084375 0.14074074074074075
0 0.3145833333333333 0.5777777777777777 0.075 0.14444444444444443
0 0.16041666666666668 0.05925925925925926 0.09583333333333334 0.11851851851851852
0 0.1734375 0.5981481481481481 0.05520833333333333 0.0962962962962963
0 0.8109375 0.6027777777777777 0.078125 0.1537037037037037
0 0.15260416666666668 0.6574074074074074 0.07395833333333333 0.11481481481481481
0 0.06145833333333333 0.7638888888888888 0.09166666666666666 0.1685185185185185
0 0.3026041666666667 0.7805555555555556 0.059375 0.1574074074074074
0 0.8390625 0.8453703703703703 0.08854166666666667 0.12407407407407407
0 0.5723958333333333 0.9398148148148148 0.06979166666666667 0.11666666666666667
0 0.7755208333333333 0.9435185185185185 0.057291666666666664 0.10925925925925926
0 0.8604166666666667 0.15185185185185185 0.10208333333333333 0.2074074074074074
0 0.1078125 0.15462962962962962 0.090625 0.18703703703703703
