0 0.6796875 0.26481481481481484 0.078125 0.2037037037037037
0 0.3151041666666667 0.2972222222222222 0.08229166666666667 0.18333333333333332
0 0.4703125 0.36944444444444446 0.071875 0.19814814814814816
0 0.7609375 0.41574074074074074 0.08020833333333334 0.19444444444444445
0 0.4744791666666667 0.49166666666666664 0.06979166666666667 0.1537037037037037
0 0.10833333333333334 0.5027777777777778 0.07916666666666666 0.1425925925925926
0 0.5098958333333333 0.5648148148148148 0.06979166666666667 0.15185185185185185
0 0.31927083333333334 0.5833333333333334 0.08854166666666667 0.18518518518518517
0 0.4947916666666667 0.06944444444444445 0.1 0.1388888888888889
0 0.5208333333333334 0.7046296296296296 0.06875 0.17962962962962964
0 0.715625 0.7481481481481481 0.12291666666666666 0.15185185185185185
0 0.41302083333333334 0.7805555555555556 0.07604166666666666 0.20925925925925926
0 0.06041666666666667 0.8407407407407408 0.10208333333333333 0.17407407407407408
0 0.48020833333333335 0.8870370370370371 0.11458333333333333 0.14814814814814814
0 0.24166666666666667 0.9185185185185185 0.11041666666666666 0.15925925925925927
0 0.39791666666666664 0.9555555555555556 0.08541666666666667 0.08518518518518518
0 0.3885416666666667 0.10833333333333334 0.06666666666666667 0.21666666666666667
0 0.6354166666666666 0.18055555555555555 0.08541666666666667 0.21296296296296297