0 0.3807291666666667 0.30185185185185187 0.06145833333333333 0.1814814814814815
0 0.128125 0.34814814814814815 0.09583333333333334 0.18518518518518517
0 0.11666666666666667 0.43333333333333335 0.075 0.11481481481481481
0 0.3953125 0.45185185185185184 0.090625 0.17777777777777778
0 0.14427083333333332 0.5518518518518518 0.09895833333333333 0.15925925925925927
0 0.5458333333333333 0.6027777777777777 0.06666666666666667 0.15
0 0.6713541666666667 0.6601851851851852 0.05520833333333333 0.1648148148148148
0 0.8739583333333333 0.07037037037037037 0.1 0.14074074074074075
0 0.41354166666666664 0.7222222222222222 0.10208333333333333 0.17037037037037037
0 0.9385416666666667 0.7296296296296296 0.1 0.11851851851851852
0 0.046875 0.7805555555555556 0.09375 0.1388888888888889
0 0.85 0.8546296296296296 0.10625 0.19074074074074074
0 0.46927083333333336 0.9231481481481482 0.09270833333333334 0.15
0 0.35052083333333334 0.18055555555555555 0.06770833333333333 0.19074074074074074
