0 0.19114583333333332 0.2490740740740741 0.06979166666666667 0.13148148148148148
0 0.7239583333333334 0.2675925925925926 0.04583333333333333 0.12407407407407407
0 0.8552083333333333 0.2796296296296296 0.06041666666666667 0.1111111111111111
0 0.34375 0.2814814814814815 0.05625 0.12222222222222222
0 0.6734375 0.3 0.057291666666666664 0.14444444444444443
0 0.7010416666666667 0.3388888888888889 0.03958333333333333 0.1
0 0.7828125 0.3731481481481482 0.07604166666666666 0.12407407407407407
0 0.5364583333333334 0.3925925925925926 0.058333333333333334 0.14444444444444443
0 0.7265625 0.39444444444444443 0.046875 0.12962962962962962
0 0.9802083333333333 0.42777777777777776 0.0375 0.0962962962962963
0 0.25729166666666664 0.43333333333333335 0.075 0.1
0 0.678125 0.44351851851851853 0.04583333333333333 0.11666666666666667
0 0.10520833333333333 0.05092592592592592 0.06666666666666667 0.10185185185185185
0 0.5515625 0.5138888888888888 0.036458333333333336 0.10555555555555556
0 0.9104166666666667 0.5287037037037037 0.08541666666666667 0.1425925925925926
0 0.7375 0.5472222222222223 0.06041666666666667 0.11666666666666667
0 0.034375 0.5481481481481482 0.06875 0.1037037037037037
0 0.10416666666666667 0.575 0.08958333333333333 0.12407407407407407
0 0.34010416666666665 0.5787037037037037 0.06145833333333333 0.10185185185185185
0 0.5880208333333333 0.6111111111111112 0.051041666666666666 0.10740740740740741
0 0.4322916666666667 0.6212962962962963 0.04375 0.08703703703703704
0 0.3380208333333333 0.6537037037037037 0.06145833333333333 0.07777777777777778
0 0.66875 0.6925925925925925 0.06041666666666667 0.08518518518518518
0 0.09635416666666667 0.1675925925925926 0.071875 0.13148148148148148