0 0.08802083333333334 0.20277777777777778 0.059375 0.14629629629629629
0 0.1609375 0.21574074074074073 0.051041666666666666 0.12407407407407407
0 0.975 0.23703703703703705 0.04791666666666667 0.12222222222222222
0 0.7927083333333333 0.24537037037037038 0.09375 0.1425925925925926
0 0.3421875 0.2537037037037037 0.053125 0.12962962962962962
0 0.07395833333333333 0.32222222222222224 0.08958333333333333 0.14074074074074075
0 0.21145833333333333 0.3333333333333333 0.0625 0.11851851851851852
0 0.030729166666666665 0.375 0.06145833333333333 0.12037037037037036
0 0.36354166666666665 0.39351851851851855 0.06458333333333334 0.1388888888888889
0 0.7677083333333333 0.42685185185185187 0.075 0.11296296296296296
0 0.07604166666666666 0.42962962962962964 0.07708333333333334 0.12222222222222222
0 0.2984375 0.4703703703703704 0.059375 0.1111111111111111
0 0.65 0.47962962962962963 0.05625 0.1037037037037037
0 0.8421875 0.49722222222222223 0.08645833333333333 0.13518518518518519
0 0.5270833333333333 0.5064814814814815 0.0625 0.1425925925925926
0 0.078125 0.5194444444444445 0.09166666666666666 0.10555555555555556
0 0.027083333333333334 0.5203703703703704 0.05416666666666667 0.0962962962962963
0 0.7802083333333333 0.6407407407407407 0.06041666666666667 0.12222222222222222
0 0.5552083333333333 0.7472222222222222 0.04791666666666667 0.11296296296296296
0 0.7239583333333334 0.7592592592592593 0.07916666666666666 0.1111111111111111
0 0.29583333333333334 0.1814814814814815 0.058333333333333334 0.14074074074074075