0 0.4921875 0.2324074074074074 0.046875 0.11296296296296296
0 0.6760416666666667 0.2518518518518518 0.05625 0.11481481481481481
0 0.41041666666666665 0.275 0.0625 0.13518518518518519
0 0.8166666666666667 0.27870370370370373 0.06875 0.11666666666666667
0 0.3578125 0.2851851851851852 0.040625 0.11481481481481481
0 0.71875 0.3277777777777778 0.05416666666666667 0.1111111111111111
0 0.3692708333333333 0.34074074074074073 0.053125 0.11481481481481481
0 0.59375 0.3712962962962963 0.04583333333333333 0.10925925925925926
0 0.39375 0.3814814814814815 0.03958333333333333 0.1037037037037037
0 0.4557291666666667 0.4 0.051041666666666666 0.15185185185185185
0 0.8432291666666667 0.4 0.08645833333333333 0.12222222222222222
0 0.29322916666666665 0.4009259259259259 0.053125 0.11666666666666667
0 0.15260416666666668 0.40370370370370373 0.06145833333333333 0.12222222222222222
0 0.375 0.4638888888888889 0.04791666666666667 0.10185185185185185
0 0.771875 0.4759259259259259 0.04791666666666667 0.1037037037037037
0 0.34427083333333336 0.5037037037037037 0.06354166666666666 0.12222222222222222
0 0.16666666666666666 0.5259259259259259 0.075 0.1037037037037037
0 0.36875 0.5601851851851852 0.07708333333333334 0.11666666666666667
0 0.44166666666666665 0.6194444444444445 0.052083333333333336 0.10555555555555556
0 0.6796875 0.6416666666666667 0.071875 0.07962962962962963
0 0.36666666666666664 0.649074074074074 0.0625 0.10185185185185185
0 0.096875 0.6944444444444444 0.08958333333333333 0.1
0 0.31354166666666666 0.7 0.07708333333333334 0.08518518518518518
0 0.6796875 0.7037037037037037 0.06770833333333333 0.08518518518518518
0 0.24375 0.7342592592592593 0.058333333333333334 0.11666666666666667
0 0.5479166666666667 0.08981481481481482 0.06041666666666667 0.13518518518518519
0 0.4817708333333333 0.1388888888888889 0.03854166666666667 0.14444444444444443
0 0.6510416666666666 0.1787037037037037 0.041666666666666664 0.10555555555555556
