0 0.3433333333333333 0.1737551867219917 0.072 0.12136929460580913
0 0.508 0.21887966804979253 0.048 0.15352697095435686
0 0.669 0.22199170124481327 0.06333333333333334 0.13485477178423236
0 0.43966666666666665 0.3350622406639004 0.054 0.16597510373443983
0 0.6013333333333334 0.36721991701244816 0.06133333333333333 0.15975103734439833
0 0.5623333333333334 0.4144190871369295 0.038 0.13174273858921162
0 0.773 0.46265560165975106 0.074 0.17012448132780084
0 0.834 0.47354771784232363 0.08266666666666667 0.1566390041493776
0 0.5006666666666667 0.5103734439834025 0.050666666666666665 0.14315352697095435
0 0.7123333333333334 0.6161825726141079 0.059333333333333335 0.11410788381742738
0 0.5433333333333333 0.629149377593361 0.068 0.1524896265560166
0 0.31766666666666665 0.6721991701244814 0.09 0.11410788381742738
0 0.6456666666666667 0.6779045643153527 0.07666666666666666 0.16701244813278007
0 0.3973333333333333 0.7271784232365145 0.058666666666666666 0.13900414937759337
0 0.457 0.7276970954356846 0.07 0.1421161825726141
0 0.31466666666666665 0.7951244813278008 0.09466666666666666 0.1566390041493776
0 0.7473333333333333 0.8345435684647303 0.06533333333333333 0.08402489626556017
