0 0.5567708333333333 0.19444444444444445 0.03854166666666667 0.2074074074074074
0 0.8541666666666666 0.2222222222222222 0.10416666666666667 0.15555555555555556
0 0.9604166666666667 0.22407407407407406 0.07708333333333334 0.1962962962962963
0 0.48802083333333335 0.23055555555555557 0.051041666666666666 0.20925925925925926
0 0.6265625 0.2324074074074074 0.07395833333333333 0.20925925925925926
0 0.22760416666666666 0.2462962962962963 0.06979166666666667 0.21481481481481482
0 0.7421875 0.27037037037037037 0.078125 0.14074074074074075
0 0.3458333333333333 0.27685185185185185 0.06041666666666667 0.19444444444444445
0 0.1625 0.2796296296296296 0.08958333333333333 0.2222222222222222
0 0.290625 0.31296296296296294 0.06875 0.16296296296296298
0 0.9052083333333333 0.3351851851851852 0.10625 0.1962962962962963
0 0.7854166666666667 0.35833333333333334 0.08125 0.17962962962962964
0 0.7171875 0.3731481481481482 0.071875 0.18333333333333332
0 0.49635416666666665 0.3851851851851852 0.06979166666666667 0.2111111111111111
0 0.4427083333333333 0.39166666666666666 0.03958333333333333 0.12407407407407407
0 0.06875 0.40370370370370373 0.08958333333333333 0.1962962962962963
0 0.23489583333333333 0.4185185185185185 0.08020833333333334 0.2
0 0.190625 0.4564814814814815 0.075 0.18333333333333332
0 0.86875 0.5064814814814815 0.11666666666666667 0.16111111111111112
0 0.7296875 0.5231481481481481 0.09270833333333334 0.15
0 0.8875 0.7972222222222223 0.11458333333333333 0.16111111111111112
0 0.5072916666666667 0.8268518518518518 0.0875 0.21296296296296297
0 0.7494791666666667 0.09444444444444444 0.078125 0.18888888888888888
0 0.9588541666666667 0.09907407407407408 0.078125 0.19814814814814816
0 0.4421875 0.11203703703703703 0.059375 0.21666666666666667
0 0.5713541666666667 0.11666666666666667 0.046875 0.14074074074074075
0 0.6385416666666667 0.125 0.05416666666666667 0.12407407407407407
0 0.35208333333333336 0.12962962962962962 0.05416666666666667 0.2037037037037037
0 0.26458333333333334 0.1398148148148148 0.058333333333333334 0.20555555555555555
0 0.8817708333333333 0.14351851851851852 0.07604166666666666 0.09074074074074075
0 0.5182291666666666 0.17222222222222222 0.04895833333333333 0.2037037037037037
0 0.11197916666666667 0.18055555555555555 0.084375 0.20925925925925926
