0 0.1171875 0.20277777777777778 0.06770833333333333 0.17222222222222222
0 0.05572916666666667 0.29074074074074074 0.06354166666666666 0.17037037037037037
0 0.46145833333333336 0.3287037037037037 0.06875 0.25
0 0.8760416666666667 0.3574074074074074 0.09166666666666666 0.17777777777777778
0 0.6442708333333333 0.5842592592592593 0.09895833333333333 0.26481481481481484
0 0.5609375 0.06388888888888888 0.034375 0.12777777777777777
0 0.03229166666666667 0.6361111111111111 0.06458333333333334 0.21666666666666667
0 0.23229166666666667 0.7351851851851852 0.12708333333333333 0.17037037037037037
0 0.5270833333333333 0.7481481481481481 0.06458333333333334 0.17037037037037037
0 0.7973958333333333 0.07592592592592592 0.051041666666666666 0.15185185185185185
0 0.7901041666666667 0.7796296296296297 0.08854166666666667 0.1925925925925926
0 0.10885416666666667 0.9055555555555556 0.11354166666666667 0.14444444444444443
0 0.9536458333333333 0.09537037037037037 0.071875 0.1648148148148148
