0 0.8526041666666667 0.2833333333333333 0.06770833333333333 0.2037037037037037
0 0.03802083333333333 0.3453703703703704 0.06770833333333333 0.15
0 0.471875 0.4027777777777778 0.09791666666666667 0.18333333333333332
0 0.6359375 0.5777777777777777 0.078125 0.2814814814814815
0 0.5651041666666666 0.06296296296296296 0.040625 0.1259259259259259
0 0.2604166666666667 0.7064814814814815 0.06666666666666667 0.1648148148148148
0 0.5166666666666667 0.7407407407407407 0.07291666666666667 0.16666666666666666
0 0.790625 0.7731481481481481 0.08541666666666667 0.18333333333333332
0 0.09270833333333334 0.8888888888888888 0.08958333333333333 0.14814814814814814
0 0.7885416666666667 0.10740740740740741 0.0625 0.15925925925925927
0 0.1078125 0.1814814814814815 0.06145833333333333 0.13333333333333333