0 0.3859375 0.14444444444444443 0.028125 0.06111111111111111
0 0.870703125 0.28541666666666665 0.04453125 0.04861111111111111
0 0.140234375 0.30972222222222223 0.04921875 0.04722222222222222
0 0.87421875 0.3263888888888889 0.0390625 0.030555555555555555
0 0.11484375 0.35 0.0453125 0.05
0 0.286328125 0.3527777777777778 0.02890625 0.05
0 0.526953125 0.3548611111111111 0.03203125 0.05416666666666667
0 0.859375 0.3638888888888889 0.04375 0.03333333333333333
0 0.725 0.3736111111111111 0.040625 0.03333333333333333
0 0.39375 0.37430555555555556 0.040625 0.04583333333333333
0 0.29140625 0.3875 0.0265625 0.05555555555555555
0 0.11328125 0.3993055555555556 0.053125 0.034722222222222224
0 0.365625 0.4125 0.034375 0.05277777777777778
0 0.807421875 0.4201388888888889 0.03828125 0.04027777777777778
0 0.8359375 0.4326388888888889 0.028125 0.02361111111111111
0 0.0859375 0.4361111111111111 0.0421875 0.027777777777777776
0 0.478515625 0.44027777777777777 0.02421875 0.05277777777777778
0 0.894140625 0.4423611111111111 0.03828125 0.04583333333333333
0 0.525390625 0.45069444444444445 0.03203125 0.043055555555555555
0 0.9171875 0.45416666666666666 0.0390625 0.022222222222222223
0 0.818359375 0.46597222222222223 0.02734375 0.05138888888888889
0 0.304296875 0.4701388888888889 0.03828125 0.05138888888888889
0 0.084375 0.47291666666666665 0.053125 0.043055555555555555
0 0.342578125 0.48333333333333334 0.02578125 0.03888888888888889
0 0.913671875 0.49236111111111114 0.03828125 0.0375
0 0.39609375 0.49722222222222223 0.0265625 0.03611111111111111
0 0.087109375 0.5173611111111112 0.04765625 0.029166666666666667
0 0.340625 0.5354166666666667 0.021875 0.04583333333333333
0 0.3921875 0.5381944444444444 0.0203125 0.03194444444444444
0 0.976953125 0.5659722222222222 0.04453125 0.04583333333333333
0 0.353125 0.5798611111111112 0.034375 0.04027777777777778
0 0.9609375 0.6020833333333333 0.053125 0.0375
0 0.244140625 0.6048611111111111 0.03828125 0.04583333333333333
0 0.348828125 0.6215277777777778 0.02578125 0.05416666666666667
0 0.245703125 0.6388888888888888 0.03515625 0.03888888888888889
0 0.975390625 0.6493055555555556 0.04765625 0.0375
0 0.621484375 0.7131944444444445 0.02890625 0.0375
0 0.588671875 0.7361111111111112 0.02265625 0.03333333333333333
0 0.612109375 0.7548611111111111 0.01796875 0.04861111111111111
0 0.5765625 0.75625 0.0234375 0.03194444444444444
0 0.554296875 0.8208333333333333 0.03046875 0.06388888888888888
0 0.585546875 0.11527777777777778 0.02578125 0.06111111111111111
