0 0.10625 0.3138888888888889 0.0421875 0.041666666666666664
0 0.373828125 0.33541666666666664 0.02578125 0.04583333333333333
0 0.4296875 0.3375 0.0265625 0.03888888888888889
0 0.1 0.3451388888888889 0.0421875 0.0375
0 0.285546875 0.36319444444444443 0.03515625 0.05416666666666667
0 0.6484375 0.36875 0.0265625 0.04583333333333333
0 0.2375 0.37083333333333335 0.034375 0.03888888888888889
0 0.434375 0.375 0.0296875 0.044444444444444446
0 0.530859375 0.39791666666666664 0.03359375 0.034722222222222224
0 0.8359375 0.4125 0.0390625 0.04722222222222222
0 0.2390625 0.4173611111111111 0.03125 0.04583333333333333
0 0.942578125 0.41944444444444445 0.03984375 0.03611111111111111
0 0.4921875 0.42430555555555555 0.03125 0.034722222222222224
0 0.68671875 0.42916666666666664 0.0296875 0.05277777777777778
0 0.608203125 0.4527777777777778 0.02265625 0.03333333333333333
0 0.950390625 0.46319444444444446 0.04453125 0.04027777777777778
0 0.2546875 0.4673611111111111 0.0234375 0.059722222222222225
0 0.5890625 0.4708333333333333 0.0140625 0.041666666666666664
0 0.156640625 0.4826388888888889 0.04296875 0.03194444444444444
0 0.939453125 0.49930555555555556 0.04609375 0.0375
0 0.868359375 0.5180555555555556 0.04765625 0.044444444444444446
0 0.19296875 0.5180555555555556 0.028125 0.030555555555555555
0 0.934765625 0.5326388888888889 0.04921875 0.03194444444444444
0 0.138671875 0.5381944444444444 0.05078125 0.0375
0 0.192578125 0.5541666666666667 0.02421875 0.03333333333333333
0 0.8828125 0.5659722222222222 0.046875 0.029166666666666667
0 0.246484375 0.5666666666666667 0.03203125 0.03333333333333333
0 0.50859375 0.5888888888888889 0.028125 0.044444444444444446
0 0.166015625 0.5958333333333333 0.03984375 0.03611111111111111
0 0.250390625 0.6069444444444444 0.02265625 0.05
0 0.872265625 0.6076388888888888 0.03671875 0.034722222222222224
0 0.165625 0.6333333333333333 0.0328125 0.03333333333333333
0 0.876171875 0.6506944444444445 0.04765625 0.05416666666666667
0 0.627734375 0.6770833333333334 0.03046875 0.05138888888888889
0 0.554296875 0.7006944444444444 0.02578125 0.05694444444444444
0 0.601953125 0.7555555555555555 0.02734375 0.058333333333333334
0 0.2328125 0.8381944444444445 0.0328125 0.0625
0 0.520703125 0.8534722222222222 0.02421875 0.05694444444444444
0 0.272265625 0.8798611111111111 0.03828125 0.04861111111111111
0 0.180078125 0.9354166666666667 0.03671875 0.04861111111111111
0 0.161328125 0.9763888888888889 0.03671875 0.044444444444444446
0 0.468359375 0.10972222222222222 0.02734375 0.05277777777777778