0 0.373828125 0.30833333333333335 0.03203125 0.04722222222222222
0 0.97421875 0.30972222222222223 0.05 0.05
0 0.0921875 0.31666666666666665 0.0546875 0.03888888888888889
0 0.41953125 0.33611111111111114 0.0359375 0.03888888888888889
0 0.08984375 0.3472222222222222 0.040625 0.025
0 0.27421875 0.35 0.0375 0.044444444444444446
0 0.97421875 0.35625 0.05 0.05416666666666667
0 0.22578125 0.36875 0.03125 0.043055555555555555
0 0.6375 0.3715277777777778 0.0265625 0.04861111111111111
0 0.423046875 0.37777777777777777 0.02890625 0.04722222222222222
0 0.520703125 0.4 0.02890625 0.03611111111111111
0 0.8265625 0.40555555555555556 0.0453125 0.044444444444444446
0 0.23046875 0.4083333333333333 0.0359375 0.030555555555555555
0 0.934765625 0.42083333333333334 0.04140625 0.04722222222222222
0 0.48203125 0.4263888888888889 0.021875 0.041666666666666664
0 0.66875 0.43333333333333335 0.028125 0.04722222222222222
0 0.16328125 0.4465277777777778 0.0484375 0.04027777777777778
0 0.27109375 0.4534722222222222 0.040625 0.0375
0 0.944140625 0.46319444444444446 0.03515625 0.03194444444444444
0 0.9734375 0.46875 0.034375 0.04861111111111111
0 0.61015625 0.47847222222222224 0.0265625 0.034722222222222224
0 0.14921875 0.4791666666666667 0.0390625 0.044444444444444446
0 0.258203125 0.4895833333333333 0.03203125 0.04027777777777778
0 0.956640625 0.49583333333333335 0.04609375 0.030555555555555555
0 0.590625 0.4979166666666667 0.025 0.05694444444444444
0 0.882421875 0.5118055555555555 0.04765625 0.0375
0 0.209765625 0.5159722222222223 0.02890625 0.03194444444444444
0 0.94609375 0.5319444444444444 0.04375 0.03888888888888889
0 0.148046875 0.5354166666666667 0.03984375 0.0375
0 0.206640625 0.5513888888888889 0.01640625 0.03611111111111111
0 0.2546875 0.5666666666666667 0.0375 0.04722222222222222
0 0.88828125 0.5701388888888889 0.046875 0.0375
0 0.179296875 0.5923611111111111 0.04453125 0.029166666666666667
0 0.883984375 0.6076388888888888 0.03671875 0.0375
0 0.5125 0.6090277777777777 0.03125 0.04583333333333333
0 0.2609375 0.6104166666666667 0.025 0.04027777777777778
0 0.17421875 0.6243055555555556 0.0390625 0.04027777777777778
0 0.88046875 0.6486111111111111 0.0578125 0.03888888888888889
0 0.553125 0.6777777777777778 0.03125 0.03888888888888889
0 0.625 0.6868055555555556 0.0296875 0.04861111111111111
0 0.603515625 0.7611111111111111 0.01796875 0.04722222222222222
0 0.220703125 0.85625 0.03046875 0.04583333333333333
0 0.524609375 0.8791666666666667 0.03203125 0.04722222222222222
0 0.261328125 0.8916666666666667 0.02890625 0.05277777777777778
0 0.465625 0.09236111111111112 0.0265625 0.05138888888888889
0 0.182421875 0.9645833333333333 0.04453125 0.06805555555555555
