0 0.413671875 0.16319444444444445 0.02265625 0.04583333333333333
0 0.44921875 0.16527777777777777 0.0171875 0.058333333333333334
0 0.530078125 0.16597222222222222 0.01953125 0.04583333333333333
0 0.580859375 0.23541666666666666 0.01328125 0.03194444444444444
0 0.453515625 0.25972222222222224 0.01953125 0.030555555555555555
0 0.940625 0.33611111111111114 0.0265625 0.04722222222222222
0 0.80625 0.34791666666666665 0.025 0.034722222222222224
0 0.61796875 0.35208333333333336 0.01875 0.029166666666666667
0 0.83125 0.3541666666666667 0.028125 0.03611111111111111
0 0.9671875 0.36527777777777776 0.0265625 0.030555555555555555
0 0.703515625 0.37777777777777777 0.02109375 0.025
0 0.797265625 0.3861111111111111 0.02265625 0.027777777777777776
0 0.635546875 0.3902777777777778 0.01953125 0.025
0 0.84765625 0.39861111111111114 0.0359375 0.03611111111111111
0 0.956640625 0.4013888888888889 0.02890625 0.025
0 0.893359375 0.40347222222222223 0.02734375 0.0375
0 0.694140625 0.4048611111111111 0.01796875 0.034722222222222224
0 0.64140625 0.4152777777777778 0.015625 0.025
0 0.8078125 0.4270833333333333 0.0265625 0.03194444444444444
0 0.956640625 0.42986111111111114 0.02890625 0.029166666666666667
0 0.875 0.43680555555555556 0.03125 0.03194444444444444
0 0.507421875 0.45069444444444445 0.02109375 0.0375
0 0.18671875 0.45208333333333334 0.028125 0.034722222222222224
0 0.641015625 0.45902777777777776 0.01796875 0.02361111111111111
0 0.285546875 0.4618055555555556 0.01796875 0.03194444444444444
0 0.262109375 0.46319444444444446 0.02109375 0.043055555555555555
0 0.890234375 0.47291666666666665 0.03203125 0.018055555555555554
0 0.470703125 0.49930555555555556 0.02265625 0.034722222222222224
0 0.1578125 0.5013888888888889 0.0265625 0.030555555555555555
0 0.28515625 0.5069444444444444 0.025 0.03888888888888889
0 0.612890625 0.5375 0.02109375 0.05277777777777778
0 0.3265625 0.5534722222222223 0.0265625 0.04583333333333333
0 0.083203125 0.5763888888888888 0.02890625 0.03333333333333333
0 0.571484375 0.6055555555555555 0.02421875 0.030555555555555555
0 0.128515625 0.6152777777777778 0.01953125 0.030555555555555555
0 0.565625 0.6298611111111111 0.015625 0.03194444444444444
0 0.612109375 0.7715277777777778 0.01796875 0.034722222222222224
0 0.601953125 0.7916666666666666 0.01640625 0.03888888888888889