0 0.587515625 0.16970833333333332 0.027437499999999997 0.10455555555555555
0 0.636109375 0.7658611111111111 0.039140625 0.15791666666666668
0 0.9279609375 0.22220833333333334 0.036351562500000004 0.13141666666666668
0 0.5785234375 0.68875 0.0460078125 0.17604166666666668
0 0.8453593749999999 0.7246666666666667 0.0483046875 0.16045833333333334
0 0.495203125 0.32658333333333334 0.033640625 0.13143055555555555
0 0.383875 0.1650138888888889 0.026289062499999998 0.11841666666666667
0 0.8336328125 0.5764027777777778 0.04528125 0.1570277777777778
0 0.9173125000000001 0.5277222222222222 0.0460625 0.16206944444444443
0 0.4055625 0.3242777777777778 0.0307109375 0.13040277777777778
0 0.0321640625 0.11079166666666666 0.0263125 0.09841666666666667
0 0.5615 0.926111111111111 0.0410625 0.1477638888888889
0 0.121046875 0.6765972222222222 0.0540546875 0.16918055555555556
0 0.620921875 0.38373611111111117 0.031406250000000004 0.12066666666666666
0 0.8975703125000001 0.12395833333333334 0.0336015625 0.11644444444444445
0 0.9311406249999999 0.31363888888888886 0.0410390625 0.14315277777777777
0 0.5347265625000001 0.2442361111111111 0.038492187500000004 0.14919444444444444
0 0.098765625 0.9015000000000001 0.0608515625 0.17493055555555556
0 0.20600000000000002 0.03416666666666667 0.0321328125 0.06833333333333334
0 0.9807265624999999 0.2925 0.036609375 0.1329861111111111
0 0.6187265625 0.10051388888888889 0.037843749999999995 0.11991666666666667
0 0.73075 0.09868055555555555 0.0249296875 0.1223611111111111
0 0.5307421875 0.01838888888888889 0.03465625 0.03677777777777778
0 0.6628828125 0.0654861111111111 0.02434375 0.07694444444444444
0 0.370875 0.45684722222222224 0.0397109375 0.16418055555555555
0 0.2439375 0.021666666666666667 0.024523437500000002 0.043333333333333335
0 0.631578125 0.09152777777777779 0.027242187499999997 0.11808333333333333
0 0.057585937499999997 0.16475 0.031421875 0.1245138888888889
0 0.953375 0.017777777777777778 0.01828125 0.035555555555555556
0 0.315140625 0.30844444444444447 0.03484375 0.09580555555555556
0 0.4272578125 0.10775 0.0230859375 0.11547222222222223
0 0.458921875 0.113 0.0285703125 0.12130555555555556
0 0.67859375 0.04529166666666667 0.0211484375 0.09058333333333334
0 0.4842890625 0.07275000000000001 0.0239453125 0.11420833333333334
0 0.2247578125 0.46359722222222227 0.0253046875 0.05816666666666667
0 0.3224609375 0.4181944444444445 0.04628125 0.14376388888888889
0 0.5033671875 0.06716666666666667 0.021812500000000002 0.10568055555555556
0 0.7124609375000001 0.05173611111111111 0.027375 0.10277777777777777
0 0.191265625 0.5182222222222223 0.034625 0.14372222222222222
0 0.9916328125 0.1780972222222222 0.016734375000000003 0.09513888888888888
0 0.8575078125 0.08704166666666667 0.0201953125 0.10997222222222224
0 0.87596875 0.08725 0.0243671875 0.115625
0 0.134625 0.02386111111111111 0.0193046875 0.047736111111111104
0 0.25234375 0.5230138888888889 0.039804687500000005 0.1337361111111111
0 0.2203203125 0.5379305555555556 0.044734375 0.15375
0 0.1466015625 0.023069444444444445 0.0216953125 0.04613888888888889
0 0.4010546875 0.00988888888888889 0.0227265625 0.019375
0 0.9938828125000001 0.009944444444444445 0.01203125 0.019319444444444445
0 0.112109375 0.9611388888888889 0.048890625 0.07770833333333334
