0 0.5875 0.17368055555555556 0.027328124999999998 0.10268055555555557
0 0.5777734375 0.6729583333333333 0.0433828125 0.1661388888888889
0 0.49465624999999996 0.32969444444444446 0.0341484375 0.13494444444444445
0 0.384078125 0.15841666666666668 0.026210937499999996 0.11602777777777779
0 0.6294375 0.7686944444444445 0.0413671875 0.147375
0 0.8381015625 0.5759583333333333 0.045140625000000004 0.14956944444444445
0 0.93825 0.3118611111111111 0.04015625 0.13734722222222223
0 0.9292578125000001 0.22470833333333332 0.0353671875 0.13252777777777777
0 0.8463515625 0.7409027777777778 0.0487421875 0.17945833333333333
0 0.119125 0.6920138888888889 0.05128125 0.17990277777777777
0 0.9160546875 0.5134722222222222 0.0427734375 0.1514861111111111
0 0.1026171875 0.90225 0.0595 0.17451388888888889
0 0.617453125 0.09968055555555555 0.0351875 0.11344444444444446
0 0.8992578124999999 0.12344444444444444 0.0328984375 0.11566666666666667
0 0.21061718749999997 0.02998611111111111 0.0284921875 0.059958333333333336
0 0.4050546875 0.32075 0.030765625 0.13180555555555556
0 0.5567578125 0.91475 0.037234375 0.15004166666666666
0 0.9812890624999999 0.3041111111111111 0.035234375 0.12322222222222222
0 0.5346796875 0.2509027777777778 0.03596875 0.14779166666666665
0 0.6213984375 0.37831944444444443 0.0337265625 0.12502777777777777
0 0.37126562500000004 0.45204166666666673 0.0394609375 0.16822222222222222
0 0.73090625 0.096875 0.0250546875 0.1228611111111111
0 0.5346484375 0.01965277777777778 0.0358515625 0.03918055555555556
0 0.0348828125 0.11045833333333334 0.025273437500000002 0.101875
0 0.052507812499999994 0.16359722222222223 0.039015625 0.1403611111111111
0 0.6631640625 0.06465277777777777 0.024 0.07843055555555556
0 0.9547343749999999 0.017805555555555557 0.0190625 0.035625
0 0.24694531249999999 0.022 0.026578125 0.044
0 0.3219609375 0.4253611111111111 0.0454609375 0.1495138888888889
0 0.6771328125 0.044180555555555556 0.0224765625 0.08837500000000001
0 0.482921875 0.07579166666666667 0.021156249999999998 0.10901388888888888
0 0.9909609375 0.193 0.0180859375 0.11619444444444443
0 0.505140625 0.06376388888888888 0.023625 0.1087638888888889
0 0.31522656250000003 0.3153611111111111 0.035726562499999996 0.09618055555555556
0 0.8767734375 0.08941666666666666 0.0248359375 0.11602777777777779
0 0.42853125 0.10694444444444444 0.021843750000000002 0.11658333333333333
0 0.141453125 0.0275 0.029203125000000003 0.05498611111111112
0 0.19136718749999998 0.5175694444444444 0.034 0.14366666666666666
0 0.225203125 0.46290277777777783 0.0253359375 0.05976388888888889
0 0.4599375 0.11256944444444444 0.0266171875 0.11694444444444445
0 0.7120078125 0.05018055555555556 0.0256171875 0.0973888888888889
0 0.8574140625 0.09097222222222222 0.0214296875 0.11191666666666666
0 0.2199296875 0.5366111111111111 0.0443984375 0.15477777777777776
0 0.2521484375 0.5230138888888889 0.042140625 0.13111111111111112
0 0.4027265625 0.007194444444444444 0.019234375 0.014027777777777778
0 0.9943125 0.010180555555555556 0.011328125 0.01984722222222222
0 0.63234375 0.05216666666666667 0.025656250000000002 0.05620833333333333
0 0.6266953125 0.08706944444444444 0.0295546875 0.12540277777777778
