0 0.9406874999999999 0.3235 0.0418046875 0.14395833333333335
0 0.5760546875 0.6580416666666667 0.042578125 0.15666666666666668
0 0.5883359375 0.1748888888888889 0.026468750000000003 0.09727777777777778
0 0.49406249999999996 0.3344166666666667 0.0335703125 0.13
0 0.9292890625 0.23081944444444444 0.034703125 0.12720833333333334
0 0.84096875 0.5954722222222222 0.04559375 0.16330555555555556
0 0.6249453125 0.7751388888888889 0.0442734375 0.1516111111111111
0 0.105078125 0.9070277777777777 0.0579921875 0.1649027777777778
0 0.8534609375000001 0.7609166666666667 0.050359375 0.178375
0 0.11556249999999998 0.7121111111111111 0.0511484375 0.18418055555555557
0 0.9133437499999999 0.5040416666666667 0.0380625 0.15868055555555555
0 0.554453125 0.8987222222222223 0.037984375 0.161
0 0.9015000000000001 0.13230555555555557 0.03428125 0.1235138888888889
0 0.6188203125 0.09193055555555556 0.0368359375 0.10958333333333334
0 0.382953125 0.14973611111111113 0.025789062499999998 0.12424999999999999
0 0.21540625000000002 0.028916666666666667 0.03 0.057833333333333334
0 0.730375 0.09781944444444446 0.0258359375 0.12070833333333333
0 0.5347265625000001 0.2551805555555555 0.03515625 0.14472222222222222
0 0.6247109375 0.37125 0.036234375 0.13072222222222224
0 0.985 0.3064444444444444 0.0299921875 0.1240138888888889
0 0.371734375 0.44125 0.04 0.16851388888888888
0 0.3205078125 0.4325 0.046617187500000004 0.1588611111111111
0 0.13997656249999998 0.03027777777777778 0.031421875 0.06055555555555556
0 0.9906796874999999 0.19572222222222221 0.018632812500000002 0.10993055555555556
0 0.19153125 0.5163472222222222 0.032968750000000005 0.1435972222222222
0 0.48371875 0.081 0.027250000000000003 0.11769444444444443
0 0.407515625 0.3203611111111111 0.036421875 0.13949999999999999
0 0.4595859375 0.11077777777777778 0.0292890625 0.11675
0 0.9558984374999999 0.017708333333333333 0.028546875 0.035416666666666666
0 0.7102734374999999 0.049694444444444444 0.025515624999999997 0.09623611111111112
0 0.6637734375 0.06083333333333333 0.022382812499999998 0.08319444444444445
0 0.878328125 0.09115277777777778 0.026187500000000002 0.11141666666666666
0 0.053921874999999994 0.16231944444444446 0.039304687500000005 0.14394444444444446
0 0.42884374999999997 0.10595833333333335 0.0237578125 0.119625
0 0.25379687500000003 0.01941666666666667 0.023679687499999998 0.03883333333333334
0 0.041335937499999996 0.11155555555555555 0.0229296875 0.09477777777777777
0 0.5067890625 0.057041666666666664 0.02346875 0.10331944444444445
0 0.675890625 0.044916666666666674 0.0210234375 0.08847222222222223
0 0.3166484375 0.31837499999999996 0.040749999999999995 0.09602777777777778
0 0.22496093749999999 0.4654722222222222 0.026187500000000002 0.060888888888888895
0 0.8554453125 0.10131944444444445 0.0182734375 0.07475
0 0.2522109375 0.5232083333333333 0.0405390625 0.13058333333333333
0 0.21985937500000002 0.5366388888888889 0.043046875 0.15188888888888888
0 0.8619999999999999 0.09512499999999999 0.01865625 0.10025
0 0.5423046874999999 0.01625 0.033953125 0.03165277777777778
0 0.9927890625 0.008916666666666666 0.014421875 0.017333333333333333
0 0.656921875 0.05275 0.0174375 0.05429166666666667
0 0.63090625 0.05568055555555556 0.026921875 0.06820833333333333
0 0.0084921875 0.5662638888888889 0.016984375 0.13720833333333335
