0 0.8434453124999999 0.6082916666666667 0.0455703125 0.16555555555555557
0 0.6221171875 0.7771666666666666 0.042476562499999995 0.14105555555555555
0 0.9298984375 0.2334027777777778 0.0343671875 0.12375
0 0.4938359375 0.33919444444444447 0.0338359375 0.13397222222222221
0 0.5756484375 0.6558611111111111 0.04403125 0.16745833333333332
0 0.941984375 0.32931944444444444 0.041484375000000004 0.14341666666666666
0 0.11570312499999999 0.7248888888888888 0.052046875000000006 0.18490277777777778
0 0.588984375 0.17493055555555556 0.0257265625 0.09852777777777777
0 0.10606249999999999 0.9101111111111111 0.0583125 0.1723611111111111
0 0.5529843750000001 0.8888888888888888 0.0367109375 0.15394444444444444
0 0.855515625 0.7620972222222223 0.052453125 0.17813888888888887
0 0.9023359375 0.13252777777777777 0.0333046875 0.12466666666666668
0 0.909953125 0.5016111111111111 0.04015625 0.15869444444444444
0 0.61925 0.08797222222222223 0.0380234375 0.11084722222222222
0 0.3826640625 0.14741666666666667 0.027421875000000002 0.12384722222222222
0 0.629734375 0.3653472222222222 0.035562500000000004 0.13051388888888887
0 0.53575 0.2571527777777778 0.0355546875 0.14656944444444445
0 0.218421875 0.027847222222222225 0.0311640625 0.05569444444444445
0 0.9863984374999999 0.30568055555555557 0.027203125 0.13645833333333332
0 0.7312734375 0.09791666666666667 0.024671875 0.12051388888888888
0 0.3723125 0.4311388888888889 0.0403828125 0.16543055555555555
0 0.1395546875 0.03011111111111111 0.030343750000000003 0.06022222222222222
0 0.4078515625 0.3167083333333333 0.0391875 0.140625
0 0.48421875 0.08311111111111112 0.026976562500000002 0.11601388888888889
0 0.3204609375 0.4363888888888889 0.0494375 0.16211111111111112
0 0.9911562500000001 0.200625 0.017687500000000002 0.11030555555555556
0 0.1918515625 0.5154444444444445 0.03253125 0.14248611111111112
0 0.256609375 0.017486111111111112 0.023070312500000002 0.034986111111111114
0 0.9560546875 0.017388888888888888 0.02640625 0.034791666666666665
0 0.5081171875 0.05408333333333333 0.025078125 0.10323611111111111
0 0.4295078125 0.10426388888888888 0.0247265625 0.11990277777777777
0 0.0528828125 0.15375 0.039359375 0.15325
0 0.45928125 0.10844444444444444 0.0309375 0.12202777777777778
0 0.3165390625 0.3224722222222222 0.0411953125 0.09483333333333334
0 0.8790234375000001 0.09334722222222222 0.025093749999999998 0.10783333333333334
0 0.710015625 0.051791666666666666 0.0260546875 0.10068055555555555
0 0.674328125 0.040875 0.0219453125 0.0806388888888889
0 0.6640859375 0.06373611111111112 0.0228359375 0.076875
0 0.8591796875 0.09888888888888889 0.0205078125 0.09577777777777777
0 0.5442890625000001 0.017805555555555557 0.024671875 0.035611111111111114
0 0.21974999999999997 0.534875 0.043609375 0.15245833333333333
0 0.25167968749999997 0.5228750000000001 0.0406484375 0.13051388888888887
0 0.2255546875 0.4640694444444444 0.024796875 0.05781944444444445
0 0.6373046875 0.9876527777777778 0.0481875 0.024708333333333332
0 0.005554687500000001 0.5454166666666667 0.01103125 0.14495833333333333
0 0.99278125 0.0095 0.014421875 0.018625
0 0.62890625 0.076625 0.0322578125 0.11838888888888888
0 0.0481953125 0.08888888888888889 0.0212890625 0.06344444444444444
0 0.6571640624999999 0.04954166666666667 0.019296874999999998 0.04702777777777778
