0 0.7867578125 0.525625 0.0412421875 0.15129166666666669
0 0.7779609375 0.38255555555555554 0.037609375 0.14231944444444444
0 0.9168359374999999 0.13066666666666665 0.0328046875 0.102875
0 0.75946875 0.7359861111111111 0.060015624999999996 0.17306944444444444
0 0.6115390625 0.5126805555555556 0.040140625 0.13574999999999998
0 0.622546875 0.9212916666666667 0.05159375000000001 0.15627777777777777
0 0.578484375 0.09819444444444445 0.0228828125 0.09298611111111112
0 0.64128125 0.17363888888888887 0.02865625 0.12397222222222223
0 0.4984609375 0.23568055555555556 0.030328125 0.12477777777777778
0 0.126265625 0.08505555555555556 0.030125000000000002 0.11752777777777779
0 0.88796875 0.06808333333333334 0.031968750000000004 0.11627777777777777
0 0.14710937500000001 0.4938194444444445 0.0408359375 0.15636111111111112
0 0.9008359374999999 0.2157638888888889 0.039468750000000004 0.12755555555555556
0 0.691796875 0.05322222222222222 0.0236328125 0.09361111111111112
0 0.41271874999999997 0.46897222222222223 0.034328125 0.14348611111111112
0 0.371609375 0.6539305555555556 0.0403828125 0.16870833333333332
0 0.388765625 0.04438888888888889 0.0271015625 0.08734722222222223
0 0.531046875 0.169625 0.0357578125 0.14055555555555557
0 0.045171875 0.8210833333333333 0.061484375 0.17972222222222223
0 0.061 0.17529166666666665 0.0325234375 0.11947222222222222
0 0.093953125 0.01788888888888889 0.021703125 0.03577777777777778
0 0.9509765625 0.20398611111111112 0.033773437499999996 0.12273611111111112
0 0.3852890625 0.2751944444444444 0.030234375 0.132
0 0.20623437500000003 0.06812499999999999 0.033445312500000005 0.10818055555555556
0 0.73875 0.03765277777777778 0.025210937500000002 0.07006944444444445
0 0.9572578125 0.023291666666666665 0.0226484375 0.04658333333333333
0 0.316078125 0.32611111111111113 0.041335937499999996 0.13345833333333335
0 0.8522500000000001 0.06708333333333333 0.02734375 0.10308333333333333
0 0.622953125 0.1882638888888889 0.02496875 0.11533333333333334
0 0.3119453125 0.23236111111111113 0.0313125 0.07619444444444444
0 0.4801875 0.13741666666666666 0.0275546875 0.11793055555555555
0 0.983015625 0.7019722222222222 0.033960937499999996 0.17495833333333333
0 0.43200781250000003 0.12984722222222222 0.030890624999999998 0.11956944444444445
0 0.4139765625 0.02322222222222222 0.031859375 0.04645833333333334
0 0.454453125 0.12579166666666666 0.027296874999999998 0.12616666666666668
0 0.48446875 0.03844444444444444 0.017937500000000002 0.07522222222222222
0 0.7359843749999999 0.11333333333333333 0.027875 0.11915277777777779
0 0.2521953125 0.5342083333333333 0.039109375 0.13169444444444445
0 0.8339140625000001 0.06641666666666667 0.0207734375 0.09754166666666667
0 0.2000390625 0.5242222222222223 0.0407890625 0.14454166666666665
0 0.19337500000000002 0.017555555555555557 0.03278125 0.035111111111111114
0 0.225875 0.47256944444444443 0.024625 0.058319444444444445
0 0.2182734375 0.549875 0.0421796875 0.149
0 0.8405703125 0.06427777777777778 0.01803125 0.09641666666666666
0 0.9942421875 0.13572222222222222 0.011515625 0.09329166666666668
0 0.162828125 0.007291666666666667 0.0249453125 0.014472222222222221
0 0.7415078125 0.08423611111111111 0.031984374999999995 0.16845833333333335
0 0.6732421875 0.08163888888888889 0.021890625 0.06313888888888888
