0 0.8621015625 0.7741527777777778 0.0526796875 0.16793055555555556
0 0.9311015625 0.23763888888888887 0.035312500000000004 0.124875
0 0.49496874999999996 0.3467777777777778 0.034546875 0.1275
0 0.6150234375 0.7955833333333334 0.0414921875 0.1635138888888889
0 0.9041015625 0.14159722222222224 0.0321328125 0.12484722222222222
0 0.5895234375 0.18304166666666666 0.0256328125 0.10208333333333333
0 0.11095312500000001 0.7263611111111111 0.048421874999999996 0.17226388888888888
0 0.84925 0.6273194444444444 0.044679687499999995 0.1632222222222222
0 0.381078125 0.1386111111111111 0.028499999999999998 0.11959722222222222
0 0.9416874999999999 0.338 0.0428515625 0.14450000000000002
0 0.904296875 0.48715277777777777 0.0409921875 0.1645
0 0.5723359375 0.6454722222222222 0.040523437499999995 0.17148611111111112
0 0.1085078125 0.9100277777777778 0.05736718750000001 0.17394444444444443
0 0.40028125000000003 0.2987083333333333 0.0314296875 0.12887500000000002
0 0.6251953125 0.35281944444444446 0.031875 0.11713888888888889
0 0.6376953125 0.9682083333333333 0.05503125 0.06356944444444444
0 0.5354062500000001 0.2635972222222222 0.0371875 0.1477638888888889
0 0.5507421875 0.8739861111111111 0.036234375 0.17497222222222222
0 0.7315234375 0.094375 0.0245390625 0.12455555555555556
0 0.372828125 0.41556944444444444 0.041125 0.15730555555555556
0 0.5551484375 0.017152777777777777 0.0290625 0.03429166666666667
0 0.1396484375 0.030000000000000002 0.0310078125 0.05998611111111111
0 0.61209375 0.08670833333333333 0.025890625 0.10940277777777777
0 0.2245 0.023625000000000004 0.024179687499999998 0.04726388888888889
0 0.4845 0.08298611111111111 0.026484374999999998 0.11363888888888887
0 0.9903984375 0.20219444444444445 0.019203124999999998 0.10958333333333334
0 0.98821875 0.32572222222222225 0.023554687499999998 0.12975
0 0.6269843749999999 0.06954166666666667 0.0248671875 0.11472222222222221
0 0.4285 0.10231944444444445 0.0245546875 0.11794444444444445
0 0.3161484375 0.32719444444444445 0.035867187499999995 0.10395833333333332
0 0.8831953125 0.08838888888888889 0.0227421875 0.10890277777777778
0 0.7083125 0.04934722222222222 0.026726562500000002 0.09869444444444445
0 0.317625 0.4368194444444444 0.0591015625 0.16793055555555556
0 0.50971875 0.051055555555555555 0.023328124999999998 0.10083333333333333
0 0.45960156249999995 0.10883333333333334 0.030546875 0.12261111111111112
0 0.19184375 0.5137777777777778 0.0321796875 0.1431388888888889
0 0.0078984375 0.5356805555555556 0.015445312499999999 0.1453611111111111
0 0.9537890625 0.016027777777777776 0.026039062499999998 0.03204166666666667
0 0.8649687500000001 0.10191666666666666 0.0249140625 0.10111111111111111
0 0.22599999999999998 0.46169444444444446 0.02403125 0.057902777777777775
0 0.260921875 0.013694444444444443 0.018476562499999998 0.027388888888888886
0 0.21960156249999999 0.5344722222222222 0.0432421875 0.1512222222222222
0 0.66865625 0.052222222222222225 0.0231640625 0.08887500000000001
0 0.2518671875 0.5231944444444444 0.041257812500000005 0.13090277777777778
0 0.060546875 0.15034722222222222 0.0287890625 0.14552777777777778
0 0.0557265625 0.08424999999999999 0.020328125 0.06619444444444444
0 0.9955468749999999 0.013083333333333334 0.0086640625 0.02575
0 0.6513203125 0.04740277777777778 0.019875 0.049555555555555554
0 0.0580703125 0.10844444444444444 0.0256171875 0.11009722222222222
0 0.009882812500000001 0.00673611111111111 0.0191171875 0.012944444444444444
