0 0.8655781250000001 0.8056527777777779 0.054921874999999995 0.18915277777777778
0 0.9329453125 0.24990277777777778 0.03775 0.1389027777777778
0 0.49623437499999995 0.3512361111111111 0.035625000000000004 0.132
0 0.5909609375 0.1882083333333333 0.0254140625 0.09888888888888889
0 0.9476953124999999 0.3392777777777778 0.042257812500000005 0.13852777777777778
0 0.570640625 0.6149305555555555 0.0417109375 0.15661111111111112
0 0.854859375 0.6324861111111111 0.0453359375 0.1507638888888889
0 0.63978125 0.9570972222222223 0.054625 0.08579166666666667
0 0.9012734375000001 0.46811111111111114 0.0398671875 0.15468055555555557
0 0.602921875 0.8043472222222222 0.040609374999999996 0.15711111111111112
0 0.5371406249999999 0.2722222222222222 0.037851562500000005 0.14745833333333333
0 0.1128671875 0.9178472222222223 0.0604453125 0.16431944444444443
0 0.1062421875 0.7519305555555555 0.0491640625 0.19212500000000002
0 0.384171875 0.12969444444444445 0.0268046875 0.11826388888888889
0 0.61128125 0.08033333333333334 0.026695312500000002 0.11241666666666666
0 0.5466249999999999 0.8522083333333333 0.033578125 0.16691666666666669
0 0.9047734374999999 0.1436111111111111 0.0335390625 0.1218611111111111
0 0.6289687500000001 0.35062499999999996 0.0337890625 0.12319444444444445
0 0.3725859375 0.4039444444444444 0.03934375 0.16873611111111111
0 0.731421875 0.09251388888888888 0.024781249999999998 0.1262638888888889
0 0.398953125 0.29256944444444444 0.029671874999999997 0.1336527777777778
0 0.8860390625000001 0.09236111111111112 0.025570312499999998 0.10638888888888888
0 0.990109375 0.20320833333333332 0.01978125 0.10720833333333334
0 0.5630234375 0.016805555555555556 0.0368828125 0.03361111111111111
0 0.31709375 0.4427222222222222 0.0647109375 0.17668055555555554
0 0.4841796875 0.08875 0.0248125 0.11591666666666665
0 0.9892578125 0.3374027777777778 0.021484375 0.13045833333333334
0 0.5101328125 0.050208333333333334 0.021976562499999998 0.09620833333333333
0 0.13863281249999998 0.03134722222222222 0.0348671875 0.06269444444444444
0 0.2348984375 0.020666666666666667 0.032171875 0.04133333333333333
0 0.4599375 0.10752777777777778 0.030390624999999998 0.12301388888888888
0 0.66553125 0.051472222222222225 0.024890625 0.09852777777777777
0 0.6270703125 0.06209722222222222 0.027125 0.12033333333333333
0 0.7031953125 0.06825 0.0285703125 0.059500000000000004
0 0.37265625 0.9772361111111111 0.0542890625 0.045513888888888895
0 0.07059375 0.10194444444444445 0.0337421875 0.09425
0 0.315578125 0.33358333333333334 0.040757812500000004 0.10536111111111111
0 0.428171875 0.10308333333333333 0.0239140625 0.11570833333333333
0 0.19190625 0.5129444444444444 0.032703125 0.14595833333333333
0 0.870265625 0.09529166666666666 0.0233515625 0.11186111111111112
0 0.0185 0.5475416666666667 0.037 0.1654861111111111
0 0.9516875 0.015166666666666667 0.0209296875 0.03031944444444444
0 0.057421875 0.15205555555555555 0.033218750000000005 0.14455555555555555
0 0.2522109375 0.5237916666666667 0.0416953125 0.1323888888888889
0 0.2270078125 0.4612638888888889 0.021476562499999997 0.05884722222222222
0 0.21903125 0.5332916666666667 0.04315625 0.15155555555555555
0 0.7061171875000001 0.03451388888888889 0.0220703125 0.06901388888888889
0 0.269484375 0.008527777777777776 0.022 0.016902777777777777
0 0.010007812500000001 0.0065694444444444455 0.019453124999999998 0.012583333333333334
0 0.9957890624999999 0.013930555555555555 0.0084140625 0.027416666666666666
0 0.267046875 0.014347222222222223 0.0250859375 0.028541666666666667
