0 0.8671093750000001 0.8101805555555556 0.0536015625 0.18644444444444447
0 0.5703750000000001 0.6128055555555556 0.0417109375 0.1550277777777778
0 0.49607812500000004 0.35318055555555555 0.035734375 0.13356944444444444
0 0.932703125 0.25293055555555555 0.037984375 0.14172222222222222
0 0.591125 0.18893055555555555 0.025523437500000003 0.09945833333333333
0 0.9491328125 0.3428333333333333 0.0449921875 0.14331944444444444
0 0.8559765625000001 0.638375 0.0453203125 0.1552638888888889
0 0.60203125 0.8076388888888889 0.039781250000000004 0.15355555555555556
0 0.8994765625 0.4643333333333333 0.0418046875 0.1527777777777778
0 0.639625 0.954875 0.055437499999999994 0.09025000000000001
0 0.537640625 0.27393055555555557 0.0382890625 0.14933333333333332
0 0.5460625 0.8473194444444445 0.034984375 0.1687638888888889
0 0.6286328125 0.3480972222222222 0.0346953125 0.12659722222222222
0 0.11271093750000001 0.9147083333333333 0.0615703125 0.17058333333333334
0 0.1055390625 0.7562222222222222 0.0497109375 0.18556944444444445
0 0.37227343749999997 0.9748472222222222 0.054625 0.050305555555555555
0 0.38358593750000003 0.129 0.0273203125 0.11579166666666667
0 0.9044140625000001 0.14393055555555556 0.03509375 0.12411111111111112
0 0.56409375 0.016374999999999997 0.0371484375 0.03276388888888889
0 0.6109296875 0.07925 0.0263046875 0.10904166666666668
0 0.7313125 0.09206944444444445 0.0246640625 0.1272222222222222
0 0.373234375 0.40151388888888884 0.03925 0.16758333333333333
0 0.5105078125 0.04909722222222222 0.0220390625 0.09479166666666666
0 0.9901953125 0.20368055555555556 0.0196171875 0.10908333333333334
0 0.3204609375 0.44255555555555554 0.0620625 0.17745833333333333
0 0.3989296875 0.29125 0.0300546875 0.13369444444444445
0 0.989859375 0.33804166666666663 0.02028125 0.13122222222222224
0 0.6270625 0.06041666666666667 0.027625 0.11747222222222221
0 0.8860078124999999 0.09388888888888888 0.02678125 0.10870833333333332
0 0.66596875 0.050847222222222224 0.026671875 0.10015277777777777
0 0.702984375 0.06773611111111112 0.028390625000000003 0.06048611111111111
0 0.45994531250000004 0.10777777777777776 0.030375000000000003 0.12155555555555556
0 0.48375 0.09006944444444444 0.024890625 0.11856944444444445
0 0.1381640625 0.03233333333333333 0.037953125 0.06468055555555556
0 0.3164921875 0.34129166666666666 0.037367187499999996 0.09731944444444443
0 0.2352734375 0.021125 0.03290625 0.04223611111111111
0 0.428265625 0.10354166666666666 0.0244375 0.11672222222222223
0 0.8713749999999999 0.09652777777777778 0.022101562499999998 0.11023611111111112
0 0.0719765625 0.10041666666666667 0.034187499999999996 0.09005555555555556
0 0.01853125 0.5503888888888888 0.0370703125 0.1639722222222222
0 0.191875 0.5129861111111111 0.0325625 0.14583333333333334
0 0.0606484375 0.14445833333333333 0.04034375 0.16140277777777776
0 0.95159375 0.015000000000000001 0.020953125 0.03001388888888889
0 0.21935937499999997 0.5333472222222222 0.0428828125 0.15088888888888888
0 0.25475 0.5341805555555555 0.049062499999999995 0.1452361111111111
0 0.226765625 0.4601527777777778 0.0216640625 0.057652777777777775
0 0.70596875 0.032375 0.0211875 0.0647638888888889
0 0.26925 0.009902777777777778 0.023796875000000002 0.01961111111111111
0 0.9958281250000001 0.013888888888888888 0.0083515625 0.027430555555555555
0 0.0103359375 0.006722222222222222 0.02028125 0.012930555555555556
0 0.6692265625 0.017541666666666667 0.0202265625 0.035027777777777776
