0 0.49554687499999994 0.36109722222222224 0.0347734375 0.1345
0 0.5699375 0.6046666666666667 0.04353125 0.1606388888888889
0 0.933828125 0.26511111111111113 0.0365859375 0.13704166666666667
0 0.5907890625000001 0.19691666666666666 0.0275859375 0.10212500000000001
0 0.6258359375 0.33925 0.034335937500000004 0.12794444444444444
0 0.9518515624999999 0.3537361111111111 0.038906249999999996 0.137875
0 0.6385156249999999 0.9409305555555556 0.05485156249999999 0.11813888888888889
0 0.8689609375 0.822111111111111 0.052578124999999996 0.1778888888888889
0 0.5456015625 0.8266944444444445 0.0337890625 0.15395833333333334
0 0.59121875 0.8290833333333334 0.05240625 0.173375
0 0.8596328124999999 0.6515138888888888 0.04603125 0.14868055555555554
0 0.9053359375 0.14866666666666667 0.0328203125 0.12045833333333333
0 0.10296093749999999 0.7761111111111111 0.056382812500000004 0.18116666666666667
0 0.8947109375 0.45951388888888894 0.048320312500000004 0.15562499999999999
0 0.38496874999999997 0.123 0.0253515625 0.11494444444444445
0 0.373859375 0.382875 0.035664062499999996 0.1487777777777778
0 0.371390625 0.9662083333333332 0.056437499999999995 0.06756944444444445
0 0.3168828125 0.34952777777777777 0.0323359375 0.09936111111111112
0 0.39840624999999996 0.28429166666666666 0.028609375 0.13066666666666665
0 0.5372656250000001 0.2805972222222222 0.037851562500000005 0.1462638888888889
0 0.31765625000000003 0.45734722222222224 0.056640625 0.16873611111111111
0 0.7016171875 0.04908333333333334 0.028968749999999998 0.09816666666666668
0 0.11358593749999998 0.9180694444444444 0.05846875 0.16386111111111112
0 0.7314375 0.091125 0.024109375 0.12555555555555556
0 0.5116875000000001 0.04669444444444444 0.0215859375 0.08522222222222223
0 0.9901875 0.21309722222222224 0.019625 0.11294444444444443
0 0.664546875 0.050402777777777776 0.0292890625 0.10080555555555555
0 0.9907578125000001 0.33755555555555555 0.018484375 0.12866666666666668
0 0.610375 0.06880555555555555 0.026773437500000004 0.1083611111111111
0 0.0219609375 0.5552916666666666 0.043921875 0.1775
0 0.238609375 0.01898611111111111 0.029703125000000004 0.03797222222222222
0 0.075828125 0.10116666666666667 0.03590625 0.09493055555555555
0 0.05915625 0.15911111111111112 0.0293359375 0.11790277777777777
0 0.45982812500000003 0.10648611111111111 0.030601562500000002 0.1252361111111111
0 0.4285546875 0.10363888888888889 0.024484375 0.11822222222222223
0 0.62590625 0.059930555555555556 0.023570312500000003 0.11572222222222221
0 0.8871640624999999 0.09398611111111112 0.025492187500000003 0.10402777777777779
0 0.48531250000000004 0.10040277777777779 0.02765625 0.12731944444444446
0 0.5715234375 0.015250000000000001 0.0310859375 0.030500000000000003
0 0.1919140625 0.5127777777777778 0.032859375 0.14620833333333333
0 0.9513046875000001 0.014666666666666668 0.0188984375 0.029333333333333336
0 0.133046875 0.034013888888888885 0.0372734375 0.06602777777777778
0 0.2272578125 0.46108333333333335 0.020867187500000002 0.056402777777777774
0 0.219296875 0.5324305555555556 0.0435 0.149875
0 0.8729296874999999 0.10261111111111111 0.023609375 0.11022222222222222
0 0.2536953125 0.5334027777777778 0.0466953125 0.1463611111111111
0 0.27065625 0.009055555555555555 0.0224921875 0.018027777777777778
0 0.0157265625 0.005291666666666667 0.0280078125 0.01011111111111111
0 0.6259140624999999 0.028305555555555553 0.0219453125 0.056611111111111105
