0 0.934390625 0.2758611111111111 0.0390625 0.13973611111111112
0 0.589421875 0.21090277777777777 0.02809375 0.10279166666666667
0 0.961734375 0.3705 0.04184375 0.14568055555555556
0 0.8787734374999999 0.8686111111111111 0.055984374999999996 0.19506944444444443
0 0.570125 0.5802916666666667 0.0396484375 0.16259722222222223
0 0.493140625 0.375625 0.036390624999999996 0.1342361111111111
0 0.6397578125 0.9140277777777778 0.053328125000000004 0.16730555555555554
0 0.8709921875 0.6880138888888889 0.048640625 0.16283333333333333
0 0.3853515625 0.11222222222222222 0.025828125 0.11533333333333334
0 0.3696484375 0.9436527777777777 0.061750000000000006 0.11269444444444444
0 0.5801640625 0.8468194444444445 0.044179687499999995 0.16352777777777777
0 0.8843125000000001 0.43926388888888884 0.04321875 0.14879166666666666
0 0.021492187500000003 0.560125 0.0429921875 0.19598611111111114
0 0.6225859375 0.05631944444444444 0.0260625 0.110375
0 0.54253125 0.8055972222222222 0.036539062500000004 0.17124999999999999
0 0.9057499999999999 0.1602638888888889 0.033984375 0.12172222222222222
0 0.7310703125 0.09081944444444444 0.024492187500000002 0.12944444444444445
0 0.989875 0.2223611111111111 0.02025 0.10777777777777776
0 0.7007890625 0.049444444444444444 0.0268984375 0.09887499999999999
0 0.628828125 0.32195833333333335 0.03184375 0.12504166666666666
0 0.39678125 0.26602777777777775 0.029921874999999997 0.12770833333333334
0 0.5346328125 0.28977777777777775 0.03990625 0.15479166666666666
0 0.087546875 0.09804166666666667 0.029578125 0.10036111111111112
0 0.11549218750000001 0.9250138888888889 0.0613984375 0.14995833333333333
0 0.37509375 0.3683472222222222 0.0404375 0.1579861111111111
0 0.0969609375 0.7948333333333333 0.061679687500000004 0.18924999999999997
0 0.3178046875 0.46994444444444444 0.0480390625 0.15644444444444444
0 0.6064921875 0.05983333333333333 0.025640625 0.11473611111111111
0 0.0563125 0.1592222222222222 0.026734374999999998 0.12383333333333332
0 0.5144921874999999 0.043986111111111115 0.0219375 0.08301388888888889
0 0.5898203125 0.016083333333333335 0.030875000000000003 0.03208333333333334
0 0.42835156249999995 0.102875 0.02734375 0.12083333333333333
0 0.8759921875 0.10363888888888889 0.0240078125 0.1077638888888889
0 0.486703125 0.10509722222222223 0.027921875000000002 0.118
0 0.8919218750000001 0.0943611111111111 0.0287109375 0.09709722222222222
0 0.3145078125 0.35244444444444445 0.0381796875 0.11331944444444444
0 0.9909531250000001 0.3577222222222222 0.01809375 0.10343055555555555
0 0.4590546875 0.10908333333333334 0.028304687499999998 0.11838888888888888
0 0.1320390625 0.037625 0.0375625 0.07304166666666667
0 0.22486718749999998 0.4584583333333333 0.024335937499999998 0.057861111111111106
0 0.1916875 0.5131944444444444 0.0342421875 0.1475
0 0.21746875000000002 0.5293055555555556 0.0469296875 0.1532361111111111
0 0.66221875 0.022347222222222223 0.020304687499999998 0.04461111111111111
0 0.2523828125 0.5231388888888889 0.04478125 0.1364861111111111
0 0.66078125 0.051083333333333335 0.0240078125 0.10030555555555555
0 0.6460078125 0.041541666666666664 0.018015625 0.07034722222222221
