0 0.4924921875 0.3857361111111111 0.036703124999999996 0.13354166666666667
0 0.569609375 0.5646944444444444 0.03915625 0.15281944444444445
0 0.9668828125 0.38158333333333333 0.044687500000000005 0.14666666666666667
0 0.88184375 0.43125 0.037601562500000005 0.14795833333333333
0 0.8833671875 0.8830833333333334 0.0561640625 0.19165277777777778
0 0.5752734375 0.8556388888888888 0.042828125 0.1639722222222222
0 0.9368046874999999 0.2810138888888889 0.036851562500000004 0.13798611111111111
0 0.5911875 0.2143611111111111 0.026773437500000004 0.10313888888888889
0 0.5411015625 0.7801944444444444 0.034453125 0.15255555555555556
0 0.3655390625 0.9353333333333335 0.068921875 0.12933333333333333
0 0.8765468750000001 0.7145 0.0491015625 0.17573611111111112
0 0.025453125 0.5784861111111111 0.050898437500000004 0.19013888888888889
0 0.6424765625 0.9065277777777778 0.0531484375 0.18693055555555557
0 0.09230468750000001 0.8105972222222222 0.056765625 0.1522638888888889
0 0.3830546875 0.10969444444444446 0.024781249999999998 0.11833333333333333
0 0.6123125 0.06108333333333333 0.0364296875 0.114
0 0.9055312499999999 0.16295833333333334 0.03690625 0.125
0 0.7311796875 0.0912361111111111 0.024773437500000002 0.12931944444444443
0 0.09769531249999999 0.09724999999999999 0.038109375 0.09694444444444444
0 0.629359375 0.31554166666666666 0.031968750000000004 0.13245833333333334
0 0.11578906250000001 0.9260555555555555 0.0695703125 0.147875
0 0.7001015625 0.049569444444444444 0.026937499999999996 0.09913888888888889
0 0.9898906249999999 0.22449999999999998 0.0202265625 0.10688888888888888
0 0.5339609375000001 0.3005833333333333 0.03815625 0.15130555555555555
0 0.3739765625 0.36211111111111116 0.0371953125 0.15469444444444444
0 0.0589609375 0.15738888888888888 0.02803125 0.11886111111111111
0 0.3940234375 0.26166666666666666 0.0318828125 0.13159722222222223
0 0.31559375 0.4907222222222222 0.04503125 0.164375
0 0.516859375 0.04338888888888889 0.02121875 0.08222222222222222
0 0.42709374999999994 0.10259722222222223 0.0255546875 0.11680555555555555
0 0.130515625 0.03925 0.0345390625 0.07545833333333334
0 0.459140625 0.10919444444444446 0.027859375 0.11579166666666667
0 0.8980859375 0.09240277777777778 0.0230546875 0.08733333333333333
0 0.486421875 0.1092638888888889 0.02809375 0.12115277777777779
0 0.9908203125 0.35938888888888887 0.018265625 0.08775
0 0.5941875 0.013555555555555555 0.03446875 0.027097222222222224
0 0.225 0.4577916666666667 0.02309375 0.058722222222222224
0 0.315140625 0.3705833333333333 0.0368828125 0.10827777777777776
0 0.1914765625 0.5131805555555555 0.034625 0.14725
0 0.8771015625 0.10475 0.019671875 0.10647222222222222
0 0.660265625 0.050291666666666665 0.021109375 0.09991666666666667
0 0.217390625 0.5294027777777778 0.046304687500000004 0.15266666666666667
0 0.2577421875 0.017166666666666667 0.025273437500000002 0.034333333333333334
0 0.2519921875 0.520875 0.042703124999999995 0.13351388888888888
0 0.6213359374999999 0.043194444444444445 0.025265625000000003 0.08638888888888889
0 0.8889765625000001 0.10413888888888889 0.0381484375 0.10827777777777776
0 0.6455 0.03961111111111111 0.019875 0.07075
0 0.90896875 0.13805555555555557 0.0360703125 0.06688888888888889
