0 0.9678359375 0.395125 0.045328125000000004 0.1535
0 0.492859375 0.3967638888888889 0.037093749999999995 0.14431944444444444
0 0.887515625 0.8917083333333333 0.057851562499999995 0.18976388888888887
0 0.5690234375000001 0.5616944444444445 0.040265625 0.15508333333333332
0 0.9358984375 0.28594444444444445 0.0365703125 0.1333611111111111
0 0.5394453125 0.7672777777777778 0.0335625 0.1470138888888889
0 0.0273671875 0.5809722222222222 0.054734375 0.1900416666666667
0 0.8819062499999999 0.42851388888888886 0.0393125 0.15783333333333333
0 0.5731171875000001 0.8748333333333334 0.050124999999999996 0.1713888888888889
0 0.6438984375000001 0.8913333333333333 0.0509296875 0.19279166666666667
0 0.88065625 0.7250555555555555 0.0498828125 0.17024999999999998
0 0.5909921875 0.2207777777777778 0.026109375 0.1057638888888889
0 0.0918203125 0.8286944444444444 0.057851562499999995 0.15979166666666667
0 0.9061796875000001 0.1643888888888889 0.037328125000000004 0.12251388888888888
0 0.3672421875 0.9240972222222222 0.0627734375 0.14468055555555556
0 0.6255625 0.3105972222222222 0.030609375 0.1277361111111111
0 0.5325546875 0.3046527777777778 0.035812500000000004 0.15254166666666666
0 0.381859375 0.10856944444444444 0.026492187499999997 0.12076388888888889
0 0.731 0.09187500000000001 0.024484375 0.12891666666666665
0 0.3736015625 0.3506388888888889 0.0362109375 0.14768055555555556
0 0.6121953125 0.058833333333333335 0.0391328125 0.11416666666666667
0 0.9896484375 0.23052777777777778 0.0206953125 0.11579166666666667
0 0.6989765625000001 0.050402777777777776 0.0273046875 0.09916666666666668
0 0.3949609375 0.257625 0.028875 0.12941666666666668
0 0.058773437500000004 0.15687500000000001 0.0286015625 0.12027777777777778
0 0.31321875 0.49890277777777775 0.0404140625 0.1597083333333333
0 0.10105468749999999 0.09848611111111111 0.0345546875 0.09768055555555555
0 0.130484375 0.039875 0.0360703125 0.07688888888888888
0 0.5176796875 0.03854166666666667 0.022171875 0.07708333333333334
0 0.11737500000000001 0.9317222222222222 0.0582421875 0.13654166666666667
0 0.8998437499999999 0.09361111111111112 0.0239375 0.08676388888888889
0 0.8772265625 0.1062361111111111 0.022375 0.11238888888888889
0 0.4270546875 0.10276388888888888 0.025289062499999997 0.11649999999999999
0 0.458890625 0.1092777777777778 0.0266796875 0.11447222222222223
0 0.4871484375 0.11222222222222222 0.026320312499999998 0.11788888888888888
0 0.314671875 0.3797638888888889 0.0348046875 0.12034722222222223
0 0.261296875 0.016416666666666666 0.027476562500000003 0.03284722222222222
0 0.2251015625 0.45731944444444445 0.023125 0.059500000000000004
0 0.19103125 0.513375 0.034499999999999996 0.14729166666666665
0 0.218265625 0.5315833333333333 0.044640625 0.15097222222222223
0 0.6610625 0.04977777777777778 0.0185234375 0.09913888888888889
0 0.9507578125 0.013888888888888888 0.02065625 0.027722222222222224
0 0.6459374999999999 0.038625 0.022570312500000002 0.0685
0 0.9945546875 0.36513888888888885 0.0108984375 0.08379166666666667
0 0.2517265625 0.5217638888888889 0.043484375 0.13227777777777777
0 0.9908906249999999 0.37236111111111114 0.018226562499999998 0.11545833333333333
0 0.59325 0.028027777777777776 0.0228046875 0.05605555555555555
