0 0.4931953125 0.40779166666666666 0.036851562500000004 0.14251388888888888
0 0.9705 0.40613888888888894 0.043578125 0.15311111111111111
0 0.5681796875 0.553861111111111 0.040078125 0.1607777777777778
0 0.8916875 0.9099166666666666 0.059125000000000004 0.1748888888888889
0 0.567984375 0.8889583333333333 0.0503828125 0.16416666666666668
0 0.8777265625 0.42354166666666665 0.04121875 0.16669444444444445
0 0.625109375 0.29530555555555554 0.030890624999999998 0.12552777777777777
0 0.6431484375000001 0.8657777777777778 0.050992187499999994 0.18945833333333334
0 0.886546875 0.7466944444444444 0.0487578125 0.15708333333333332
0 0.5926484375000001 0.22881944444444444 0.0251875 0.10476388888888889
0 0.379953125 0.09645833333333334 0.0265859375 0.11701388888888889
0 0.61025 0.05438888888888888 0.0347890625 0.10430555555555555
0 0.028703125000000003 0.589375 0.057414062499999995 0.1824861111111111
0 0.39190625 0.24376388888888886 0.0289921875 0.121625
0 0.37040625 0.9114027777777778 0.056523437499999996 0.17084722222222223
0 0.936375 0.3006111111111111 0.0378828125 0.1404027777777778
0 0.9102734375000001 0.175 0.0350234375 0.126875
0 0.30857812500000004 0.5083888888888889 0.040421875 0.15255555555555556
0 0.73084375 0.09240277777777778 0.0238515625 0.1290277777777778
0 0.12989062499999998 0.041930555555555554 0.030320312500000002 0.08069444444444444
0 0.104453125 0.09597222222222221 0.0283828125 0.09847222222222222
0 0.5396796875 0.759875 0.034937499999999996 0.164625
0 0.0887734375 0.855013888888889 0.056703125 0.18656944444444445
0 0.1178203125 0.9442361111111112 0.0584921875 0.10416666666666667
0 0.5315703125 0.3085 0.0365625 0.14665277777777777
0 0.37603125 0.33952777777777776 0.033937499999999995 0.14544444444444443
0 0.9893203125 0.23780555555555555 0.021359375 0.11511111111111111
0 0.69746875 0.051013888888888886 0.024335937499999998 0.09866666666666668
0 0.4883125 0.11659722222222223 0.024515625 0.11195833333333333
0 0.520015625 0.03679166666666667 0.0273359375 0.07358333333333333
0 0.058515625 0.15831944444444443 0.028484375 0.11893055555555555
0 0.8774921875 0.11269444444444444 0.02659375 0.10356944444444444
0 0.31565625 0.3916944444444444 0.03553125 0.13616666666666669
0 0.42781250000000004 0.10269444444444444 0.0266171875 0.11719444444444443
0 0.458515625 0.10729166666666666 0.0280859375 0.11919444444444444
0 0.224296875 0.45875 0.02403125 0.060111111111111115
0 0.9013828125 0.10331944444444445 0.0244375 0.09311111111111112
0 0.9490859374999999 0.012430555555555554 0.025078125 0.024833333333333332
0 0.6546875 0.04729166666666666 0.022890625 0.09458333333333332
0 0.19036718749999998 0.5130972222222222 0.033265625 0.14516666666666667
0 0.21833593750000002 0.5320833333333334 0.04340625 0.15145833333333333
0 0.901375 0.7205694444444444 0.0203359375 0.10816666666666666
0 0.25020312499999997 0.523625 0.0398515625 0.1329861111111111
0 0.2657578125 0.012541666666666666 0.02425 0.02454166666666667
0 0.6323984375 0.03861111111111111 0.017945312499999998 0.06938888888888889
