0 0.49305468750000003 0.4093611111111111 0.0372578125 0.14369444444444443
0 0.9708046875 0.40631944444444446 0.0438671875 0.15052777777777776
0 0.8945078125 0.9126111111111112 0.05842968750000001 0.17477777777777778
0 0.5681953125 0.5514305555555555 0.0405703125 0.16109722222222222
0 0.8875078125 0.743013888888889 0.048703125 0.14956944444444445
0 0.5662578125 0.8925833333333333 0.0485546875 0.1630138888888889
0 0.6251562500000001 0.2941388888888889 0.030867187499999997 0.12444444444444444
0 0.6438906249999999 0.8645972222222222 0.049875 0.19441666666666665
0 0.5931015625 0.22974999999999998 0.02515625 0.10395833333333332
0 0.0271015625 0.5947916666666667 0.0542109375 0.17393055555555556
0 0.3805234375 0.09508333333333333 0.0268359375 0.11644444444444445
0 0.39158593750000004 0.24284722222222221 0.029843750000000002 0.12272222222222222
0 0.910203125 0.17531944444444444 0.0346796875 0.12283333333333334
0 0.9371484375 0.30218055555555556 0.0378359375 0.13969444444444445
0 0.8773203125 0.42043055555555553 0.0401328125 0.1601388888888889
0 0.3710390625 0.9075972222222223 0.057328124999999994 0.18366666666666667
0 0.118296875 0.9508194444444444 0.056640625 0.09836111111111111
0 0.6091484375 0.05373611111111111 0.0333046875 0.10268055555555557
0 0.730734375 0.09268055555555556 0.023421875 0.12856944444444443
0 0.3117890625 0.5047638888888889 0.0413984375 0.1502638888888889
0 0.5315078125 0.3130555555555556 0.037328125000000004 0.1498611111111111
0 0.1296171875 0.042611111111111113 0.030382812500000002 0.08215277777777777
0 0.104171875 0.09629166666666666 0.02359375 0.0968611111111111
0 0.6971093749999999 0.05063888888888889 0.0241953125 0.09824999999999999
0 0.5395859375 0.7567083333333334 0.0352734375 0.16570833333333335
0 0.3756484375 0.3375972222222222 0.03396875 0.1442361111111111
0 0.08809375 0.8609166666666667 0.05840625000000001 0.18266666666666667
0 0.48809375 0.11784722222222221 0.025062499999999998 0.11373611111111111
0 0.0584609375 0.15741666666666668 0.0290859375 0.121125
0 0.9883749999999999 0.23877777777777776 0.023015625 0.11883333333333333
0 0.5201640624999999 0.035819444444444445 0.02303125 0.07163888888888889
0 0.87759375 0.11275 0.0268515625 0.10490277777777778
0 0.427828125 0.10275000000000001 0.026976562500000002 0.11777777777777777
0 0.31565625 0.3919722222222223 0.0353515625 0.13748611111111111
0 0.2251875 0.45822222222222225 0.023546875000000002 0.05820833333333333
0 0.458484375 0.10923611111111112 0.025484374999999997 0.11376388888888889
0 0.9481328124999999 0.012319444444444444 0.0226328125 0.024652777777777777
0 0.90159375 0.10454166666666666 0.0256953125 0.10051388888888889
0 0.1905234375 0.5129583333333333 0.033710937499999996 0.1450138888888889
0 0.2701953125 0.011458333333333333 0.020015625000000002 0.02259722222222222
0 0.2185546875 0.5323055555555556 0.0429921875 0.15159722222222222
0 0.6541015625 0.03905555555555556 0.02190625 0.07579166666666667
0 0.6604453125 0.048874999999999995 0.0163828125 0.09379166666666666
0 0.25085156249999996 0.5239444444444444 0.039828125 0.13430555555555557
0 0.6327265625 0.03797222222222222 0.018015625 0.07143055555555555
0 0.6400234375 0.03677777777777778 0.0156875 0.07354166666666667
0 0.6463593750000001 0.035736111111111114 0.020148437499999998 0.06918055555555556
