0 0.5669453125 0.5209861111111111 0.039453125 0.146875
0 0.593265625 0.24116666666666664 0.030195312499999998 0.11031944444444446
0 0.49361718750000005 0.4170694444444445 0.0372890625 0.14102777777777778
0 0.0819765625 0.9031388888888888 0.05571875 0.19373611111111114
0 0.93534375 0.3180138888888889 0.0413984375 0.14502777777777778
0 0.871109375 0.3967638888888889 0.0391953125 0.14583333333333334
0 0.3919453125 0.23343055555555556 0.030257812499999998 0.11761111111111112
0 0.898609375 0.7877777777777778 0.055640625 0.18334722222222222
0 0.9097109375000001 0.18009722222222221 0.0349765625 0.11948611111111111
0 0.6432578125 0.8229305555555555 0.049921875 0.19416666666666668
0 0.9776328124999999 0.42165277777777777 0.044734375 0.15109722222222224
0 0.3808828125 0.08559722222222223 0.02328125 0.11280555555555555
0 0.5404687499999999 0.7185416666666667 0.0315546875 0.147
0 0.9006328124999999 0.9212638888888888 0.060671875 0.15090277777777777
0 0.5306015625 0.32908333333333334 0.0382734375 0.15225
0 0.5562265625 0.9171111111111112 0.0442890625 0.16477777777777777
0 0.0401875 0.6132916666666667 0.06754687499999999 0.1695
0 0.625328125 0.2919583333333333 0.030421874999999998 0.11925
0 0.37024218750000004 0.897 0.05621875 0.2032777777777778
0 0.3122734375 0.5252638888888889 0.049796875000000004 0.16718055555555555
0 0.376171875 0.32718055555555553 0.0326171875 0.14450000000000002
0 0.7289609375 0.09288888888888888 0.0228984375 0.12740277777777778
0 0.989265625 0.2431388888888889 0.02146875 0.1197361111111111
0 0.1302890625 0.044069444444444446 0.028484375 0.08526388888888889
0 0.6022109375 0.04890277777777778 0.02578125 0.09406944444444446
0 0.48795312500000004 0.12256944444444444 0.0256953125 0.12569444444444444
0 0.4280390625 0.10313888888888889 0.024890625 0.11777777777777777
0 0.5223046874999999 0.033263888888888885 0.0227265625 0.06652777777777777
0 0.8816328125 0.12097222222222222 0.0263046875 0.10125
0 0.3150546875 0.400375 0.0362578125 0.11797222222222221
0 0.05425 0.1615138888888889 0.03178125 0.12788888888888889
0 0.1213671875 0.09511111111111112 0.031078125 0.09334722222222222
0 0.12955468750000002 0.9558472222222223 0.04890625 0.08829166666666667
0 0.22405468750000002 0.4579305555555555 0.024281249999999997 0.05709722222222222
0 0.45852343749999996 0.10855555555555554 0.025140625 0.11568055555555556
0 0.690609375 0.04758333333333333 0.0228046875 0.09516666666666666
0 0.21767187500000001 0.5309722222222223 0.045164062500000005 0.15205555555555555
0 0.9465859375000001 0.01186111111111111 0.0212265625 0.02352777777777778
0 0.6514765625 0.03602777777777778 0.0234765625 0.07206944444444445
0 0.9040625 0.10325000000000001 0.033523437499999996 0.09081944444444444
0 0.19071875 0.5121666666666667 0.0356171875 0.1447638888888889
0 0.2511953125 0.522375 0.041765625 0.1329027777777778
0 0.6595859374999999 0.06884722222222223 0.017093749999999998 0.05519444444444445
0 0.0063046875 0.9345416666666667 0.0123203125 0.13093055555555555
0 0.6144765624999999 0.043555555555555556 0.029640624999999997 0.08711111111111111
0 0.1133515625 0.9467638888888888 0.08527343750000001 0.09958333333333334
0 0.892640625 0.11454166666666667 0.0477421875 0.11063888888888888
