0 0.5926484375000001 0.24834722222222222 0.0306953125 0.11172222222222222
0 0.567125 0.5164861111111111 0.0406796875 0.15088888888888888
0 0.0801484375 0.9069444444444444 0.056359375 0.18612499999999998
0 0.9352578125000001 0.32343055555555555 0.0423671875 0.1483888888888889
0 0.49284375 0.42424999999999996 0.03725 0.14388888888888887
0 0.64340625 0.807625 0.0498984375 0.18445833333333334
0 0.9099296875 0.17975 0.033671875000000004 0.11186111111111112
0 0.3915 0.23004166666666667 0.0322890625 0.12020833333333333
0 0.381171875 0.08516666666666667 0.023921875000000002 0.11438888888888889
0 0.9001796875 0.8002499999999999 0.057414062499999995 0.17356944444444444
0 0.8681484375 0.3924583333333333 0.0420625 0.14581944444444445
0 0.9029296875 0.9374722222222223 0.0591796875 0.12505555555555556
0 0.311734375 0.5306527777777778 0.0465859375 0.15969444444444444
0 0.0406640625 0.6208888888888889 0.06428125 0.18070833333333336
0 0.5295078125 0.331 0.0393125 0.150625
0 0.6234140625 0.287 0.030382812500000002 0.12140277777777778
0 0.976609375 0.4257361111111111 0.0467890625 0.1486111111111111
0 0.369625 0.8847083333333333 0.0538125 0.19969444444444445
0 0.5398125 0.713625 0.03303125 0.1472638888888889
0 0.729375 0.09077777777777778 0.022765625 0.13016666666666665
0 0.553671875 0.9161527777777778 0.042148437500000004 0.15590277777777778
0 0.125359375 0.957486111111111 0.0550546875 0.08502777777777777
0 0.9897031249999999 0.2466388888888889 0.020585937500000002 0.12091666666666667
0 0.3761875 0.31637499999999996 0.0319296875 0.13891666666666666
0 0.5994843750000001 0.04856944444444444 0.023625 0.09351388888888888
0 0.3136953125 0.40841666666666665 0.0356796875 0.11736111111111111
0 0.1294453125 0.043541666666666666 0.028210937499999998 0.08398611111111111
0 0.4886640625 0.12424999999999999 0.026984374999999998 0.1299722222222222
0 0.12235156250000001 0.09470833333333332 0.0331796875 0.08973611111111111
0 0.22364062499999998 0.4568611111111111 0.0244140625 0.05656944444444444
0 0.4280234375 0.10209722222222223 0.025625 0.11768055555555557
0 0.5261484375000001 0.03180555555555555 0.023640625000000002 0.0636111111111111
0 0.651 0.033513888888888885 0.02415625 0.06704166666666667
0 0.8844453124999999 0.12130555555555556 0.027796875 0.10166666666666667
0 0.0579609375 0.15766666666666665 0.0310546875 0.12268055555555556
0 0.4570625 0.10972222222222222 0.026289062499999998 0.11905555555555555
0 0.21880468749999998 0.5306111111111111 0.0422890625 0.15065277777777777
0 0.1900625 0.5118611111111111 0.034499999999999996 0.14223611111111112
0 0.9458359375000001 0.011819444444444445 0.0204921875 0.02340277777777778
0 0.65859375 0.05830555555555555 0.0197890625 0.073125
0 0.630859375 0.035805555555555556 0.0210546875 0.06909722222222223
0 0.6930625 0.03895833333333333 0.02065625 0.07791666666666666
0 0.249984375 0.520888888888889 0.0375625 0.127875
0 0.6172109375 0.042777777777777776 0.0322890625 0.08555555555555555
0 0.0057421875 0.9319722222222222 0.011203125 0.13605555555555554
0 0.64153125 0.036069444444444446 0.025765624999999997 0.07213888888888889
0 0.9016015625 0.11591666666666665 0.038453125 0.11113888888888888
