0 0.4916171875 0.4389722222222222 0.035914062499999996 0.14158333333333334
0 0.5936640625 0.25477777777777777 0.0287421875 0.11120833333333333
0 0.5685390625 0.5059166666666667 0.038656249999999996 0.1555138888888889
0 0.9113359375 0.8228611111111112 0.0566328125 0.184625
0 0.07467968750000001 0.9173333333333333 0.059046875 0.16243055555555555
0 0.9352421874999999 0.33622222222222226 0.0423359375 0.14705555555555555
0 0.9092578124999999 0.9520277777777778 0.060640625000000004 0.09593055555555555
0 0.3678671875 0.8675138888888889 0.06314062499999999 0.22412500000000002
0 0.38128125 0.07604166666666666 0.023875 0.11040277777777777
0 0.8634453125 0.38369444444444445 0.040281250000000005 0.15240277777777778
0 0.526671875 0.33587500000000003 0.0390390625 0.14595833333333333
0 0.645140625 0.7834166666666665 0.0516953125 0.20443055555555556
0 0.729375 0.09258333333333332 0.020359375 0.12476388888888888
0 0.04425 0.6288055555555556 0.053570312499999995 0.1775
0 0.980609375 0.43490277777777775 0.038328125000000005 0.15083333333333332
0 0.62365625 0.27069444444444446 0.030398437499999997 0.11998611111111111
0 0.3889140625 0.2117638888888889 0.0280625 0.11544444444444445
0 0.3107421875 0.5426666666666667 0.047546875 0.15254166666666666
0 0.5407031250000001 0.7030694444444444 0.0350546875 0.15520833333333334
0 0.6008515625 0.04506944444444445 0.03071875 0.08595833333333333
0 0.545 0.9260138888888889 0.0438125 0.14304166666666665
0 0.130453125 0.04565277777777777 0.0283828125 0.08840277777777777
0 0.9098359374999999 0.1892361111111111 0.035953125 0.12844444444444444
0 0.48948437499999997 0.1299861111111111 0.024453125 0.12679166666666666
0 0.98971875 0.2569444444444444 0.0205703125 0.1224861111111111
0 0.12366406249999999 0.9701944444444444 0.05103124999999999 0.059611111111111115
0 0.3754140625 0.30504166666666666 0.030984374999999998 0.14204166666666665
0 0.5284296875 0.028694444444444446 0.0225625 0.05738888888888889
0 0.0542578125 0.16108333333333333 0.032953125 0.12211111111111111
0 0.684546875 0.06570833333333334 0.02603125 0.06327777777777778
0 0.3128046875 0.42070833333333335 0.0369296875 0.12516666666666668
0 0.224453125 0.45643055555555556 0.025242187500000002 0.06116666666666667
0 0.45723437499999997 0.10694444444444444 0.02734375 0.120625
0 0.8913203125000001 0.11834722222222221 0.028335937500000002 0.11411111111111111
0 0.42846093749999997 0.10063888888888887 0.025437500000000002 0.11930555555555557
0 0.6901640625 0.02338888888888889 0.0226328125 0.04677777777777778
0 0.21890625 0.52975 0.0431953125 0.14923611111111112
0 0.9867890625 0.014319444444444445 0.024515625 0.028305555555555553
0 0.190453125 0.5121805555555555 0.034664062499999995 0.14283333333333334
0 0.946296875 0.011388888888888888 0.0200078125 0.022416666666666668
0 0.649625 0.03231944444444444 0.0256640625 0.06465277777777777
0 0.6560390625 0.06388888888888888 0.0167890625 0.05379166666666666
0 0.62821875 0.04754166666666666 0.019609375000000002 0.04768055555555555
0 0.005265625 0.8802361111111111 0.010312499999999999 0.1254861111111111
0 0.2503359375 0.5206805555555556 0.0363203125 0.1270138888888889
0 0.91209375 0.11933333333333333 0.0319140625 0.12013888888888889
0 0.55478125 0.9811805555555556 0.03053125 0.037625
0 0.128 0.09612499999999999 0.0235078125 0.08349999999999999
