0 0.567984375 0.44379166666666664 0.03659375 0.1404027777777778
0 0.4927265625 0.47875 0.038242187500000004 0.14072222222222222
0 0.6541953125 0.6790555555555555 0.0446171875 0.16229166666666667
0 0.386671875 0.176875 0.029328125 0.10418055555555557
0 0.3010390625 0.46022222222222225 0.034999999999999996 0.12098611111111111
0 0.599890625 0.29094444444444445 0.029828125 0.11294444444444443
0 0.8483359374999999 0.333375 0.03603125 0.14194444444444446
0 0.9506796874999999 0.9214861111111111 0.0711875 0.15116666666666667
0 0.5983125 0.032125 0.040304687500000005 0.06425
0 0.544171875 0.614638888888889 0.02759375 0.14002777777777778
0 0.9440703125000001 0.37297222222222226 0.0436640625 0.14434722222222224
0 0.3748046875 0.26055555555555554 0.0325078125 0.13830555555555554
0 0.620078125 0.2415 0.03025 0.12000000000000001
0 0.729515625 0.08888888888888889 0.0203359375 0.12513888888888888
0 0.301875 0.6012361111111111 0.0478125 0.15644444444444444
0 0.490046875 0.15836111111111112 0.026375 0.12251388888888888
0 0.0566171875 0.9758194444444445 0.057999999999999996 0.04836111111111111
0 0.521109375 0.3775833333333333 0.0379609375 0.1557361111111111
0 0.5260625 0.9736527777777777 0.053031249999999995 0.05269444444444444
0 0.42777343749999996 0.09069444444444444 0.0227109375 0.11783333333333333
0 0.0711484375 0.6888055555555556 0.061703125000000004 0.1828611111111111
0 0.3823828125 0.7752083333333333 0.0545625 0.22605555555555554
0 0.45707812499999995 0.09669444444444444 0.028218749999999997 0.1197361111111111
0 0.378453125 0.05275 0.0222421875 0.10040277777777779
0 0.12532812499999998 0.05470833333333333 0.0296015625 0.10658333333333332
0 0.9091640625 0.22040277777777778 0.037671875 0.12805555555555556
0 0.6784765625 0.04595833333333334 0.033421875000000004 0.08959722222222223
0 0.9265000000000001 0.12156944444444445 0.024140625 0.092125
0 0.053031249999999995 0.156625 0.0336796875 0.12184722222222223
0 0.1896640625 0.5086527777777778 0.0342421875 0.13897222222222222
0 0.1631328125 0.07856944444444444 0.026500000000000003 0.09643055555555556
0 0.2493828125 0.5140972222222222 0.030921874999999998 0.13394444444444445
0 0.9912109375 0.2828055555555556 0.017585937500000003 0.11819444444444444
0 0.9004375 0.13411111111111113 0.026484374999999998 0.09915277777777778
0 0.6471171874999999 0.034999999999999996 0.0239453125 0.07001388888888889
0 0.99375 0.01838888888888889 0.012296875 0.03679166666666667
0 0.22010156250000001 0.5261944444444444 0.0400703125 0.15294444444444444
0 0.22214062499999998 0.45618055555555553 0.025390625 0.05545833333333333
0 0.5026953125 0.01423611111111111 0.019078125 0.028416666666666666
0 0.94609375 0.010027777777777778 0.019234375 0.01963888888888889
0 0.539578125 0.021097222222222222 0.020171875 0.042055555555555554
0 0.991375 0.509 0.0172578125 0.09534722222222224
0 0.62315625 0.03780555555555555 0.02859375 0.06861111111111111
