0 0.5686875 0.4238194444444444 0.03484375 0.14583333333333334
0 0.9412968749999999 0.40862499999999996 0.044546875 0.15393055555555554
0 0.3748203125 0.7270555555555556 0.056203125 0.19998611111111111
0 0.48981250000000004 0.5096388888888889 0.03896875 0.14684722222222224
0 0.294875 0.48133333333333334 0.0342578125 0.12552777777777777
0 0.297140625 0.622 0.044546875 0.159125
0 0.49154687499999994 0.1715972222222222 0.0250546875 0.12308333333333334
0 0.60465625 0.30918055555555557 0.0260625 0.1092777777777778
0 0.07943750000000001 0.7177222222222223 0.05304687500000001 0.17672222222222222
0 0.42869531250000004 0.08955555555555555 0.025609375 0.11425
0 0.589140625 0.026055555555555557 0.0241328125 0.052125000000000005
0 0.515453125 0.3978055555555556 0.040257812500000004 0.15816666666666665
0 0.3865078125 0.16452777777777777 0.0261171875 0.11588888888888889
0 0.8410234375 0.31366666666666665 0.0396171875 0.14168055555555556
0 0.45717968750000004 0.09479166666666666 0.0285546875 0.120375
0 0.6591875 0.6382638888888889 0.0438203125 0.1683472222222222
0 0.5450703125 0.5856111111111111 0.030546875 0.144375
0 0.3738125 0.24197222222222223 0.030875000000000003 0.13451388888888888
0 0.0503046875 0.15854166666666666 0.0293203125 0.12198611111111111
0 0.729890625 0.08954166666666666 0.0198515625 0.12559722222222222
0 0.37715624999999997 0.045263888888888895 0.022640625 0.08672222222222221
0 0.6700468749999999 0.04451388888888889 0.021249999999999998 0.08576388888888889
0 0.1258671875 0.05668055555555556 0.0333203125 0.11336111111111112
0 0.17765625000000002 0.07725 0.0231875 0.09669444444444444
0 0.971671875 0.9654722222222222 0.05665625 0.06905555555555555
0 0.6165625 0.21729166666666666 0.0288828125 0.09886111111111112
0 0.18949218750000002 0.5095833333333333 0.033437499999999995 0.13979166666666668
0 0.7126406249999999 0.017055555555555553 0.0242265625 0.034111111111111106
0 0.22052343749999997 0.5275833333333334 0.0408828125 0.14963888888888888
0 0.2496640625 0.5151805555555555 0.030570312500000002 0.13025
0 0.9917578125000001 0.3058888888888889 0.016484375000000002 0.11538888888888889
0 0.2221328125 0.45549999999999996 0.025734374999999997 0.057930555555555555
0 0.5431171875 0.014013888888888888 0.015492187499999999 0.028027777777777776
0 0.928734375 0.13669444444444445 0.026695312500000002 0.10605555555555556
0 0.9087421875 0.2596805555555556 0.0333515625 0.07193055555555555
0 0.9940234374999999 0.020805555555555556 0.011953125 0.04161111111111111
0 0.9460625 0.01025 0.01771875 0.020166666666666666
0 0.5015859375 0.01661111111111111 0.01859375 0.03322222222222222
0 0.6413046875 0.04011111111111111 0.027328124999999998 0.08020833333333334
0 0.910578125 0.19531944444444443 0.03503125 0.07669444444444444
0 0.5201640624999999 0.014361111111111111 0.015085937499999999 0.028652777777777777
0 0.6196484375 0.036375000000000005 0.025742187500000003 0.07131944444444445
0 0.9154687499999999 0.12808333333333333 0.0268125 0.08283333333333333
0 0.6105859375 0.028402777777777777 0.0217109375 0.056805555555555554
