0 0.832984375 0.28152777777777777 0.0353828125 0.14266666666666666
0 0.6105078125000001 0.33879166666666666 0.029179687500000002 0.11229166666666666
0 0.6638124999999999 0.5718055555555556 0.04334375 0.15668055555555555
0 0.5686875 0.3824305555555556 0.033765625 0.14076388888888888
0 0.6177343750000001 0.19783333333333333 0.029109375 0.11365277777777777
0 0.490703125 0.19091666666666668 0.0258359375 0.12169444444444445
0 0.37126562500000004 0.2074861111111111 0.031507812499999996 0.13161111111111112
0 0.09525781250000001 0.7741388888888889 0.0514140625 0.17830555555555555
0 0.382046875 0.6586666666666667 0.05171875 0.19005555555555556
0 0.2918984375 0.5150138888888889 0.0369765625 0.1319722222222222
0 0.38540625 0.131625 0.026484374999999998 0.10408333333333333
0 0.955671875 0.44413888888888886 0.0445234375 0.16001388888888887
0 0.2979375 0.6710138888888889 0.0474609375 0.16169444444444445
0 0.5500078125 0.5286111111111111 0.027359375000000002 0.1365972222222222
0 0.5108671874999999 0.4287916666666667 0.03903125 0.15781944444444443
0 0.4356171875 0.07795833333333334 0.024421875000000003 0.11675
0 0.49525781249999995 0.5493194444444445 0.0402265625 0.1500138888888889
0 0.7328515624999999 0.08584722222222223 0.0265859375 0.12765277777777778
0 0.45621875 0.08077777777777777 0.029249999999999998 0.11220833333333334
0 0.1243203125 0.06768055555555555 0.0409609375 0.12306944444444444
0 0.05115625 0.15640277777777778 0.0299375 0.12231944444444444
0 0.2234921875 0.44981944444444444 0.028304687499999998 0.06979166666666667
0 0.3793984375 0.03186111111111111 0.0207578125 0.06372222222222222
0 0.9170468749999999 0.24468055555555554 0.041421875000000004 0.13736111111111113
0 0.2503515625 0.5085277777777778 0.031156250000000003 0.12788888888888889
0 0.5937734375 0.016125 0.0195 0.03223611111111111
0 0.6625625 0.03765277777777778 0.0251953125 0.07530555555555556
0 0.5017890625 0.021375 0.0194375 0.04275
0 0.20465624999999998 0.07043055555555555 0.022046875 0.09477777777777777
0 0.22032812499999999 0.5245416666666667 0.0419296875 0.15034722222222222
0 0.1906015625 0.502375 0.034328125 0.14368055555555556
0 0.52190625 0.018597222222222223 0.02078125 0.03720833333333333
0 0.6356953125 0.03754166666666667 0.028953125000000003 0.07508333333333334
0 0.9441875 0.15520833333333334 0.028414062499999997 0.11816666666666667
0 0.6146796875 0.037472222222222226 0.0243125 0.07243055555555555
0 0.7475390625 0.01411111111111111 0.03553125 0.028236111111111108
0 0.9467187499999999 0.007708333333333333 0.020109375 0.015125000000000001
0 0.5462734375 0.00823611111111111 0.01490625 0.016166666666666666
0 0.6159609374999999 0.012930555555555556 0.0197109375 0.025847222222222223
0 0.9270781250000001 0.15031944444444445 0.024656249999999998 0.10138888888888889
