0 0.832359375 0.2750277777777778 0.0352265625 0.13704166666666667
0 0.6116718750000001 0.33987500000000004 0.0283125 0.10980555555555556
0 0.568984375 0.3748194444444444 0.03371875 0.13772222222222222
0 0.2919921875 0.5190277777777778 0.037765625000000004 0.12713888888888888
0 0.6648125 0.5632083333333333 0.041546875 0.15588888888888888
0 0.38575 0.13004166666666667 0.026937499999999996 0.10511111111111113
0 0.4908359375 0.19170833333333334 0.0275625 0.11786111111111111
0 0.49582812499999995 0.5518888888888889 0.040078125 0.15031944444444445
0 0.382234375 0.6558333333333333 0.051453125 0.19755555555555557
0 0.61746875 0.19686111111111113 0.029078125 0.11548611111111112
0 0.0972421875 0.7752499999999999 0.052609375 0.17729166666666668
0 0.9556328125 0.4446805555555556 0.0478984375 0.15606944444444446
0 0.299578125 0.6773888888888889 0.047171875 0.15955555555555556
0 0.37189843749999996 0.20111111111111113 0.028726562500000004 0.12825
0 0.5503125 0.5226805555555555 0.027640625000000002 0.13905555555555557
0 0.5108203125 0.43577777777777776 0.03878125 0.15505555555555556
0 0.43629687500000003 0.07626388888888888 0.0244453125 0.11605555555555556
0 0.7318125 0.08575 0.023375 0.12581944444444446
0 0.45697656249999996 0.07406944444444444 0.0295234375 0.1097638888888889
0 0.051070312500000006 0.15613888888888888 0.0300625 0.12144444444444444
0 0.1241328125 0.06763888888888889 0.0396171875 0.12323611111111112
0 0.20790625000000001 0.07133333333333333 0.018671874999999998 0.09745833333333334
0 0.2234296875 0.4482638888888889 0.028187499999999997 0.06852777777777778
0 0.3803984375 0.031013888888888886 0.02025 0.06202777777777777
0 0.9463515625 0.15687500000000001 0.027625 0.11745833333333332
0 0.190953125 0.5043055555555556 0.032453125 0.14345833333333335
0 0.5015468750000001 0.02276388888888889 0.0203203125 0.04554166666666667
0 0.25036718750000003 0.5081805555555555 0.0313671875 0.12780555555555556
0 0.6620625 0.03772222222222222 0.02609375 0.07543055555555556
0 0.7463203125 0.013680555555555555 0.0299375 0.027347222222222224
0 0.22028124999999998 0.5241944444444445 0.0416640625 0.1489861111111111
0 0.52259375 0.020944444444444446 0.0217578125 0.041874999999999996
0 0.9178515624999999 0.22447222222222224 0.042249999999999996 0.2007638888888889
0 0.5941171875 0.01573611111111111 0.01834375 0.03147222222222222
0 0.6351328125 0.03983333333333333 0.028499999999999998 0.07819444444444444
0 0.614875 0.03766666666666667 0.0247578125 0.07323611111111111
0 0.9468359375000001 0.007500000000000001 0.0200390625 0.014680555555555556
0 0.5465234375 0.007513888888888889 0.0163828125 0.01473611111111111
