0 0.832390625 0.27169444444444446 0.035476562499999996 0.13855555555555557
0 0.5684375 0.367375 0.034398437500000004 0.13576388888888888
0 0.612296875 0.34355555555555556 0.028648437500000002 0.1115138888888889
0 0.3863671875 0.12908333333333333 0.027437499999999997 0.10834722222222223
0 0.49604687500000005 0.55625 0.040328125 0.149875
0 0.6168125 0.1909861111111111 0.029562500000000002 0.11359722222222222
0 0.2915 0.5219444444444444 0.0381484375 0.13405555555555554
0 0.6648984375 0.5594166666666667 0.0421796875 0.15795833333333334
0 0.956984375 0.44730555555555557 0.047093750000000004 0.15341666666666665
0 0.49000781250000003 0.19681944444444446 0.0260625 0.1208611111111111
0 0.10235156249999999 0.7812777777777777 0.061265625000000004 0.18372222222222223
0 0.38259375 0.6480138888888889 0.0527890625 0.20827777777777778
0 0.3726171875 0.19619444444444442 0.030148437500000003 0.12779166666666666
0 0.3003203125 0.6838888888888889 0.04625 0.15875
0 0.43675781249999995 0.07326388888888889 0.0239140625 0.11320833333333334
0 0.4578203125 0.072625 0.0285703125 0.10858333333333334
0 0.51078125 0.43569444444444444 0.0396484375 0.15334722222222222
0 0.7323593749999999 0.08444444444444445 0.024 0.12704166666666666
0 0.5498671875000001 0.5192916666666666 0.028484375 0.13891666666666666
0 0.753515625 0.013583333333333333 0.035125 0.027125000000000003
0 0.12438281250000001 0.06873611111111111 0.041609375 0.1252777777777778
0 0.0511328125 0.15595833333333334 0.0298828125 0.12026388888888889
0 0.5014375 0.023500000000000004 0.0206875 0.04700000000000001
0 0.2132734375 0.06901388888888889 0.0241328125 0.09556944444444444
0 0.947078125 0.15734722222222222 0.028367187500000002 0.1211388888888889
0 0.38059375 0.029069444444444443 0.021484375 0.058125
0 0.191140625 0.5033055555555556 0.0328359375 0.14622222222222223
0 0.6616015625 0.03766666666666667 0.0266015625 0.07533333333333334
0 0.2233203125 0.4502361111111111 0.027109375 0.06798611111111111
0 0.5230703125 0.021194444444444443 0.02153125 0.042388888888888886
0 0.21935937499999997 0.5225972222222222 0.042234375000000005 0.14997222222222223
0 0.25006249999999997 0.5078333333333334 0.032640625 0.1302638888888889
0 0.922703125 0.21915277777777778 0.0425546875 0.139375
0 0.59384375 0.015625 0.0192109375 0.03108333333333333
0 0.634015625 0.03976388888888889 0.028664062499999997 0.0775
0 0.92809375 0.15519444444444444 0.028265625 0.10819444444444445
0 0.6141171875 0.03756944444444445 0.025578125 0.07326388888888889
0 0.9468203125000001 0.007333333333333334 0.0199453125 0.014347222222222223
