0 0.8323281250000001 0.2710972222222222 0.0354609375 0.13983333333333334
0 0.5682109375 0.36559722222222224 0.03465625 0.13697222222222222
0 0.291609375 0.5262916666666667 0.038671875 0.13620833333333332
0 0.386390625 0.12765277777777778 0.0270078125 0.10809722222222222
0 0.6166484375 0.18866666666666668 0.029281249999999998 0.110375
0 0.6125234374999999 0.34788888888888886 0.028953125000000003 0.11590277777777779
0 0.9571328125 0.44852777777777775 0.048375 0.1535
0 0.49617187500000004 0.5585555555555556 0.040765625 0.15159722222222222
0 0.371875 0.1951388888888889 0.029445312499999998 0.12469444444444444
0 0.48986718749999997 0.19727777777777777 0.02553125 0.11970833333333333
0 0.300734375 0.6856388888888889 0.0479453125 0.16025
0 0.10428124999999999 0.7885972222222222 0.0632109375 0.18862500000000001
0 0.43697656250000005 0.07195833333333333 0.0236484375 0.11344444444444446
0 0.6661406249999999 0.5590833333333334 0.04253125 0.1691527777777778
0 0.3827890625 0.6479583333333333 0.0537109375 0.20179166666666665
0 0.50696875 0.438125 0.0398671875 0.15572222222222223
0 0.45783593749999996 0.07177777777777777 0.027718749999999997 0.10981944444444444
0 0.7326328125 0.08495833333333333 0.025257812499999997 0.12558333333333332
0 0.051125 0.15566666666666668 0.02909375 0.11918055555555555
0 0.381390625 0.028208333333333332 0.0208125 0.056416666666666664
0 0.5500078125 0.5181111111111112 0.028890624999999996 0.13881944444444444
0 0.7554609375 0.013652777777777778 0.039390625 0.02731944444444445
0 0.125109375 0.06891666666666667 0.040273437499999995 0.12280555555555556
0 0.5016484375 0.02423611111111111 0.0206328125 0.04847222222222222
0 0.9476171875 0.15727777777777777 0.0292578125 0.12144444444444444
0 0.191203125 0.5030416666666666 0.032492187500000005 0.14600000000000002
0 0.223296875 0.4501388888888889 0.027046874999999998 0.06752777777777777
0 0.21559374999999997 0.06761111111111111 0.023453125 0.091
0 0.9208125 0.24515277777777778 0.0445078125 0.15180555555555555
0 0.9284765625 0.1570277777777778 0.026242187500000003 0.10679166666666667
0 0.5234375 0.021708333333333333 0.021875 0.043402777777777776
0 0.21976562500000002 0.5217083333333333 0.042125 0.14943055555555557
0 0.250140625 0.5076666666666666 0.032359375 0.13033333333333333
0 0.66075 0.03759722222222222 0.026437500000000003 0.07519444444444444
0 0.5938359375 0.014916666666666667 0.019265625 0.029625
0 0.632734375 0.03976388888888889 0.0269296875 0.07805555555555556
0 0.61471875 0.03776388888888889 0.024875 0.072875
