0 0.568453125 0.3562916666666666 0.0348125 0.13798611111111111
0 0.8306328125 0.2597638888888889 0.0360546875 0.13245833333333334
0 0.61728125 0.18031944444444445 0.030328125 0.11294444444444443
0 0.291328125 0.5344305555555556 0.0383828125 0.13494444444444445
0 0.49592187499999996 0.5708194444444444 0.040507812500000004 0.15881944444444443
0 0.4378125 0.07013888888888889 0.023515625000000002 0.11348611111111111
0 0.1102109375 0.7965416666666667 0.06804687499999999 0.19669444444444445
0 0.9583203125 0.4667916666666666 0.0484921875 0.16383333333333333
0 0.385765625 0.12054166666666667 0.026390625 0.10780555555555556
0 0.3726328125 0.18697222222222223 0.031093749999999996 0.12683333333333333
0 0.613390625 0.3545277777777778 0.028054687499999998 0.11579166666666667
0 0.3014140625 0.6877083333333333 0.0499296875 0.16047222222222224
0 0.4895546875 0.20723611111111112 0.026703125 0.12358333333333334
0 0.6674921875 0.5529583333333333 0.042257812500000005 0.165375
0 0.381296875 0.634263888888889 0.048140625 0.203875
0 0.5066328125 0.44695833333333335 0.039984375 0.15813888888888888
0 0.457421875 0.06929166666666667 0.026023437500000003 0.11281944444444444
0 0.2191796875 0.06695833333333333 0.028828125 0.0898888888888889
0 0.3809921875 0.024166666666666666 0.022203125 0.04834722222222222
0 0.7320390625 0.08201388888888889 0.0231171875 0.12629166666666666
0 0.94934375 0.15543055555555554 0.026765624999999998 0.11488888888888889
0 0.0514140625 0.15538888888888888 0.0319375 0.12148611111111111
0 0.9209687499999999 0.25458333333333333 0.0394140625 0.132375
0 0.12442968750000001 0.07559722222222222 0.038984375 0.12366666666666667
0 0.7587109375 0.015472222222222222 0.0431328125 0.030944444444444445
0 0.529 0.022027777777777778 0.020499999999999997 0.044041666666666666
0 0.659328125 0.036333333333333336 0.0241875 0.07266666666666667
0 0.549765625 0.5110277777777777 0.027468749999999997 0.14075000000000001
0 0.502390625 0.023458333333333335 0.0190625 0.04690277777777778
0 0.928375 0.15675 0.0267578125 0.10231944444444445
0 0.2241171875 0.4475 0.026273437500000003 0.06363888888888888
0 0.25010937499999997 0.505375 0.032937499999999995 0.13140277777777779
0 0.5956171875 0.012527777777777777 0.019 0.024763888888888887
0 0.1909375 0.5033888888888889 0.0313125 0.14625
0 0.22125 0.5222916666666667 0.041046875 0.15059722222222224
0 0.632953125 0.037125 0.025453125 0.07425
0 0.6138203125 0.0395 0.023929687499999998 0.06483333333333333
0 0.947078125 0.006666666666666666 0.02028125 0.013013888888888887
