0 0.5681875 0.35555555555555557 0.0347265625 0.142625
0 0.8288984375 0.2562638888888889 0.036375000000000005 0.13111111111111112
0 0.43815625 0.06901388888888889 0.023921875000000002 0.11309722222222224
0 0.9593359375 0.47138888888888886 0.0460078125 0.16606944444444444
0 0.2907265625 0.5435138888888889 0.03821875 0.1389027777777778
0 0.6172265625 0.179625 0.029218749999999998 0.10931944444444444
0 0.112203125 0.8064722222222221 0.06266406249999999 0.2005
0 0.38634375 0.11877777777777777 0.025773437500000003 0.1092777777777778
0 0.4956171875 0.5753194444444445 0.04065625 0.15638888888888888
0 0.48940625000000004 0.204375 0.0254765625 0.11829166666666667
0 0.371421875 0.18708333333333332 0.028796875 0.12733333333333335
0 0.301109375 0.6901944444444444 0.048140625 0.15622222222222223
0 0.614578125 0.3584444444444444 0.0278828125 0.11636111111111111
0 0.66915625 0.5455277777777777 0.0416953125 0.1669027777777778
0 0.38053125 0.62475 0.046015625 0.1830138888888889
0 0.45835156250000003 0.07026388888888889 0.0278359375 0.11406944444444443
0 0.9188671875000001 0.2581388888888889 0.0436171875 0.147125
0 0.7318046875 0.08133333333333334 0.022695312500000002 0.1245
0 0.5096093749999999 0.4441805555555556 0.043 0.1609861111111111
0 0.22185937500000003 0.06458333333333334 0.02865625 0.09072222222222222
0 0.5296093749999999 0.021902777777777778 0.0220390625 0.043791666666666666
0 0.1249453125 0.07322222222222222 0.0378984375 0.12308333333333334
0 0.5490468749999999 0.5063888888888889 0.027968749999999997 0.13805555555555557
0 0.9504765624999999 0.15802777777777777 0.028171875000000002 0.11688888888888889
0 0.0480546875 0.1512361111111111 0.033218750000000005 0.12584722222222222
0 0.6579453125 0.03615277777777778 0.024140625 0.07229166666666666
0 0.5027890625 0.023930555555555556 0.0215859375 0.04786111111111111
0 0.3822578125 0.023208333333333334 0.0171328125 0.04641666666666667
0 0.2499375 0.5066388888888889 0.0330859375 0.1316388888888889
0 0.224109375 0.447125 0.026218750000000002 0.062875
0 0.929046875 0.15684722222222222 0.028453125000000003 0.10640277777777778
0 0.22107812500000001 0.5218194444444444 0.042007812500000005 0.15093055555555557
0 0.1907109375 0.5018194444444445 0.0332734375 0.14377777777777778
0 0.7619374999999999 0.014194444444444445 0.039281250000000004 0.02838888888888889
0 0.5970156249999999 0.010652777777777778 0.0179296875 0.021125
0 0.6359296875 0.03463888888888889 0.024703125 0.06929166666666667
0 0.613015625 0.03973611111111111 0.02340625 0.06509722222222222
