0 0.5685 0.3549583333333333 0.03528125 0.13968055555555556
0 0.8281640625 0.25533333333333336 0.0351328125 0.1334861111111111
0 0.9595078125000001 0.47420833333333334 0.045609375 0.16655555555555557
0 0.4381953125 0.06798611111111111 0.0242421875 0.11326388888888889
0 0.2901328125 0.5453333333333333 0.037796875 0.14277777777777778
0 0.617515625 0.1795138888888889 0.0280703125 0.10873611111111112
0 0.3861796875 0.117625 0.025546875000000004 0.10872222222222222
0 0.11276562500000001 0.8109166666666667 0.062234374999999995 0.1983888888888889
0 0.3807734375 0.6221388888888889 0.0467421875 0.1766111111111111
0 0.48921093750000005 0.20576388888888889 0.0256484375 0.12005555555555555
0 0.3006953125 0.6923472222222222 0.0480390625 0.15715277777777778
0 0.37120312499999997 0.1839861111111111 0.029453125000000004 0.12534722222222222
0 0.6148515625 0.35983333333333334 0.02809375 0.11673611111111111
0 0.49559375 0.5755 0.041546875 0.15037499999999998
0 0.529625 0.021986111111111113 0.0229765625 0.043972222222222225
0 0.6699531249999999 0.5390833333333334 0.0408359375 0.16065277777777778
0 0.45828125000000003 0.069375 0.027734375 0.11570833333333333
0 0.9193203125 0.2597083333333333 0.043078125 0.1435972222222222
0 0.7316640624999999 0.08112499999999999 0.021859375 0.12402777777777778
0 0.124828125 0.07290277777777777 0.0363203125 0.1233888888888889
0 0.54890625 0.5030277777777777 0.028585937500000002 0.14251388888888888
0 0.508875 0.4469305555555556 0.0431171875 0.159375
0 0.5020156250000001 0.02347222222222222 0.0221875 0.04694444444444444
0 0.0481484375 0.15140277777777778 0.033140625 0.12602777777777777
0 0.6569765624999999 0.035986111111111115 0.0246875 0.07198611111111111
0 0.7644375 0.014833333333333334 0.0413984375 0.029666666666666668
0 0.9515781249999999 0.15794444444444444 0.0290625 0.11675
0 0.22446875 0.44598611111111114 0.025046875000000003 0.06188888888888889
0 0.2228046875 0.06388888888888888 0.025500000000000002 0.09075000000000001
0 0.382 0.023111111111111114 0.0153046875 0.04622222222222223
0 0.92875 0.1555277777777778 0.030093750000000002 0.106625
0 0.24967968749999997 0.5076805555555555 0.0337578125 0.13145833333333334
0 0.2201640625 0.5186527777777777 0.04315625 0.15294444444444444
0 0.6355390625 0.03138888888888889 0.02415625 0.06275
0 0.1907890625 0.5019305555555555 0.033695312500000005 0.14690277777777777
0 0.5975312500000001 0.008805555555555556 0.017921875 0.017486111111111112
0 0.612578125 0.040138888888888884 0.022765625 0.06197222222222222
