0 0.5688125 0.35241666666666666 0.034898437500000004 0.14130555555555555
0 0.668984375 0.5230833333333333 0.039953125 0.15345833333333334
0 0.9600312499999999 0.4803611111111111 0.046078125 0.1692638888888889
0 0.616328125 0.36166666666666664 0.028695312499999997 0.11418055555555555
0 0.438546875 0.06720833333333333 0.0238828125 0.11387499999999999
0 0.48928125 0.20725 0.02603125 0.12009722222222222
0 0.2892734375 0.5516944444444445 0.0369375 0.14029166666666668
0 0.4952734375 0.5824305555555556 0.041507812500000005 0.15640277777777778
0 0.37960937499999997 0.6136805555555556 0.046867187500000004 0.17469444444444446
0 0.8277890625 0.25440277777777776 0.03646875 0.1378888888888889
0 0.3858125 0.11705555555555555 0.025257812499999997 0.1094722222222222
0 0.3704921875 0.18480555555555556 0.028734375 0.12815277777777778
0 0.9216171875000001 0.26348611111111114 0.0394765625 0.12918055555555558
0 0.11385156249999999 0.8152361111111112 0.059765625 0.19986111111111113
0 0.3000625 0.7010000000000001 0.046453125 0.16477777777777777
0 0.5017109375000001 0.024430555555555556 0.0253515625 0.048874999999999995
0 0.45853124999999995 0.06704166666666667 0.02765625 0.11326388888888889
0 0.6151796875 0.17616666666666667 0.027359375000000002 0.11084722222222222
0 0.549796875 0.4913472222222222 0.028648437500000002 0.13684722222222223
0 0.5081796875 0.4496388888888889 0.04384375 0.15775
0 0.1246328125 0.07493055555555556 0.034828125 0.12212500000000001
0 0.73134375 0.08183333333333334 0.0215390625 0.12240277777777778
0 0.530046875 0.022986111111111113 0.022695312500000002 0.04597222222222223
0 0.9508984375 0.15722222222222224 0.033984375 0.1252638888888889
0 0.382953125 0.023500000000000004 0.024265625 0.04700000000000001
0 0.05121875 0.154875 0.032203125 0.122875
0 0.2245 0.4469722222222222 0.0254140625 0.06418055555555556
0 0.2244140625 0.06580555555555556 0.02271875 0.09225
0 0.6570078125000001 0.03636111111111111 0.027109375 0.07272222222222222
0 0.768 0.014652777777777778 0.035125 0.029319444444444443
0 0.24969531250000002 0.5077916666666666 0.0334921875 0.131125
0 0.2197734375 0.5184305555555555 0.04278125 0.15447222222222223
0 0.63515625 0.034583333333333334 0.026328125 0.06915277777777777
0 0.9291562499999999 0.155375 0.028578125 0.10538888888888888
0 0.190921875 0.5005277777777778 0.034046875 0.14731944444444445
0 0.007539062500000001 0.5903333333333334 0.014937500000000001 0.12454166666666668
0 0.5979453125 0.0067777777777777775 0.018195312499999998 0.01347222222222222
