0 0.617546875 0.377125 0.0340625 0.11909722222222222
0 0.5695234375 0.3391388888888889 0.032828125 0.135
0 0.961765625 0.4933333333333333 0.0481953125 0.15961111111111112
0 0.4961015625 0.5894305555555556 0.0396953125 0.1522361111111111
0 0.287671875 0.5570555555555555 0.03575 0.13443055555555555
0 0.3780625 0.6074999999999999 0.0533046875 0.1897222222222222
0 0.438921875 0.066625 0.02340625 0.11440277777777778
0 0.489 0.21622222222222223 0.0275078125 0.11823611111111111
0 0.2980390625 0.7265972222222222 0.0443046875 0.1797361111111111
0 0.3693203125 0.17529166666666665 0.027765625 0.12788888888888889
0 0.5005390625 0.028319444444444446 0.027195312500000002 0.056625
0 0.38546874999999997 0.11436111111111112 0.024515625 0.113125
0 0.6698593749999999 0.5092361111111111 0.039234375 0.1480972222222222
0 0.5048828125 0.4623055555555556 0.041757812500000005 0.1521388888888889
0 0.2287109375 0.06684722222222222 0.024046875000000002 0.09513888888888888
0 0.11475781249999999 0.8278472222222222 0.055640625 0.18163888888888888
0 0.617390625 0.17022222222222222 0.029484375 0.11397222222222222
0 0.826984375 0.24502777777777776 0.035359375 0.13722222222222222
0 0.9208984375 0.26894444444444443 0.0456875 0.1520138888888889
0 0.5331640625 0.026027777777777775 0.0237109375 0.05205555555555555
0 0.45932031249999994 0.064875 0.028195312500000003 0.11556944444444443
0 0.12410937500000001 0.080125 0.0325234375 0.11979166666666667
0 0.55059375 0.48018055555555555 0.02653125 0.13619444444444445
0 0.3830234375 0.021277777777777777 0.018476562499999998 0.042541666666666665
0 0.731234375 0.08184722222222222 0.023859375 0.12381944444444445
0 0.77996875 0.016805555555555556 0.029125 0.03361111111111111
0 0.654828125 0.03644444444444444 0.029578125 0.07288888888888888
0 0.051023437500000005 0.15625 0.030515625 0.12065277777777779
0 0.22502343749999998 0.44633333333333336 0.023640625000000002 0.06275
0 0.9520625 0.16581944444444444 0.035859375 0.12748611111111113
0 0.934484375 0.16256944444444443 0.0322265625 0.10722222222222223
0 0.012859375000000001 0.610638888888889 0.0257265625 0.120125
0 0.25020312499999997 0.5097777777777778 0.0325078125 0.1332361111111111
0 0.22057812499999999 0.5227638888888889 0.0411953125 0.15022222222222223
0 0.1908125 0.5017777777777778 0.0319296875 0.14466666666666667
0 0.6327734375 0.03727777777777778 0.027250000000000003 0.07454166666666667
0 0.6118046875 0.041652777777777775 0.0223671875 0.06787499999999999
