0 0.6178203124999999 0.382 0.035375000000000004 0.1212638888888889
0 0.569546875 0.33645833333333336 0.0324296875 0.13209722222222223
0 0.49557031250000005 0.5965972222222222 0.0402890625 0.155875
0 0.36931250000000004 0.17405555555555555 0.027945312500000003 0.12788888888888889
0 0.37786718750000003 0.6067083333333333 0.054304687500000004 0.1915277777777778
0 0.48949999999999994 0.2194583333333333 0.0273125 0.12118055555555556
0 0.962265625 0.49126388888888883 0.046921875 0.15734722222222222
0 0.4389140625 0.06677777777777777 0.023375 0.11465277777777777
0 0.28714062500000004 0.5604861111111111 0.036351562500000004 0.135625
0 0.2980625 0.7294722222222223 0.044375 0.17791666666666667
0 0.11353125 0.8285 0.054234375 0.19187500000000002
0 0.500328125 0.02851388888888889 0.0268828125 0.057013888888888885
0 0.384 0.11172222222222222 0.026039062499999998 0.11384722222222222
0 0.6217421875 0.1720972222222222 0.028437499999999998 0.11480555555555555
0 0.827609375 0.24447222222222223 0.03375 0.1376388888888889
0 0.3844140625 0.019375 0.0190078125 0.03875
0 0.5050078124999999 0.4650138888888889 0.0413984375 0.1488611111111111
0 0.9543906249999999 0.17051388888888888 0.031828125 0.11991666666666667
0 0.780734375 0.01659722222222222 0.0298046875 0.03319444444444444
0 0.9198124999999999 0.2765138888888889 0.042296875 0.1555
0 0.671203125 0.5064444444444445 0.040507812500000004 0.15683333333333332
0 0.1241640625 0.08019444444444444 0.0325 0.11788888888888888
0 0.2310625 0.07019444444444445 0.025312499999999998 0.09422222222222222
0 0.4593828125 0.06461111111111112 0.02765625 0.11431944444444445
0 0.5505625000000001 0.47990277777777773 0.02615625 0.13493055555555555
0 0.9356562500000001 0.16727777777777778 0.0298828125 0.10641666666666667
0 0.7319765625 0.08272222222222222 0.02415625 0.12795833333333334
0 0.051617187499999995 0.15731944444444443 0.030234375 0.11863888888888889
0 0.5336796875 0.02622222222222222 0.020359375 0.05243055555555556
0 0.654984375 0.036305555555555556 0.0295546875 0.072625
0 0.22486718749999998 0.44648611111111114 0.023828125 0.06308333333333334
0 0.2501796875 0.5105416666666667 0.0327734375 0.13170833333333334
0 0.0133203125 0.6009861111111111 0.026640625 0.1435
0 0.2205625 0.5230972222222222 0.041585937499999996 0.15043055555555557
0 0.190953125 0.500875 0.033578125 0.14545833333333333
0 0.6285078125 0.03154166666666667 0.0275859375 0.06308333333333334
0 0.6111953125 0.03977777777777778 0.021601562499999998 0.06547222222222222
