0 0.6179140624999999 0.3890138888888889 0.036328125 0.12061111111111111
0 0.961515625 0.50175 0.0483828125 0.16080555555555556
0 0.569375 0.3307777777777778 0.033046874999999996 0.13070833333333334
0 0.43903125000000004 0.06652777777777777 0.024234375 0.11784722222222221
0 0.377734375 0.5990833333333333 0.05596875 0.19830555555555557
0 0.9602187499999999 0.17019444444444445 0.029406250000000002 0.11780555555555555
0 0.4995859375 0.030083333333333333 0.027265624999999998 0.060152777777777784
0 0.8249296875000001 0.2379166666666667 0.0320546875 0.1322222222222222
0 0.6220625 0.16730555555555554 0.027968749999999997 0.10915277777777778
0 0.368890625 0.1671388888888889 0.0285546875 0.12309722222222222
0 0.29782031249999996 0.7350416666666667 0.045164062500000005 0.17093055555555556
0 0.5009296875 0.6109861111111111 0.0416796875 0.16618055555555555
0 0.11759375000000001 0.8614444444444445 0.05541406250000001 0.20681944444444444
0 0.383453125 0.10536111111111111 0.0273515625 0.11030555555555556
0 0.489140625 0.22730555555555554 0.030093750000000002 0.1307361111111111
0 0.5053046875 0.4777083333333333 0.04146875 0.1512638888888889
0 0.6692890625000001 0.5042083333333333 0.0390234375 0.15866666666666665
0 0.9363125 0.17294444444444443 0.026484374999999998 0.11051388888888888
0 0.5330781250000001 0.028361111111111115 0.0203125 0.05670833333333333
0 0.45959374999999997 0.06383333333333334 0.027703125000000002 0.11716666666666667
0 0.7870468749999999 0.017569444444444447 0.0413046875 0.035124999999999997
0 0.286875 0.5669861111111112 0.0362265625 0.14193055555555556
0 0.9189375 0.2790138888888889 0.04478125 0.16558333333333333
0 0.5508046875 0.47505555555555556 0.02765625 0.14584722222222224
0 0.7322031250000001 0.084125 0.02396875 0.12741666666666665
0 0.2371171875 0.06645833333333334 0.029078125 0.09023611111111111
0 0.051554687499999995 0.1588611111111111 0.02953125 0.11619444444444443
0 0.014796875000000001 0.6045833333333334 0.029593750000000002 0.14973611111111113
0 0.6529375 0.035861111111111114 0.028078125 0.07172222222222223
0 0.12435937500000001 0.082 0.033328125 0.11886111111111111
0 0.3842734375 0.017152777777777777 0.0163828125 0.034305555555555554
0 0.22475 0.4481388888888889 0.02515625 0.06373611111111112
0 0.2505625 0.5108472222222222 0.032578125 0.13109722222222223
0 0.2200546875 0.52 0.042976562499999996 0.15154166666666666
0 0.6268984375 0.03704166666666667 0.0278671875 0.07406944444444444
0 0.190953125 0.5018194444444445 0.0323984375 0.14600000000000002
0 0.4583125 0.012805555555555556 0.0172890625 0.02526388888888889
0 0.9467187499999999 0.006958333333333333 0.020304687499999998 0.01359722222222222
0 0.609609375 0.03791666666666667 0.020640625000000003 0.07002777777777779
