0 0.7835 0.5188194444444445 0.0411328125 0.15426388888888887
0 0.764546875 0.733375 0.059859375000000006 0.18194444444444444
0 0.613046875 0.5358472222222223 0.0382890625 0.1526388888888889
0 0.64175 0.17920833333333333 0.0288359375 0.12480555555555556
0 0.3884296875 0.051222222222222225 0.0256640625 0.09261111111111112
0 0.7748359375 0.37155555555555553 0.0355 0.14590277777777777
0 0.8869609374999999 0.06419444444444444 0.0324375 0.11386111111111112
0 0.6233984375 0.9305555555555556 0.05596875 0.13216666666666665
0 0.12234375 0.08940277777777779 0.032695312500000004 0.11056944444444444
0 0.5772265625 0.09444444444444444 0.0225625 0.09269444444444444
0 0.3854296875 0.2874027777777778 0.030929687500000004 0.13556944444444444
0 0.14984375 0.48341666666666666 0.038078125000000004 0.15006944444444445
0 0.4978671875 0.22718055555555555 0.0318359375 0.12966666666666665
0 0.5297031249999999 0.15743055555555555 0.0345390625 0.1290277777777778
0 0.04471875 0.8175694444444445 0.05695312500000001 0.17565277777777777
0 0.47796093749999996 0.14165277777777777 0.025859375 0.10655555555555556
0 0.4127734375 0.4907361111111111 0.03646875 0.15018055555555554
0 0.9482109375000001 0.19837500000000002 0.030882812500000002 0.11894444444444445
0 0.6915312499999999 0.05466666666666667 0.0231640625 0.09236111111111112
0 0.36821875 0.6855694444444445 0.0438828125 0.18622222222222223
0 0.0905703125 0.023958333333333335 0.026421875 0.04791666666666667
0 0.9148203125000001 0.12495833333333334 0.033703125 0.103625
0 0.9566015625000001 0.024125 0.023640625000000002 0.04826388888888889
0 0.315046875 0.32518055555555553 0.03909375 0.12858333333333333
0 0.7383437500000001 0.03918055555555556 0.023546875000000002 0.07223611111111111
0 0.6194140625 0.19686111111111113 0.02353125 0.12050000000000001
0 0.06146875 0.17520833333333335 0.032703125 0.12570833333333334
0 0.1999765625 0.07665277777777778 0.0303125 0.10873611111111112
0 0.31190625 0.2255833333333333 0.031257812499999996 0.09198611111111112
0 0.9836406249999999 0.7386805555555556 0.032710937499999995 0.11455555555555556
0 0.43158593749999996 0.132375 0.03078125 0.11963888888888889
0 0.8491015624999999 0.06129166666666667 0.029117187500000002 0.10577777777777778
0 0.8968125 0.20947222222222223 0.045203125 0.12208333333333334
0 0.45461718749999996 0.12625 0.0245 0.12279166666666666
0 0.22633593749999997 0.47441666666666665 0.02353125 0.056611111111111105
0 0.8344531249999999 0.06463888888888888 0.021046875 0.09611111111111112
0 0.25284375 0.5340138888888889 0.037703125 0.13427777777777777
0 0.7396796875 0.10918055555555556 0.02878125 0.12361111111111112
0 0.4031640625 0.02356944444444444 0.023429687499999997 0.04713888888888888
0 0.1929453125 0.5318611111111111 0.042710937500000004 0.1502777777777778
0 0.48207812499999997 0.03395833333333333 0.01553125 0.06791666666666667
0 0.19036718749999998 0.020972222222222222 0.03153125 0.041944444444444444
0 0.9935703124999999 0.1353611111111111 0.012859375000000001 0.10279166666666667
0 0.2172890625 0.5465972222222223 0.0457734375 0.15708333333333332
0 0.054781250000000004 0.8889722222222222 0.032937499999999995 0.053
0 0.6735078125 0.08265277777777777 0.0208515625 0.06484722222222222
0 0.42239062499999996 0.006361111111111111 0.017078125 0.012375
0 0.163578125 0.006194444444444444 0.0246796875 0.012208333333333331
