0 0.6210390625 0.39725 0.030875000000000003 0.11740277777777777
0 0.668140625 0.47647222222222224 0.041007812500000004 0.1552361111111111
0 0.38571093749999996 0.5701944444444444 0.048609374999999996 0.17569444444444443
0 0.9675390625 0.5303194444444445 0.0486484375 0.17670833333333333
0 0.367734375 0.16309722222222223 0.028796875 0.1244861111111111
0 0.822875 0.23299999999999998 0.031640625 0.13501388888888888
0 0.56834375 0.32633333333333336 0.033515625 0.13770833333333335
0 0.4878828125 0.23516666666666666 0.0273828125 0.12172222222222222
0 0.1219921875 0.8867083333333332 0.05428125 0.2015
0 0.5004921875 0.6265138888888888 0.0406015625 0.16143055555555555
0 0.298203125 0.7531111111111112 0.050296875 0.15920833333333334
0 0.6179375 0.1592777777777778 0.028515625 0.11226388888888889
0 0.55221875 0.4555277777777778 0.025023437500000002 0.13540277777777776
0 0.9213125 0.29465277777777776 0.0406015625 0.14440277777777777
0 0.43842968750000005 0.06366666666666668 0.024492187500000002 0.11758333333333333
0 0.3853203125 0.09693055555555556 0.026710937499999997 0.10709722222222222
0 0.5005468750000001 0.031625 0.026468750000000003 0.06325
0 0.9636953125 0.17273611111111112 0.026476562500000002 0.11091666666666666
0 0.9372734375 0.1754861111111111 0.029929687500000003 0.10872222222222222
0 0.01515625 0.617375 0.030320312500000002 0.16265277777777779
0 0.7313671875 0.08391666666666667 0.020703125 0.1233888888888889
0 0.5088515625000001 0.4874444444444444 0.0437578125 0.15365277777777778
0 0.290390625 0.5918472222222222 0.0397421875 0.14933333333333332
0 0.0514296875 0.15983333333333333 0.029015625 0.11608333333333333
0 0.5334765625 0.030972222222222224 0.0194609375 0.06193055555555556
0 0.12383593749999999 0.09272222222222223 0.0348125 0.12547222222222223
0 0.7981874999999999 0.017916666666666668 0.0424375 0.035819444444444445
0 0.4596640625 0.06243055555555556 0.028203125000000002 0.12173611111111111
0 0.24553124999999998 0.06359722222222222 0.026976562500000002 0.09286111111111112
0 0.6494765625000001 0.035708333333333335 0.0223203125 0.07141666666666667
0 0.2198671875 0.5227083333333333 0.04140625 0.15295833333333334
0 0.22464843750000002 0.4490277777777778 0.025070312500000004 0.0650138888888889
0 0.25085156249999996 0.5110416666666666 0.034921875000000005 0.1339861111111111
0 0.19015625 0.5018611111111111 0.03396875 0.14595833333333333
0 0.3856015625 0.01609722222222222 0.015210937499999999 0.03219444444444444
