0 0.385625 0.5630138888888889 0.047367187500000005 0.1673611111111111
0 0.66853125 0.47020833333333334 0.040484375 0.15044444444444444
0 0.8237500000000001 0.2318333333333333 0.031906250000000004 0.13691666666666666
0 0.968390625 0.537611111111111 0.049515625 0.1787361111111111
0 0.621328125 0.40311111111111114 0.030593749999999996 0.11754166666666666
0 0.5671796875 0.32037499999999997 0.033859375000000004 0.13966666666666666
0 0.36805468750000003 0.1603611111111111 0.0295546875 0.1259861111111111
0 0.618546875 0.15754166666666666 0.029671874999999997 0.1151388888888889
0 0.12250781250000001 0.8891944444444445 0.05443750000000001 0.20591666666666666
0 0.4876171875 0.237375 0.02715625 0.12373611111111112
0 0.5017421875 0.626263888888889 0.04153125 0.15768055555555555
0 0.38575 0.09087500000000001 0.027234374999999998 0.10481944444444444
0 0.2990625 0.7654722222222222 0.051390625 0.17406944444444444
0 0.9644140625000001 0.17368055555555556 0.0276796875 0.11230555555555556
0 0.9225 0.295375 0.040953125 0.14315277777777777
0 0.5523828125 0.4451527777777778 0.0275078125 0.13090277777777778
0 0.01759375 0.6298333333333334 0.0351875 0.16129166666666667
0 0.50965625 0.4949166666666666 0.045164062500000005 0.1599861111111111
0 0.5005468750000001 0.03206944444444444 0.0258359375 0.06415277777777778
0 0.43846875 0.06125 0.025437500000000002 0.11430555555555555
0 0.28523437500000004 0.5954305555555556 0.0410546875 0.14602777777777778
0 0.731265625 0.08436111111111111 0.0213828125 0.12473611111111112
0 0.801953125 0.017666666666666667 0.03253125 0.035333333333333335
0 0.05065625 0.1578888888888889 0.0280625 0.11725000000000001
0 0.5336015625 0.032 0.01975 0.0640138888888889
0 0.9370546875000001 0.17694444444444446 0.02803125 0.10825
0 0.45944531250000004 0.06318055555555556 0.027914062499999996 0.11837500000000001
0 0.1230234375 0.09443055555555555 0.036625000000000005 0.12872222222222224
0 0.2458046875 0.06606944444444444 0.0245859375 0.09520833333333333
0 0.648359375 0.035569444444444445 0.021453125 0.07112500000000001
0 0.22003124999999998 0.5237638888888889 0.04146875 0.15218055555555554
0 0.224515625 0.4494861111111111 0.025492187500000003 0.06515277777777777
0 0.385046875 0.01423611111111111 0.0155234375 0.02847222222222222
0 0.2505859375 0.5114861111111111 0.034664062499999995 0.13383333333333333
0 0.1902265625 0.5008055555555555 0.0358828125 0.14652777777777778
0 0.6246484375 0.03261111111111111 0.0243125 0.06520833333333334
0 0.9469453124999999 0.006986111111111111 0.021976562499999998 0.013694444444444443
