0 0.5669375 0.306375 0.033328125 0.13029166666666667
0 0.28434375 0.5988611111111111 0.03853125 0.13527777777777777
0 0.9723671875000001 0.5420555555555555 0.0485234375 0.16619444444444445
0 0.38646875 0.08816666666666666 0.0268515625 0.10609722222222222
0 0.3696015625 0.1483611111111111 0.0290703125 0.12284722222222223
0 0.48657812500000003 0.24359722222222221 0.0290390625 0.12620833333333334
0 0.6216406250000001 0.15636111111111112 0.028929687500000002 0.10995833333333334
0 0.124171875 0.8962222222222221 0.0537265625 0.18581944444444443
0 0.82225 0.22205555555555556 0.0322734375 0.13090277777777778
0 0.66921875 0.46847222222222223 0.04021875 0.15740277777777778
0 0.622390625 0.41283333333333333 0.03053125 0.11425
0 0.3006640625 0.7790138888888889 0.0511875 0.17355555555555555
0 0.9664296875 0.18023611111111112 0.029226562499999997 0.11752777777777779
0 0.37898437500000004 0.5610138888888889 0.043789062499999996 0.17290277777777777
0 0.9240625 0.3000833333333333 0.041265625 0.14404166666666665
0 0.0201875 0.6423055555555556 0.040375 0.16419444444444445
0 0.506515625 0.6410833333333333 0.0436953125 0.1559861111111111
0 0.43828125 0.05876388888888889 0.02409375 0.11333333333333333
0 0.5115937500000001 0.5109722222222222 0.0453671875 0.16602777777777777
0 0.500296875 0.03476388888888889 0.029421874999999997 0.06952777777777779
0 0.7312421875 0.08395833333333334 0.0203671875 0.12356944444444444
0 0.4593359375 0.059930555555555556 0.026632812500000002 0.11586111111111111
0 0.55225 0.4431805555555555 0.0257265625 0.13206944444444446
0 0.9385937500000001 0.17694444444444446 0.026007812499999998 0.10547222222222222
0 0.5340703125 0.033125 0.0204453125 0.06625
0 0.05011718750000001 0.15854166666666666 0.0290546875 0.12158333333333335
0 0.8127656249999999 0.018569444444444444 0.0350625 0.03713888888888889
0 0.12238281250000001 0.09545833333333334 0.03853125 0.13025
0 0.2535625 0.06511111111111112 0.019796875 0.0948611111111111
0 0.21985156250000001 0.5230555555555556 0.0405625 0.15245833333333333
0 0.6479609375 0.03559722222222222 0.0225078125 0.07119444444444444
0 0.385578125 0.01152777777777778 0.019140625 0.022708333333333334
0 0.2251328125 0.4478888888888889 0.024125 0.0636111111111111
0 0.1900546875 0.5014166666666666 0.0354453125 0.14625
0 0.250828125 0.5128472222222222 0.035648437500000005 0.13744444444444442
0 0.623796875 0.036680555555555557 0.0281328125 0.07336111111111111
0 0.9467734374999999 0.007041666666666667 0.021390625 0.01375
