0 0.5669453125 0.3010555555555555 0.0333515625 0.12820833333333334
0 0.6230546875 0.41740277777777773 0.02953125 0.11409722222222222
0 0.36920312499999997 0.14325 0.0278671875 0.12245833333333334
0 0.28471875 0.606625 0.039804687500000005 0.13902777777777778
0 0.97325 0.545875 0.05065625 0.16418055555555555
0 0.6686093750000001 0.4596388888888889 0.0394921875 0.15425
0 0.3863046875 0.08519444444444445 0.026937499999999996 0.10508333333333333
0 0.9675703125 0.18184722222222224 0.02996875 0.11758333333333333
0 0.3015078125 0.7830555555555555 0.051890625 0.169375
0 0.12664843750000002 0.9032222222222223 0.058765625 0.19355555555555556
0 0.486203125 0.2462638888888889 0.029226562499999997 0.12830555555555556
0 0.3804296875 0.5593055555555555 0.0470546875 0.18604166666666666
0 0.8231718750000001 0.2192638888888889 0.0311953125 0.1272222222222222
0 0.02090625 0.6414305555555555 0.041585937499999996 0.16591666666666666
0 0.6218515625000001 0.1535277777777778 0.0290390625 0.1082638888888889
0 0.502953125 0.6455833333333333 0.041507812500000005 0.16616666666666666
0 0.925 0.3057361111111111 0.0394453125 0.14419444444444443
0 0.45906250000000004 0.056402777777777774 0.02640625 0.11026388888888888
0 0.5007343750000001 0.036000000000000004 0.0292109375 0.07200000000000001
0 0.8152265625 0.017958333333333333 0.0336328125 0.035916666666666666
0 0.43842968750000005 0.058527777777777776 0.024179687499999998 0.11304166666666667
0 0.512390625 0.5136805555555556 0.0454609375 0.1615138888888889
0 0.73121875 0.08409722222222221 0.0201640625 0.12322222222222222
0 0.55196875 0.4409166666666666 0.0265703125 0.13325
0 0.9411640625000001 0.17956944444444442 0.025859375 0.11184722222222222
0 0.2584609375 0.0649861111111111 0.018921874999999998 0.09380555555555556
0 0.0497578125 0.16040277777777778 0.0285234375 0.11979166666666667
0 0.5345156249999999 0.03361111111111111 0.0213359375 0.06723611111111111
0 0.12350781250000001 0.10081944444444445 0.04240625 0.1342361111111111
0 0.64746875 0.035430555555555555 0.0217421875 0.07084722222222221
0 0.38601562500000003 0.010541666666666666 0.0179140625 0.020874999999999998
0 0.22473437500000001 0.4478333333333333 0.024734375 0.06466666666666666
0 0.2193828125 0.52175 0.0406796875 0.1554861111111111
0 0.6241328125 0.03265277777777778 0.025710937499999996 0.06530555555555556
0 0.1901328125 0.5014027777777778 0.035796875 0.14654166666666668
0 0.25153125 0.5087361111111112 0.04040625 0.13683333333333333
