0 0.5763046875 0.11270833333333334 0.026984374999999998 0.09798611111111111
0 0.8007031250000001 0.5631805555555556 0.042296875 0.152625
0 0.7885078125 0.42344444444444446 0.040984375 0.1527361111111111
0 0.735765625 0.7409305555555556 0.0461015625 0.1567638888888889
0 0.9758515624999999 0.6618888888888889 0.0483046875 0.18075
0 0.8880625 0.07781944444444444 0.031015625 0.10880555555555556
0 0.388671875 0.03352777777777778 0.032828125 0.06704166666666667
0 0.14347656250000002 0.058791666666666666 0.030320312500000002 0.10931944444444444
0 0.615046875 0.47302777777777777 0.0356953125 0.1328888888888889
0 0.6402734375 0.1497777777777778 0.028226562500000003 0.13172222222222224
0 0.49770312499999997 0.2513472222222222 0.03003125 0.12570833333333334
0 0.38199218749999997 0.24125 0.031703125 0.133
0 0.6046640625 0.874625 0.046609374999999995 0.20258333333333337
0 0.952921875 0.2265833333333333 0.030406250000000003 0.1276111111111111
0 0.9199531249999999 0.14141666666666666 0.035812500000000004 0.09259722222222222
0 0.40764843749999996 0.4334583333333333 0.0335859375 0.1438611111111111
0 0.057874999999999996 0.1705 0.033203125 0.12270833333333332
0 0.9049921875000001 0.23475000000000001 0.042007812500000005 0.14029166666666668
0 0.532140625 0.18263888888888888 0.036289062500000004 0.13923611111111112
0 0.43697656250000005 0.020430555555555556 0.039203125 0.04084722222222222
0 0.057585937499999997 0.8349166666666666 0.067453125 0.16856944444444444
0 0.3124140625 0.24588888888888888 0.0325 0.08718055555555557
0 0.36834375 0.5950416666666667 0.0405 0.16856944444444444
0 0.1466171875 0.5349305555555556 0.0438359375 0.1612777777777778
0 0.6238828125 0.1711527777777778 0.0298125 0.12040277777777778
0 0.2124453125 0.05423611111111111 0.03153125 0.10508333333333333
0 0.7340625000000001 0.037347222222222226 0.025374999999999998 0.07175
0 0.7308671875 0.10436111111111111 0.021476562499999997 0.11766666666666667
0 0.9543671874999999 0.021277777777777777 0.02096875 0.042555555555555555
0 0.853140625 0.06409722222222222 0.029906250000000002 0.10436111111111111
0 0.452328125 0.11645833333333333 0.027273437499999997 0.11956944444444445
0 0.4866328125 0.0345 0.0227734375 0.06898611111111111
0 0.689640625 0.05006944444444444 0.0249765625 0.09618055555555556
0 0.3127890625 0.3426388888888889 0.043484375 0.14093055555555556
0 0.427703125 0.12105555555555556 0.027171875 0.12575
0 0.9924062499999999 0.14356944444444444 0.0151796875 0.09818055555555555
0 0.1939765625 0.5228333333333334 0.039734375 0.14172222222222222
0 0.669171875 0.07573611111111112 0.0196171875 0.07118055555555555
0 0.22478125000000002 0.46891666666666665 0.025507812499999998 0.059500000000000004
0 0.4857421875 0.11987500000000001 0.03959375 0.11606944444444443
0 0.15814843750000002 0.009722222222222222 0.023195312500000002 0.01927777777777778
0 0.839234375 0.06870833333333333 0.020304687499999998 0.10211111111111111
0 0.25089843749999996 0.5300972222222222 0.0426875 0.12880555555555556
0 0.2173828125 0.5444027777777778 0.0394453125 0.15045833333333333
0 0.10104687500000001 0.01 0.0196171875 0.01975
0 0.20856249999999998 0.010986111111111111 0.026039062499999998 0.021819444444444447
