0 0.5685703125 0.2877638888888889 0.03153125 0.12934722222222222
0 0.6233203125 0.4481388888888889 0.03565625 0.129625
0 0.2999375 0.8173194444444445 0.0503828125 0.1797361111111111
0 0.1355546875 0.9288749999999999 0.054390625000000005 0.14225000000000002
0 0.9767578125 0.5853472222222222 0.046484375 0.17543055555555556
0 0.028679687500000002 0.6694583333333333 0.055960937499999995 0.15870833333333334
0 0.669140625 0.4260138888888889 0.0366953125 0.13947222222222222
0 0.5020390625 0.03997222222222222 0.02946875 0.07994444444444444
0 0.370875 0.13593055555555555 0.031375 0.12809722222222222
0 0.9723593749999999 0.19305555555555556 0.033046874999999996 0.11786111111111111
0 0.930390625 0.31805555555555554 0.040257812500000004 0.14765277777777777
0 0.5016796875 0.6785416666666667 0.043828125 0.15852777777777777
0 0.280796875 0.6340416666666666 0.041390625 0.14445833333333333
0 0.517109375 0.536 0.0441953125 0.1666111111111111
0 0.48634374999999996 0.2572083333333333 0.029367187500000003 0.12358333333333334
0 0.8191640625 0.2026111111111111 0.0331484375 0.13130555555555556
0 0.551203125 0.41209722222222217 0.024742187500000002 0.12693055555555555
0 0.460640625 0.05519444444444445 0.0251796875 0.10754166666666667
0 0.5348359375 0.04047222222222222 0.0218984375 0.07723611111111112
0 0.3852421875 0.07576388888888888 0.024359375 0.1077361111111111
0 0.4397734375 0.05776388888888889 0.0233515625 0.11295833333333333
0 0.37799218749999997 0.5155000000000001 0.0473203125 0.17622222222222222
0 0.73153125 0.08388888888888889 0.023265625 0.12556944444444443
0 0.830453125 0.018597222222222223 0.03559375 0.03719444444444445
0 0.12313281250000001 0.1089861111111111 0.044796875 0.13177777777777777
0 0.9429531250000001 0.190125 0.0300859375 0.10873611111111112
0 0.6244140625 0.14230555555555555 0.0269296875 0.10777777777777776
0 0.046796875 0.1651388888888889 0.031359375 0.11483333333333334
0 0.64671875 0.035069444444444445 0.023203124999999998 0.07013888888888889
0 0.267875 0.061097222222222226 0.0202109375 0.09186111111111112
0 0.22491406249999998 0.4487777777777778 0.0260546875 0.06441666666666666
0 0.4221953125 0.9810694444444444 0.053437500000000006 0.037861111111111116
0 0.21888281250000002 0.5186111111111111 0.041265625 0.15340277777777778
0 0.621875 0.030694444444444448 0.0225859375 0.061388888888888896
0 0.189875 0.5012083333333334 0.034515625 0.146875
0 0.6044453125 0.040902777777777774 0.0229296875 0.07016666666666667
0 0.25121875 0.5099444444444445 0.036546875 0.13495833333333335
0 0.9467578124999999 0.006888888888888889 0.0214453125 0.013430555555555555
