0 0.137828125 0.9353611111111112 0.0534296875 0.12927777777777777
0 0.8170234375 0.19586111111111112 0.0312109375 0.12986111111111112
0 0.6233593749999999 0.4585416666666666 0.034023437499999996 0.12816666666666668
0 0.5699609375 0.2790972222222222 0.0309140625 0.12804166666666666
0 0.29621875000000003 0.832388888888889 0.050062499999999996 0.18193055555555557
0 0.032921875 0.6795 0.0508203125 0.16143055555555555
0 0.48694531249999995 0.2708055555555555 0.030257812499999998 0.12894444444444444
0 0.502390625 0.04495833333333333 0.02975 0.08727777777777779
0 0.9266875000000001 0.32343055555555555 0.040578125 0.14155555555555555
0 0.977625 0.58975 0.04475 0.1703611111111111
0 0.6678124999999999 0.41206944444444443 0.0353515625 0.13568055555555555
0 0.37521875 0.5119027777777778 0.044687500000000005 0.16905555555555554
0 0.501671875 0.6899444444444445 0.042953124999999995 0.15906944444444446
0 0.36878125 0.12655555555555556 0.028749999999999998 0.1284583333333333
0 0.9723593749999999 0.1951111111111111 0.033218750000000005 0.11547222222222223
0 0.5187968749999999 0.5564583333333333 0.04503125 0.17295833333333333
0 0.4609296875 0.052861111111111116 0.025742187500000003 0.10394444444444445
0 0.534203125 0.04147222222222222 0.020515625000000003 0.07865277777777778
0 0.2837265625 0.6441944444444444 0.040531250000000005 0.146125
0 0.6261953124999999 0.13158333333333333 0.02740625 0.10541666666666667
0 0.42100781249999997 0.9656527777777778 0.0531015625 0.06869444444444445
0 0.38590625 0.06883333333333333 0.02684375 0.10744444444444444
0 0.946109375 0.1917222222222222 0.033960937499999996 0.10922222222222222
0 0.4397109375 0.05438888888888888 0.0245390625 0.10591666666666667
0 0.7314375 0.08302777777777778 0.0227109375 0.12661111111111112
0 0.1228828125 0.11449999999999999 0.043953124999999996 0.13456944444444444
0 0.0444765625 0.16608333333333333 0.0343671875 0.11573611111111111
0 0.550609375 0.405 0.023109374999999998 0.13209722222222223
0 0.6461796875 0.034805555555555555 0.0244609375 0.06959722222222223
0 0.8403750000000001 0.021180555555555557 0.0334140625 0.042375
0 0.218765625 0.5193055555555556 0.0414609375 0.15358333333333332
0 0.22455468750000002 0.4490416666666667 0.02615625 0.06333333333333334
0 0.27532812500000003 0.06584722222222222 0.021046875 0.09843055555555556
0 0.620796875 0.030680555555555555 0.0224609375 0.06134722222222223
0 0.18949218750000002 0.50125 0.03471875 0.14743055555555556
0 0.6036718750000001 0.043097222222222224 0.02153125 0.06584722222222222
0 0.250953125 0.5102361111111111 0.036539062500000004 0.1327638888888889
0 0.9468203125000001 0.006958333333333333 0.022421875 0.013625
