0 0.8158828124999999 0.19091666666666668 0.0322578125 0.12994444444444445
0 0.5696640625 0.27434722222222224 0.031546875 0.12747222222222224
0 0.035171875000000005 0.68325 0.0480234375 0.14769444444444446
0 0.6232031250000001 0.4567222222222222 0.033453125 0.12341666666666666
0 0.6665234375 0.41112499999999996 0.0351875 0.14318055555555556
0 0.3683515625 0.1218888888888889 0.027375 0.12319444444444445
0 0.139375 0.9404305555555555 0.055359375 0.11913888888888889
0 0.29600781249999997 0.8404999999999999 0.0499453125 0.17581944444444444
0 0.501625 0.04498611111111111 0.029359375 0.08783333333333333
0 0.486703125 0.27605555555555555 0.028765625 0.13245833333333334
0 0.42072656249999996 0.9628749999999999 0.051492187499999995 0.07423611111111111
0 0.9265156250000001 0.3290277777777778 0.042226562499999995 0.14505555555555555
0 0.9795 0.5966944444444444 0.0409921875 0.15865277777777778
0 0.2838984375 0.6498611111111111 0.0415546875 0.145875
0 0.37446875 0.5068611111111111 0.047078125 0.17616666666666667
0 0.46116406249999997 0.052013888888888894 0.025937500000000002 0.10404166666666666
0 0.5203515624999999 0.5629583333333333 0.04453125 0.17518055555555556
0 0.62671875 0.12870833333333334 0.026945312500000002 0.10506944444444445
0 0.3853671875 0.06552777777777778 0.0268359375 0.10827777777777776
0 0.9730859374999999 0.1989027777777778 0.031875 0.11836111111111111
0 0.534046875 0.043319444444444445 0.01990625 0.08263888888888889
0 0.27765625 0.0652361111111111 0.024890625 0.09552777777777778
0 0.9469296875 0.19368055555555555 0.0325078125 0.10963888888888888
0 0.4399453125 0.051819444444444446 0.0235234375 0.10125
0 0.503015625 0.7018055555555556 0.042875 0.167625
0 0.731359375 0.08254166666666667 0.0229375 0.12740277777777778
0 0.843921875 0.01925 0.027203125 0.0385
0 0.1231484375 0.11644444444444445 0.0401171875 0.13252777777777777
0 0.551625 0.40345833333333336 0.0229921875 0.13219444444444445
0 0.0433984375 0.16656944444444446 0.034796875 0.11541666666666665
0 0.645734375 0.034486111111111106 0.0233359375 0.06897222222222221
0 0.21902343750000003 0.5187361111111112 0.042125 0.15444444444444444
0 0.22409374999999998 0.44981944444444444 0.026921875 0.0626111111111111
0 0.620296875 0.02984722222222222 0.0222734375 0.05969444444444444
0 0.18937500000000002 0.5006666666666667 0.0349609375 0.14756944444444445
0 0.2504921875 0.5109583333333333 0.037359375 0.132875
0 0.6032265625 0.042930555555555555 0.02215625 0.06780555555555555
0 0.9936171874999999 0.027944444444444445 0.012765625 0.05588888888888889
0 0.946828125 0.007 0.022296875 0.013722222222222222
