0 0.8172578125 0.1899861111111111 0.0321796875 0.1288888888888889
0 0.569625 0.27481944444444445 0.032015625 0.12983333333333333
0 0.036117187499999995 0.6839583333333333 0.049109375 0.14894444444444443
0 0.665875 0.4082083333333334 0.035312500000000004 0.14308333333333334
0 0.3681875 0.12065277777777779 0.02740625 0.12334722222222222
0 0.6240390625 0.4576388888888889 0.033210937499999996 0.1223888888888889
0 0.13968750000000002 0.9434305555555556 0.0556875 0.11315277777777778
0 0.29557812499999997 0.8421666666666667 0.04965625 0.1740972222222222
0 0.9264374999999999 0.3329722222222222 0.041023437499999996 0.14468055555555556
0 0.5013046875 0.04525 0.03021875 0.08845833333333333
0 0.3744921875 0.5065694444444445 0.0484609375 0.18080555555555555
0 0.9798515625 0.5980555555555556 0.040296874999999996 0.15727777777777777
0 0.502484375 0.707875 0.0426015625 0.16781944444444444
0 0.627046875 0.12744444444444444 0.026710937499999997 0.10588888888888888
0 0.2834453125 0.6515138888888888 0.0406796875 0.1469861111111111
0 0.3843515625 0.06408333333333334 0.027437499999999997 0.10961111111111112
0 0.5211640625 0.5686666666666667 0.0438203125 0.1745
0 0.486953125 0.2784861111111111 0.028765625 0.13572222222222222
0 0.462 0.05304166666666666 0.024523437500000002 0.10493055555555555
0 0.42084374999999996 0.9626527777777778 0.0512109375 0.07469444444444445
0 0.9727734375000001 0.20093055555555553 0.0322578125 0.11840277777777777
0 0.44000000000000006 0.050694444444444445 0.023421875 0.09876388888888889
0 0.53378125 0.044722222222222226 0.0207890625 0.08590277777777779
0 0.9481718750000001 0.1948888888888889 0.031117187499999997 0.10731944444444444
0 0.84640625 0.019152777777777776 0.0325859375 0.03830555555555555
0 0.7312265625000001 0.08240277777777777 0.02271875 0.12756944444444443
0 0.27961718750000003 0.06566666666666666 0.026734374999999998 0.09359722222222222
0 0.5514140624999999 0.40170833333333333 0.0231640625 0.133
0 0.12190625 0.11526388888888889 0.037953125 0.13015277777777776
0 0.6453359375 0.034458333333333334 0.023109374999999998 0.06890277777777777
0 0.0431328125 0.1669027777777778 0.034648437500000004 0.11561111111111111
0 0.21887500000000001 0.5187222222222222 0.042171875 0.15486111111111112
0 0.22405468750000002 0.4497083333333334 0.026976562500000002 0.06216666666666666
0 0.6195234375 0.03306944444444444 0.0228515625 0.06613888888888889
0 0.6036171875 0.043972222222222225 0.0223046875 0.06845833333333333
0 0.1892265625 0.5006805555555556 0.03490625 0.14802777777777779
0 0.2509765625 0.5065416666666667 0.039125 0.13494444444444445
0 0.9931093750000001 0.028722222222222222 0.01378125 0.057444444444444444
0 0.946828125 0.006986111111111111 0.0225625 0.013666666666666667
