0 0.569703125 0.2734722222222222 0.031953125 0.12968055555555555
0 0.0368046875 0.6854722222222223 0.050398437500000004 0.15140277777777778
0 0.6658203125 0.4044027777777778 0.0362421875 0.14555555555555555
0 0.8169453125 0.18884722222222222 0.0327734375 0.13091666666666668
0 0.2957578125 0.8443055555555555 0.04934375 0.17131944444444444
0 0.625140625 0.45822222222222225 0.0325390625 0.12170833333333332
0 0.500578125 0.04509722222222222 0.029203125000000003 0.08805555555555555
0 0.3682578125 0.11925 0.0278671875 0.12147222222222222
0 0.374171875 0.5055138888888889 0.050375 0.18441666666666667
0 0.1391171875 0.9449722222222222 0.056937499999999995 0.11005555555555555
0 0.9810625 0.6014166666666666 0.037867187499999996 0.16647222222222222
0 0.6272421875 0.127625 0.0272578125 0.10558333333333333
0 0.3843046875 0.06290277777777778 0.0276171875 0.10920833333333332
0 0.92703125 0.33290277777777777 0.0426171875 0.13970833333333335
0 0.44000000000000006 0.05018055555555556 0.023203124999999998 0.09769444444444444
0 0.4871171875 0.2798888888888889 0.0288828125 0.13504166666666667
0 0.46228125000000003 0.051013888888888886 0.02434375 0.10102777777777777
0 0.5335703125 0.04518055555555556 0.02103125 0.08695833333333333
0 0.282765625 0.655375 0.0396484375 0.14845833333333333
0 0.50146875 0.7095416666666666 0.04253125 0.1653888888888889
0 0.8474296875 0.01926388888888889 0.036609375 0.03852777777777778
0 0.5216171875 0.5702638888888889 0.044937500000000005 0.1769027777777778
0 0.97303125 0.2017638888888889 0.0318359375 0.12034722222222223
0 0.42144531250000006 0.9591666666666667 0.052851562500000004 0.08168055555555556
0 0.28121874999999996 0.065 0.028796875 0.09109722222222223
0 0.7311875 0.08233333333333334 0.022546875 0.12804166666666666
0 0.9487500000000001 0.19547222222222224 0.029726562499999998 0.10616666666666666
0 0.5504765625 0.3992222222222222 0.023328124999999998 0.13334722222222223
0 0.6454140625 0.03434722222222222 0.0237109375 0.06869444444444445
0 0.122921875 0.11440277777777778 0.039820312499999996 0.1328611111111111
0 0.042703124999999995 0.16658333333333333 0.035562500000000004 0.1171111111111111
0 0.22375781250000001 0.44856944444444447 0.026984374999999998 0.06272222222222222
0 0.6196953125 0.029583333333333333 0.0229765625 0.059166666666666666
0 0.21869531250000002 0.5186111111111111 0.0418984375 0.15544444444444444
0 0.6032734375000001 0.044875000000000005 0.022359375 0.06762499999999999
0 0.189234375 0.50025 0.034921875000000005 0.14705555555555555
0 0.25070312499999997 0.5073611111111112 0.038328125000000005 0.1349861111111111
0 0.9934843750000001 0.02690277777777778 0.01303125 0.05380555555555556
0 0.9464296875 0.007166666666666667 0.0224296875 0.014027777777777778
0 0.6126640625 0.031152777777777776 0.0197578125 0.06231944444444444
