0 0.6643125000000001 0.3912361111111111 0.038304687500000004 0.13893055555555556
0 0.81465625 0.18620833333333334 0.0304765625 0.13090277777777778
0 0.5695 0.2702777777777778 0.031968750000000004 0.13018055555555555
0 0.6259453125000001 0.47461111111111115 0.032265625 0.125375
0 0.49973437499999995 0.04702777777777778 0.027945312500000003 0.092
0 0.42160937499999995 0.9525138888888888 0.050960937500000004 0.09495833333333334
0 0.2967109375 0.8554444444444443 0.05242187499999999 0.16902777777777778
0 0.9287578125 0.3378888888888889 0.0418125 0.1351388888888889
0 0.50525 0.7245833333333334 0.0426015625 0.16029166666666667
0 0.36817968749999996 0.1171111111111111 0.0291015625 0.12063888888888889
0 0.0401171875 0.7011388888888889 0.0499921875 0.15825
0 0.8527265625 0.01948611111111111 0.041507812500000005 0.03895833333333333
0 0.3756796875 0.50075 0.051796875 0.18220833333333333
0 0.6278203125 0.12625 0.029390624999999997 0.1097638888888889
0 0.46292968749999996 0.04809722222222223 0.024656249999999998 0.09344444444444444
0 0.4393671875 0.050194444444444444 0.02390625 0.09611111111111112
0 0.48631250000000004 0.2845416666666667 0.0280078125 0.13220833333333332
0 0.385265625 0.05763888888888889 0.027945312500000003 0.1067361111111111
0 0.52334375 0.5700416666666667 0.043125000000000004 0.17083333333333334
0 0.9731406249999999 0.20580555555555557 0.0316953125 0.11627777777777777
0 0.282453125 0.6736527777777778 0.0411875 0.1572361111111111
0 0.9823828125 0.6204444444444445 0.0352421875 0.1753611111111111
0 0.533625 0.04695833333333334 0.02096875 0.09023611111111111
0 0.55015625 0.3821111111111111 0.025312499999999998 0.12563888888888888
0 0.14296875 0.9570138888888888 0.05825781249999999 0.08597222222222221
0 0.7310625 0.08233333333333334 0.023765625000000002 0.12836111111111112
0 0.6452734375 0.034180555555555554 0.023304687499999997 0.06834722222222223
0 0.0411796875 0.16702777777777778 0.03596875 0.11961111111111111
0 0.1212265625 0.11444444444444445 0.0365703125 0.12990277777777778
0 0.617890625 0.03161111111111111 0.027046874999999998 0.06320833333333332
0 0.950984375 0.201125 0.030343750000000003 0.11054166666666668
0 0.2905859375 0.06275 0.02834375 0.0926388888888889
0 0.2231875 0.44875000000000004 0.027500000000000004 0.06158333333333334
0 0.2195078125 0.5222083333333334 0.041578125 0.15320833333333334
0 0.9928515625 0.027777777777777776 0.0143046875 0.05556944444444444
0 0.18903125 0.4993888888888889 0.0352890625 0.14545833333333333
0 0.25094531249999996 0.5083888888888889 0.038656249999999996 0.13476388888888888
0 0.602 0.04070833333333333 0.0217734375 0.07377777777777778
0 0.9459921874999999 0.006944444444444444 0.021281249999999998 0.013527777777777777
