0 0.66346875 0.3906805555555556 0.0377109375 0.14240277777777777
0 0.814453125 0.1862638888888889 0.03021875 0.13308333333333333
0 0.569390625 0.269625 0.032265625 0.1311388888888889
0 0.49963281249999997 0.04716666666666667 0.0276796875 0.0922638888888889
0 0.42258593749999995 0.9512916666666666 0.052414062500000004 0.09740277777777777
0 0.62646875 0.47800000000000004 0.031828125 0.12658333333333333
0 0.297203125 0.862638888888889 0.054578125 0.173625
0 0.4859765625 0.2857222222222222 0.028625 0.13215277777777779
0 0.3687265625 0.11695833333333333 0.028585937500000002 0.12370833333333332
0 0.928875 0.34252777777777776 0.041328125 0.13930555555555554
0 0.3860078125 0.056666666666666664 0.0271328125 0.10527777777777778
0 0.6277578125 0.12620833333333334 0.030148437500000003 0.11040277777777777
0 0.5058671875 0.7277638888888889 0.044265624999999996 0.16212500000000002
0 0.4631953125 0.04802777777777777 0.0251875 0.09330555555555556
0 0.375421875 0.4963611111111111 0.049921875 0.1783472222222222
0 0.0413125 0.7079583333333334 0.050109375 0.1626388888888889
0 0.43918749999999995 0.049416666666666664 0.0241015625 0.09470833333333332
0 0.1431171875 0.962125 0.0576796875 0.07575
0 0.5214921875 0.5719583333333333 0.0439921875 0.17352777777777778
0 0.5502343749999999 0.38093055555555555 0.025570312499999998 0.12479166666666666
0 0.8539296875 0.019625 0.041749999999999995 0.03923611111111111
0 0.9816796875 0.6259444444444444 0.036640624999999996 0.1845
0 0.5335078125 0.04656944444444445 0.0208046875 0.08927777777777778
0 0.9733124999999999 0.20701388888888891 0.0314296875 0.11684722222222221
0 0.2831796875 0.6760138888888889 0.04271875 0.15515277777777778
0 0.7309296875 0.08219444444444444 0.023625 0.12837500000000002
0 0.041023437499999996 0.16584722222222223 0.0356015625 0.12209722222222222
0 0.6463125 0.034069444444444444 0.0241953125 0.06813888888888889
0 0.9503671875 0.20119444444444445 0.029164062499999997 0.11272222222222222
0 0.12340625000000001 0.11738888888888889 0.0406171875 0.13434722222222223
0 0.6178203124999999 0.03175 0.0283515625 0.06351388888888888
0 0.28707812499999996 0.06608333333333333 0.0283828125 0.09501388888888888
0 0.223140625 0.44858333333333333 0.0268203125 0.060888888888888895
0 0.21964062499999998 0.5223333333333333 0.0426015625 0.153375
0 0.60221875 0.04198611111111111 0.021406249999999998 0.07176388888888889
0 0.9928750000000001 0.02786111111111111 0.014249999999999999 0.05573611111111111
0 0.251265625 0.5085972222222223 0.0393671875 0.13434722222222223
0 0.19273437499999999 0.49561111111111106 0.036367187499999995 0.14366666666666666
0 0.9461875 0.006944444444444444 0.022078125 0.013569444444444443
