0 0.81425 0.18459722222222222 0.0300859375 0.13244444444444445
0 0.6629921875 0.3883611111111111 0.037265625000000004 0.14143055555555556
0 0.569375 0.26741666666666664 0.031796875 0.129125
0 0.499703125 0.04715277777777778 0.0274296875 0.092
0 0.2974140625 0.8686805555555556 0.054570312499999996 0.179625
0 0.041515625 0.7099444444444445 0.051828125 0.1706527777777778
0 0.3861484375 0.05520833333333333 0.02709375 0.10166666666666667
0 0.6271015625 0.4804305555555556 0.0312109375 0.12411111111111112
0 0.36929687499999997 0.11494444444444445 0.028921875000000003 0.12472222222222222
0 0.48562500000000003 0.285625 0.028945312499999997 0.12983333333333333
0 0.9296953125 0.3405694444444445 0.0411484375 0.13131944444444443
0 0.5065703125 0.7291111111111112 0.0444921875 0.16115277777777778
0 0.6279765625 0.12545833333333334 0.030453124999999998 0.11094444444444444
0 0.422171875 0.9495277777777777 0.050796875 0.10094444444444445
0 0.46341406249999995 0.04683333333333333 0.026039062499999998 0.09144444444444445
0 0.376578125 0.4909722222222222 0.0463203125 0.17327777777777778
0 0.439046875 0.048916666666666664 0.0245390625 0.09397222222222222
0 0.9734375 0.20784722222222224 0.0313671875 0.11712499999999999
0 0.9821796875000001 0.6319583333333333 0.035640624999999995 0.1824027777777778
0 0.521921875 0.5720833333333333 0.044375 0.17229166666666668
0 0.282953125 0.6779027777777777 0.0421796875 0.15513888888888888
0 0.5334296875 0.04669444444444444 0.0204765625 0.08959722222222223
0 0.730921875 0.08229166666666667 0.0238125 0.12816666666666668
0 0.1439609375 0.9650555555555556 0.0551484375 0.06988888888888889
0 0.8581328125000001 0.019194444444444445 0.0435546875 0.03838888888888889
0 0.95015625 0.20323611111111112 0.028367187500000002 0.10975
0 0.6175390625 0.031125 0.028984375 0.06225
0 0.6447109375 0.03398611111111111 0.021843750000000002 0.06797222222222223
0 0.0409921875 0.16683333333333333 0.0352734375 0.12190277777777778
0 0.288125 0.065625 0.0270859375 0.09484722222222224
0 0.55009375 0.3784305555555556 0.02525 0.1257777777777778
0 0.1218515625 0.11605555555555556 0.037765625000000004 0.12769444444444444
0 0.22309375 0.44802777777777775 0.026859375 0.06166666666666666
0 0.21875 0.5189166666666667 0.043703124999999995 0.155375
0 0.6018203125 0.043722222222222225 0.022109375 0.06859722222222223
0 0.9929609375 0.027541666666666666 0.014085937500000001 0.05508333333333333
0 0.1925234375 0.4957361111111111 0.037117187499999996 0.14377777777777778
0 0.251609375 0.5082222222222222 0.0392421875 0.13552777777777777
0 0.9460312500000001 0.006902777777777778 0.0220625 0.013500000000000002
