0 0.5682578125 0.24158333333333332 0.031132812500000002 0.12502777777777777
0 0.6298515625000001 0.513625 0.0386953125 0.12754166666666666
0 0.664625 0.35477777777777775 0.03409375 0.13470833333333332
0 0.27723437500000003 0.7114444444444444 0.041953125 0.14705555555555555
0 0.5019140625 0.05586111111111111 0.028898437500000002 0.1062361111111111
0 0.5117265625 0.7776944444444445 0.047359374999999995 0.1766111111111111
0 0.42135156250000005 0.918611111111111 0.0495 0.16043055555555558
0 0.8797499999999999 0.019916666666666666 0.034187499999999996 0.03981944444444445
0 0.8100546874999999 0.1630138888888889 0.03478125 0.1257222222222222
0 0.2986015625 0.9000555555555555 0.053093749999999995 0.16823611111111111
0 0.4864296875 0.3075555555555555 0.028265625 0.1403888888888889
0 0.3873203125 0.04791666666666667 0.0230078125 0.09234722222222222
0 0.370671875 0.09480555555555556 0.0276484375 0.12091666666666667
0 0.9331171875000001 0.36012500000000003 0.0442578125 0.14256944444444444
0 0.057125 0.7350555555555556 0.0537265625 0.1628888888888889
0 0.532375 0.05455555555555556 0.0214296875 0.09452777777777778
0 0.5483515625 0.35765277777777776 0.02425 0.12444444444444444
0 0.9786171875 0.21495833333333333 0.0329765625 0.1259861111111111
0 0.30096875 0.06430555555555555 0.02753125 0.09483333333333334
0 0.5308828125 0.6130972222222222 0.0533359375 0.18612499999999998
0 0.6438125 0.03463888888888889 0.022765625 0.06926388888888889
0 0.9516562499999999 0.21325 0.030953124999999998 0.11804166666666666
0 0.9834609375 0.6622222222222223 0.0330703125 0.16980555555555557
0 0.46029687499999994 0.044194444444444446 0.027492187499999998 0.08573611111111111
0 0.37909375 0.4516944444444445 0.050992187499999994 0.19301388888888887
0 0.6370859375 0.1094722222222222 0.026468750000000003 0.10065277777777777
0 0.039796874999999995 0.16931944444444444 0.0339921875 0.12211111111111111
0 0.43773437499999995 0.04529166666666667 0.0274296875 0.08776388888888889
0 0.7308125000000001 0.08326388888888889 0.02384375 0.12605555555555556
0 0.12353906249999999 0.12837500000000002 0.048296875 0.13593055555555555
0 0.22810156250000002 0.4455 0.02225 0.05776388888888889
0 0.21794531250000002 0.5192638888888889 0.043875 0.1552361111111111
0 0.9919687500000001 0.025361111111111112 0.0160625 0.050722222222222224
0 0.1882109375 0.4972361111111111 0.031171874999999998 0.1366388888888889
0 0.6101093750000001 0.034555555555555555 0.025171875 0.06911111111111111
0 0.25129687500000003 0.5092777777777778 0.039265625 0.13593055555555555
0 0.47721875 0.020069444444444442 0.0206015625 0.040138888888888884
0 0.150640625 0.9893333333333334 0.04446875 0.021347222222222222
0 0.5954843750000001 0.050680555555555555 0.0191015625 0.05397222222222222
