0 0.5766015624999999 0.1132361111111111 0.0258984375 0.09755555555555555
0 0.7888984375 0.42640277777777774 0.0414453125 0.15118055555555554
0 0.7974765625 0.5658611111111111 0.0441484375 0.1503611111111111
0 0.731765625 0.7394861111111111 0.047921875 0.15761111111111112
0 0.38103125000000004 0.24102777777777776 0.030289062500000002 0.1282361111111111
0 0.97525 0.6554027777777778 0.0495 0.17709722222222224
0 0.40709375000000003 0.43061111111111117 0.0340390625 0.1436111111111111
0 0.9205781249999999 0.14205555555555555 0.034937499999999996 0.09018055555555557
0 0.8879374999999999 0.07884722222222222 0.0309609375 0.11055555555555555
0 0.38846875000000003 0.033125 0.031921875 0.06625
0 0.49812500000000004 0.2516388888888889 0.029890624999999997 0.1211388888888889
0 0.61446875 0.4717361111111111 0.035453125 0.13194444444444445
0 0.6035234375 0.8643055555555554 0.04528125 0.1941111111111111
0 0.9532343750000001 0.22608333333333333 0.031 0.12727777777777777
0 0.0582890625 0.17043055555555556 0.032265625 0.12216666666666666
0 0.9056328125 0.23468055555555556 0.04228125 0.13983333333333334
0 0.1457890625 0.057291666666666664 0.0342890625 0.10930555555555556
0 0.0579921875 0.835875 0.06471875 0.16568055555555555
0 0.43763281249999997 0.019819444444444445 0.0380546875 0.039625
0 0.1452890625 0.5385694444444444 0.042960937500000004 0.16266666666666668
0 0.5324453124999999 0.18004166666666666 0.036789062500000004 0.14206944444444444
0 0.368203125 0.5920277777777778 0.0395625 0.16509722222222223
0 0.626390625 0.16819444444444442 0.03571875 0.12347222222222223
0 0.7338046874999999 0.036125000000000004 0.025289062499999997 0.06966666666666667
0 0.3123046875 0.2464861111111111 0.0327421875 0.08809722222222222
0 0.9543828124999999 0.021069444444444443 0.0208984375 0.042124999999999996
0 0.6404453125 0.1532222222222222 0.0289609375 0.1380138888888889
0 0.2119453125 0.05330555555555556 0.0286015625 0.10309722222222223
0 0.485515625 0.034833333333333334 0.019773437499999998 0.06965277777777777
0 0.312890625 0.34447222222222224 0.04265625 0.1321388888888889
0 0.4521796875 0.11694444444444445 0.027171875 0.12191666666666667
0 0.6895156250000001 0.049527777777777775 0.024671875 0.0952361111111111
0 0.8582578125 0.06447222222222222 0.0188359375 0.10437500000000001
0 0.7310078125 0.10269444444444444 0.0222421875 0.12120833333333333
0 0.42793749999999997 0.11861111111111113 0.02403125 0.12098611111111111
0 0.9925625 0.1468888888888889 0.014828125000000001 0.098625
0 0.1955234375 0.5235555555555556 0.0436171875 0.14315277777777777
0 0.2251484375 0.4674583333333333 0.0251171875 0.058972222222222224
0 0.4849375 0.12316666666666667 0.0376875 0.10705555555555556
0 0.6662343749999999 0.07494444444444445 0.0176171875 0.06965277777777777
0 0.837265625 0.06943055555555556 0.0189453125 0.1005
0 0.2176171875 0.5434444444444444 0.0392421875 0.1507777777777778
0 0.2453046875 0.5292916666666666 0.0463984375 0.1356388888888889
0 0.1570078125 0.010430555555555556 0.0253046875 0.020638888888888887
0 0.10125781250000002 0.009055555555555555 0.0225625 0.017875
0 0.2193359375 0.4756666666666667 0.0204375 0.051236111111111114
