0 0.7895703125 0.4313611111111111 0.0418671875 0.14716666666666667
0 0.3801640625 0.23852777777777778 0.031093749999999996 0.12675
0 0.7992421875 0.5752777777777778 0.046296875 0.16541666666666666
0 0.5774765625 0.11356944444444445 0.02434375 0.0968888888888889
0 0.4975390625 0.25445833333333334 0.030359375 0.12325
0 0.44008593749999997 0.019194444444444445 0.0354921875 0.03838888888888889
0 0.974375 0.6406111111111111 0.05125 0.16544444444444445
0 0.8879140624999999 0.08344444444444445 0.0323203125 0.11861111111111113
0 0.9537265625 0.2274861111111111 0.031203124999999998 0.13006944444444446
0 0.7151875000000001 0.7381944444444445 0.058914062499999996 0.15620833333333334
0 0.3883203125 0.03243055555555556 0.0296875 0.06486111111111112
0 0.602265625 0.849361111111111 0.0469765625 0.1745972222222222
0 0.905671875 0.23615277777777777 0.041515625 0.13541666666666666
0 0.1527578125 0.05668055555555556 0.0360234375 0.10705555555555556
0 0.6128750000000001 0.46852777777777777 0.0345703125 0.1299861111111111
0 0.058273437500000004 0.1708611111111111 0.03209375 0.12208333333333334
0 0.408046875 0.42159722222222223 0.034734375 0.14141666666666666
0 0.9209765624999999 0.14908333333333335 0.03534375 0.09937499999999999
0 0.5324765625000001 0.18408333333333332 0.036703124999999996 0.1411388888888889
0 0.059187500000000004 0.8357222222222223 0.062406249999999996 0.17280555555555555
0 0.1441015625 0.5464305555555555 0.043187500000000004 0.16918055555555556
0 0.6243515625 0.16525 0.0312109375 0.11868055555555555
0 0.48792187499999995 0.034597222222222224 0.02378125 0.06918055555555556
0 0.45190625000000006 0.11505555555555556 0.0259453125 0.11802777777777779
0 0.732796875 0.034111111111111106 0.023078124999999998 0.06566666666666666
0 0.6395078125 0.15138888888888888 0.027523437499999998 0.1365
0 0.36843750000000003 0.5883611111111111 0.042125 0.1728888888888889
0 0.9544296875 0.020569444444444446 0.0209453125 0.04113888888888889
0 0.31271875 0.34773611111111113 0.0436328125 0.12886111111111112
0 0.689453125 0.048874999999999995 0.02471875 0.094375
0 0.42670312499999996 0.11565277777777777 0.0248203125 0.12044444444444444
0 0.21257031249999997 0.051402777777777776 0.027226562500000002 0.09933333333333333
0 0.85234375 0.06861111111111111 0.0295546875 0.108125
0 0.313125 0.24966666666666665 0.0323046875 0.08691666666666667
0 0.9927187500000001 0.14268055555555556 0.014570312499999998 0.09865277777777778
0 0.73109375 0.10219444444444445 0.020429687499999998 0.12200000000000001
0 0.485546875 0.11877777777777777 0.0264296875 0.10120833333333334
0 0.22578125 0.46574999999999994 0.0238671875 0.05326388888888889
0 0.1932265625 0.5223194444444444 0.0408984375 0.1465138888888889
0 0.6658828125 0.07429166666666667 0.017265625 0.07026388888888889
0 0.840203125 0.06777777777777777 0.0186015625 0.10118055555555555
0 0.21447656249999997 0.5377361111111111 0.0469375 0.15790277777777778
0 0.1561015625 0.009819444444444445 0.026875 0.01940277777777778
0 0.1028828125 0.008333333333333333 0.026437500000000003 0.01634722222222222
0 0.2456484375 0.5287638888888888 0.0469375 0.1370138888888889
