0 0.659921875 0.3253888888888889 0.033625 0.13179166666666667
0 0.571125 0.2222361111111111 0.030117187499999996 0.12426388888888888
0 0.5001562500000001 0.06125 0.028726562500000004 0.10531944444444444
0 0.4173125 0.8739722222222223 0.0476796875 0.16990277777777776
0 0.29289062499999996 0.934138888888889 0.0557109375 0.13170833333333334
0 0.51278125 0.8249027777777778 0.047640625 0.19147222222222224
0 0.48567968749999996 0.33299999999999996 0.031984374999999995 0.14079166666666668
0 0.9389531249999999 0.3821805555555556 0.0445234375 0.14875
0 0.6393984374999999 0.5469583333333333 0.0332578125 0.12708333333333333
0 0.08078125 0.7850416666666666 0.0513828125 0.17072222222222222
0 0.3875625 0.03877777777777778 0.024375 0.07756944444444444
0 0.9829062499999999 0.2301527777777778 0.034195312500000005 0.12130555555555556
0 0.27459375 0.7471666666666668 0.0419609375 0.14344444444444446
0 0.370203125 0.07770833333333334 0.026187500000000002 0.116875
0 0.64496875 0.08845833333333333 0.027171875 0.11894444444444445
0 0.43714062499999995 0.03797222222222222 0.026953125 0.07595833333333334
0 0.5319296875 0.06525 0.021687500000000002 0.09768055555555555
0 0.4585390625 0.035083333333333334 0.02425 0.07015277777777777
0 0.5343125 0.6500138888888889 0.0476875 0.1898611111111111
0 0.798828125 0.14276388888888888 0.0296875 0.12511111111111112
0 0.038 0.17297222222222222 0.03053125 0.11358333333333334
0 0.7301953125 0.08361111111111111 0.020109375 0.11983333333333333
0 0.3745 0.42180555555555554 0.044984375 0.16326388888888888
0 0.1237734375 0.14231944444444444 0.0455703125 0.13409722222222223
0 0.5484843749999999 0.33152777777777775 0.020749999999999998 0.12120833333333333
0 0.4851640625 0.022541666666666668 0.0226484375 0.045083333333333336
0 0.9042656250000001 0.02101388888888889 0.02978125 0.04202777777777778
0 0.014601562500000002 0.021458333333333333 0.027390625000000002 0.042916666666666665
0 0.6435859374999999 0.027513888888888886 0.0216953125 0.05504166666666667
0 0.956046875 0.2280972222222222 0.0322734375 0.11005555555555555
0 0.31746093750000004 0.06812499999999999 0.022421875 0.09845833333333333
0 0.9896796875 0.7314861111111111 0.0206328125 0.1574722222222222
0 0.61125 0.034874999999999996 0.02409375 0.06976388888888889
0 0.231046875 0.44602777777777775 0.0230390625 0.060375
0 0.2178359375 0.523625 0.0443828125 0.1532638888888889
0 0.9926171874999999 0.026 0.0147578125 0.05198611111111111
0 0.5931796874999999 0.050263888888888886 0.02053125 0.05608333333333334
0 0.25114843750000004 0.5114027777777778 0.039632812499999996 0.13730555555555554
0 0.19171093749999998 0.49940277777777775 0.0387109375 0.14079166666666668
0 0.5890859374999999 0.04454166666666667 0.020140625000000002 0.05469444444444445
