0 0.6603984374999999 0.314875 0.03515625 0.13899999999999998
0 0.49897656250000005 0.06440277777777778 0.028984375 0.10440277777777777
0 0.292078125 0.9439444444444445 0.056734375000000004 0.1121111111111111
0 0.51609375 0.8435277777777779 0.048515625 0.18348611111111113
0 0.41481250000000003 0.8572638888888889 0.046734375 0.17552777777777778
0 0.5707109375 0.21809722222222222 0.030164062499999998 0.1246111111111111
0 0.9361640625 0.38413888888888886 0.045406249999999995 0.14083333333333334
0 0.0889375 0.8040138888888889 0.0526484375 0.18620833333333334
0 0.7964453125000001 0.1403611111111111 0.0309921875 0.126875
0 0.5364140625 0.6610694444444445 0.048 0.18409722222222225
0 0.3715625 0.07229166666666666 0.0273125 0.11826388888888889
0 0.484875 0.34281944444444445 0.033945312500000005 0.14406944444444444
0 0.642484375 0.5652638888888889 0.0343203125 0.12909722222222222
0 0.269828125 0.7729305555555556 0.043765625 0.15536111111111112
0 0.6463359375 0.08940277777777779 0.0299375 0.12202777777777778
0 0.53190625 0.06806944444444445 0.020703125 0.09525
0 0.37378125 0.4188611111111111 0.0498828125 0.17431944444444444
0 0.4366171875 0.035930555555555556 0.0268984375 0.07184722222222222
0 0.5488359375 0.31616666666666665 0.0235 0.12051388888888888
0 0.7301484375 0.08341666666666667 0.020234375 0.12051388888888888
0 0.9841015625 0.23020833333333332 0.031757812499999996 0.1239861111111111
0 0.3887265625 0.035611111111111114 0.026640625 0.07122222222222223
0 0.959171875 0.23106944444444444 0.033203125 0.1126111111111111
0 0.3263984375 0.06763888888888889 0.0293515625 0.0937638888888889
0 0.12254687500000001 0.148125 0.038703125 0.12975
0 0.0279296875 0.020291666666666666 0.0327890625 0.04059722222222222
0 0.45753125 0.035263888888888886 0.025296875000000003 0.07054166666666667
0 0.0372109375 0.17369444444444446 0.03125 0.11109722222222221
0 0.643828125 0.026236111111111113 0.02253125 0.052472222222222226
0 0.9113749999999999 0.018847222222222224 0.036078125 0.03769444444444445
0 0.48627343749999996 0.021097222222222222 0.022796875 0.042208333333333334
0 0.2184140625 0.5234583333333334 0.0443125 0.14941666666666667
0 0.6061796875 0.035361111111111114 0.0248046875 0.07073611111111111
0 0.23181250000000003 0.44561111111111107 0.023304687499999997 0.058875000000000004
0 0.251453125 0.5116666666666666 0.0391953125 0.136
0 0.1886171875 0.5036111111111111 0.032984374999999996 0.13644444444444442
0 0.991671875 0.7515000000000001 0.0166640625 0.14765277777777777
0 0.59265625 0.050763888888888886 0.019875 0.05293055555555556
0 0.9941875 0.02715277777777778 0.011617187499999999 0.05430555555555556
