0 0.660078125 0.31281944444444443 0.035398437500000005 0.13693055555555556
0 0.4988671875 0.06488888888888888 0.0290625 0.10425000000000001
0 0.292671875 0.9460972222222223 0.057343750000000006 0.10781944444444444
0 0.5167421875 0.8456805555555555 0.049070312500000005 0.18223611111111113
0 0.7960078125 0.13994444444444445 0.0314296875 0.126
0 0.9362421875000001 0.38343055555555555 0.0425703125 0.13383333333333333
0 0.4146015625 0.8555555555555555 0.0468359375 0.17847222222222223
0 0.5705234375 0.21361111111111114 0.030156250000000002 0.12258333333333334
0 0.5369296875 0.6620972222222222 0.048257812500000004 0.18181944444444445
0 0.08946875 0.8117777777777778 0.053828125000000004 0.18325
0 0.485609375 0.34408333333333335 0.03315625 0.14116666666666666
0 0.643171875 0.5662638888888889 0.034687499999999996 0.12958333333333333
0 0.371828125 0.07083333333333333 0.026609375 0.11719444444444443
0 0.26652343749999996 0.7750972222222223 0.042921875 0.16495833333333332
0 0.5316796874999999 0.06873611111111111 0.021015625 0.09440277777777778
0 0.37389843749999996 0.4184027777777778 0.04946875 0.17154166666666668
0 0.6469296875 0.08902777777777778 0.030406250000000003 0.12161111111111111
0 0.029226562499999997 0.020680555555555556 0.0364375 0.04136111111111111
0 0.436921875 0.035541666666666666 0.0270703125 0.07109722222222221
0 0.730796875 0.08376388888888889 0.022226562499999998 0.12344444444444444
0 0.3267734375 0.06731944444444445 0.028015625 0.09597222222222221
0 0.5490078125 0.3160833333333333 0.0230546875 0.11743055555555555
0 0.9842265625 0.23105555555555557 0.0315390625 0.12833333333333335
0 0.3885703125 0.035097222222222224 0.0266796875 0.07020833333333333
0 0.121796875 0.1522222222222222 0.037367187499999996 0.13080555555555556
0 0.9598359375 0.23029166666666667 0.0326875 0.11423611111111111
0 0.45795312499999996 0.035027777777777776 0.024796875 0.07005555555555555
0 0.0370078125 0.17380555555555555 0.031148437499999997 0.11224999999999999
0 0.6439921875 0.027041666666666665 0.02303125 0.05408333333333333
0 0.9157734375000001 0.01876388888888889 0.038015625 0.03752777777777778
0 0.48735937500000004 0.020277777777777777 0.0230859375 0.04055555555555555
0 0.21874218750000002 0.5233333333333333 0.043984375 0.14966666666666667
0 0.606140625 0.035958333333333335 0.0236484375 0.07193055555555555
0 0.23190624999999998 0.44655555555555554 0.02340625 0.059722222222222225
0 0.188203125 0.5040277777777777 0.0323984375 0.13658333333333333
0 0.2516640625 0.5114166666666667 0.039859375 0.1356527777777778
0 0.9917265625 0.7609583333333333 0.016546875 0.1368888888888889
0 0.5924609375000001 0.051194444444444445 0.0196015625 0.05391666666666667
