0 0.6600703125 0.3126805555555556 0.0358203125 0.14126388888888888
0 0.4988984375 0.06593055555555555 0.029171875000000003 0.10495833333333332
0 0.2928046875 0.9494305555555556 0.0577890625 0.101125
0 0.570203125 0.2126527777777778 0.029679687500000003 0.12320833333333332
0 0.795671875 0.13854166666666667 0.0310546875 0.12586111111111112
0 0.5128359375 0.8453194444444444 0.047171875 0.1775138888888889
0 0.41451562500000005 0.852875 0.0457734375 0.1811111111111111
0 0.6437968749999999 0.5670138888888889 0.0351796875 0.12856944444444443
0 0.4855078125 0.34426388888888887 0.0333828125 0.1389861111111111
0 0.9409765625000001 0.39090277777777777 0.0435 0.134125
0 0.0904453125 0.8175694444444445 0.053945312499999995 0.17326388888888888
0 0.5373046875 0.6630555555555555 0.0484609375 0.18375000000000002
0 0.26975 0.7781111111111111 0.042976562499999996 0.16155555555555554
0 0.375140625 0.41774999999999995 0.051468749999999994 0.17031944444444444
0 0.531609375 0.06913888888888889 0.0210859375 0.09483333333333334
0 0.031101562500000002 0.020194444444444442 0.036828125 0.040388888888888884
0 0.371484375 0.06852777777777778 0.02653125 0.11599999999999999
0 0.43698437500000004 0.03438888888888889 0.0251171875 0.06876388888888889
0 0.6465625 0.08794444444444445 0.030625000000000003 0.11993055555555555
0 0.9836640624999999 0.23405555555555557 0.0326796875 0.128625
0 0.12153125000000001 0.1522222222222222 0.036671875 0.13019444444444445
0 0.7308203125 0.08363888888888889 0.0224375 0.123875
0 0.3888828125 0.035361111111111114 0.027242187499999997 0.07072222222222223
0 0.0369921875 0.17394444444444443 0.031125000000000003 0.11227777777777778
0 0.5474921875 0.31333333333333335 0.0229765625 0.11951388888888889
0 0.960234375 0.22941666666666669 0.032625 0.1171111111111111
0 0.3274453125 0.06736111111111111 0.0278984375 0.09512499999999999
0 0.9161171875 0.018583333333333334 0.0376875 0.03716666666666667
0 0.644078125 0.025208333333333333 0.0228359375 0.050416666666666665
0 0.45796875000000004 0.03463888888888889 0.0237734375 0.06926388888888889
0 0.4873671875 0.020388888888888887 0.0228828125 0.040777777777777774
0 0.21896093749999998 0.5231111111111111 0.04403125 0.15091666666666667
0 0.6056171875 0.036708333333333336 0.024015625 0.07343055555555555
0 0.23191406250000002 0.44834722222222223 0.0231171875 0.06169444444444445
0 0.251515625 0.5112916666666667 0.04096875 0.13506944444444444
0 0.188265625 0.504986111111111 0.0325859375 0.1371388888888889
0 0.9914375 0.7684166666666666 0.0171171875 0.1355972222222222
0 0.5922031249999999 0.050944444444444445 0.020125 0.056375
