0 0.5687109375 0.20180555555555557 0.029984375 0.12102777777777778
0 0.40875781250000004 0.825875 0.044351562500000004 0.16801388888888888
0 0.6610703124999999 0.29515277777777776 0.033703125 0.137375
0 0.5139609375 0.8628888888888888 0.0495 0.17623611111111112
0 0.48568749999999994 0.3526944444444444 0.0319765625 0.13802777777777778
0 0.4985234375 0.07480555555555556 0.0278203125 0.11127777777777778
0 0.792765625 0.1245138888888889 0.029664062499999998 0.12141666666666667
0 0.643578125 0.5875416666666666 0.0416875 0.13511111111111113
0 0.9394843749999999 0.41041666666666665 0.0443984375 0.15334722222222222
0 0.4360234375 0.03061111111111111 0.024179687499999998 0.061236111111111116
0 0.097359375 0.8296944444444444 0.051437500000000004 0.14944444444444444
0 0.29525 0.9630833333333333 0.060703125000000004 0.07384722222222223
0 0.2656953125 0.7907777777777778 0.044234375 0.15377777777777776
0 0.037 0.17393055555555556 0.0322734375 0.11115277777777778
0 0.37170312499999997 0.060111111111111115 0.0251484375 0.11423611111111111
0 0.381296875 0.39577777777777773 0.041609375 0.15529166666666666
0 0.5309062499999999 0.07806944444444444 0.022539062500000002 0.10087499999999999
0 0.12156249999999999 0.1521111111111111 0.035976562499999996 0.12726388888888887
0 0.45890624999999996 0.030194444444444444 0.02415625 0.06038888888888889
0 0.5408671875 0.6949722222222222 0.05396093749999999 0.19901388888888888
0 0.5466015625 0.3076527777777778 0.022515625 0.11913888888888889
0 0.6493203125 0.07358333333333333 0.027945312500000003 0.11551388888888889
0 0.7306328125 0.08243055555555556 0.022328124999999997 0.12530555555555556
0 0.389609375 0.03123611111111111 0.029218749999999998 0.06247222222222222
0 0.48757812500000003 0.022458333333333337 0.023265625 0.044916666666666674
0 0.9645468749999999 0.23647222222222222 0.0317109375 0.12004166666666667
0 0.6097734375 0.03293055555555556 0.024234375 0.065875
0 0.218671875 0.5230138888888889 0.044414062500000004 0.1511111111111111
0 0.23238281249999998 0.4490416666666667 0.023429687499999997 0.06222222222222222
0 0.9851093750000001 0.22081944444444446 0.02978125 0.17641666666666667
0 0.33178125 0.06656944444444444 0.01615625 0.09658333333333334
0 0.0414609375 0.01938888888888889 0.028335937500000002 0.03876388888888889
0 0.6440390625 0.023333333333333334 0.024281249999999997 0.04666666666666667
0 0.9254609374999999 0.01838888888888889 0.0437734375 0.03679166666666667
0 0.188453125 0.49802777777777774 0.04065625 0.14168055555555556
0 0.2522890625 0.5076805555555555 0.0393515625 0.1351527777777778
0 0.59103125 0.05173611111111111 0.022343750000000002 0.04718055555555555
