0 0.569046875 0.19681944444444446 0.02978125 0.12119444444444445
0 0.7918203125 0.12426388888888888 0.028796875 0.11552777777777778
0 0.65965625 0.2899305555555556 0.032484374999999996 0.13220833333333332
0 0.6432187500000001 0.590375 0.0432421875 0.1385
0 0.4985390625 0.07615277777777778 0.028367187500000002 0.11258333333333334
0 0.48607812499999997 0.35455555555555557 0.031718750000000004 0.14004166666666668
0 0.4083203125 0.8195972222222222 0.044414062500000004 0.16794444444444445
0 0.2679609375 0.7935694444444444 0.045179687499999996 0.15115277777777777
0 0.518171875 0.8782500000000001 0.050953125 0.18833333333333332
0 0.3716796875 0.059625 0.025773437500000003 0.11458333333333333
0 0.12171875000000001 0.15295833333333334 0.0354296875 0.12634722222222222
0 0.037078125 0.1735138888888889 0.0323359375 0.11113888888888888
0 0.4357265625 0.03120833333333333 0.0256171875 0.06243055555555556
0 0.94021875 0.41231944444444446 0.045515625 0.1530277777777778
0 0.2950546875 0.96575 0.0594921875 0.0685
0 0.0993671875 0.8340138888888889 0.052054687499999995 0.15179166666666669
0 0.5308437500000001 0.07743055555555556 0.0222421875 0.09844444444444443
0 0.4588046875 0.02997222222222222 0.023429687499999997 0.05994444444444444
0 0.54159375 0.6994166666666667 0.0527578125 0.19834722222222223
0 0.381859375 0.3927222222222222 0.041046875 0.15511111111111112
0 0.545703125 0.3055 0.0220546875 0.11904166666666666
0 0.7304140625 0.08227777777777778 0.0220390625 0.1252638888888889
0 0.39034375 0.030208333333333334 0.028296875 0.06041666666666667
0 0.649390625 0.07347222222222222 0.028695312499999997 0.11170833333333334
0 0.48759375 0.021347222222222222 0.0240390625 0.042708333333333334
0 0.9638046875 0.24327777777777776 0.033710937499999996 0.1222638888888889
0 0.609578125 0.03190277777777777 0.023375 0.06381944444444444
0 0.041953125 0.01888888888888889 0.0284921875 0.03777777777777778
0 0.2186875 0.523 0.044265624999999996 0.15073611111111113
0 0.3329140625 0.065625 0.015390625 0.09856944444444445
0 0.23260156250000003 0.4494444444444445 0.0232265625 0.06351388888888888
0 0.9854921875 0.2197222222222222 0.0290078125 0.17836111111111108
0 0.643859375 0.020874999999999998 0.02409375 0.04173611111111111
0 0.18843749999999998 0.49802777777777774 0.0405390625 0.14183333333333334
0 0.9279609375 0.018097222222222223 0.040546874999999996 0.036180555555555556
0 0.2488671875 0.5151527777777778 0.0375859375 0.13329166666666667
0 0.5910624999999999 0.052111111111111115 0.0224453125 0.04745833333333334
