0 0.5705625000000001 0.18543055555555554 0.029898437500000003 0.11544444444444445
0 0.5005625 0.08240277777777777 0.028695312499999997 0.11177777777777778
0 0.11202343749999999 0.8621805555555555 0.0546796875 0.17426388888888888
0 0.6476484375 0.6145833333333334 0.037546875 0.12936111111111112
0 0.51715625 0.9078194444444444 0.0502109375 0.17816666666666667
0 0.659640625 0.2788611111111111 0.030796875 0.13522222222222222
0 0.944234375 0.42723611111111115 0.043046875 0.15361111111111111
0 0.2650625 0.832125 0.0461015625 0.1597361111111111
0 0.4881875 0.3672916666666666 0.029679687500000003 0.13166666666666665
0 0.7862578124999999 0.11309722222222224 0.029109375 0.11083333333333333
0 0.0381875 0.17368055555555556 0.0347890625 0.10611111111111111
0 0.5309062499999999 0.08806944444444444 0.02215625 0.09791666666666667
0 0.41125 0.7948055555555555 0.044046875 0.17405555555555555
0 0.434828125 0.028305555555555553 0.022140625 0.056611111111111105
0 0.5414609375 0.7165555555555555 0.05234375 0.18404166666666666
0 0.3713515625 0.050041666666666665 0.0242734375 0.10008333333333333
0 0.05988281250000001 0.018180555555555554 0.034398437500000004 0.036375000000000005
0 0.7299375 0.08163888888888889 0.0196171875 0.11706944444444445
0 0.380640625 0.3787916666666667 0.047234375 0.16881944444444444
0 0.6566484375 0.07048611111111111 0.027953125000000002 0.10052777777777777
0 0.1214375 0.1646111111111111 0.0369765625 0.12818055555555558
0 0.45932031249999994 0.02834722222222222 0.0212109375 0.05669444444444444
0 0.939625 0.017708333333333333 0.035476562499999996 0.035402777777777776
0 0.28440625 0.9828888888888888 0.0511796875 0.03422222222222222
0 0.645046875 0.034749999999999996 0.0234609375 0.06949999999999999
0 0.48920312499999996 0.023666666666666666 0.0256015625 0.04733333333333333
0 0.546484375 0.2864861111111111 0.02025 0.11766666666666667
0 0.3469609375 0.06977777777777779 0.029359375 0.09400000000000001
0 0.3910546875 0.029138888888888888 0.018015625 0.058277777777777776
0 0.609953125 0.03858333333333334 0.0243984375 0.07718055555555556
0 0.23327343749999999 0.4499444444444444 0.024492187500000002 0.06708333333333333
0 0.21863281250000002 0.5228333333333334 0.043796875 0.151
0 0.9856718750000001 0.21170833333333333 0.028664062499999997 0.2058611111111111
0 0.9859843749999999 0.2544166666666667 0.0270546875 0.12051388888888888
0 0.603890625 0.03875 0.0253984375 0.0775
0 0.24997656250000003 0.5145277777777777 0.0404375 0.1332361111111111
0 0.96796875 0.2391111111111111 0.02753125 0.13191666666666668
0 0.1923125 0.496875 0.036539062500000004 0.14195833333333333
0 0.23679687500000002 0.45740277777777777 0.034437499999999996 0.08377777777777778
0 0.5866796875 0.04806944444444444 0.021359375 0.050097222222222224
0 0.591078125 0.050986111111111114 0.0219140625 0.04658333333333333
