0 0.5002187499999999 0.08255555555555555 0.028937499999999998 0.11226388888888889
0 0.5709375 0.1833611111111111 0.029218749999999998 0.11755555555555555
0 0.6594765625 0.27627777777777773 0.031171874999999998 0.13458333333333333
0 0.5176875 0.9126388888888889 0.050554687499999994 0.17280555555555555
0 0.03875 0.17319444444444446 0.036117187499999995 0.10679166666666667
0 0.5303828125 0.08956944444444444 0.0231796875 0.09943055555555556
0 0.6478828125 0.6170833333333333 0.0372734375 0.13395833333333335
0 0.48859375 0.3694722222222222 0.030375000000000003 0.13277777777777777
0 0.785625 0.114125 0.02834375 0.11504166666666667
0 0.411890625 0.7911805555555556 0.046828125 0.177375
0 0.9478125000000001 0.4298194444444445 0.046164062500000005 0.1517222222222222
0 0.2643046875 0.8370277777777777 0.046609374999999995 0.16169444444444445
0 0.43467968749999997 0.02791666666666667 0.024078125 0.05583333333333334
0 0.11246875 0.8639166666666667 0.053734375 0.1692638888888889
0 0.371453125 0.049972222222222216 0.026171875 0.09994444444444443
0 0.5417265625 0.7249444444444445 0.0528359375 0.18569444444444444
0 0.9401875000000001 0.017722222222222223 0.036289062500000004 0.035444444444444445
0 0.38079687500000003 0.37819444444444444 0.0488828125 0.1720972222222222
0 0.7297890625 0.08166666666666667 0.0199453125 0.11761111111111112
0 0.4899296875 0.024319444444444446 0.027273437499999997 0.04865277777777778
0 0.12117968750000001 0.1661111111111111 0.0373046875 0.128
0 0.060765625000000004 0.017958333333333333 0.033546875 0.035930555555555556
0 0.45941406249999994 0.027944444444444445 0.023625 0.05588888888888889
0 0.6578359375 0.07298611111111111 0.027375 0.10397222222222222
0 0.6448359375 0.034569444444444444 0.021515625 0.069125
0 0.2847109375 0.9854583333333333 0.0510859375 0.029069444444444443
0 0.5469296875 0.28068055555555554 0.02103125 0.11666666666666667
0 0.3904453125 0.028152777777777777 0.02 0.05630555555555555
0 0.3479140625 0.07006944444444445 0.029546875 0.09533333333333334
0 0.2184609375 0.5227083333333333 0.044296875 0.15081944444444445
0 0.23386718750000002 0.451 0.025820312499999998 0.07034722222222221
0 0.6061875 0.04009722222222222 0.025203125 0.07980555555555556
0 0.985015625 0.21204166666666666 0.0299609375 0.209625
0 0.9870703125 0.25775000000000003 0.025023437500000002 0.118625
0 0.1918515625 0.4955972222222222 0.037078125 0.1436527777777778
0 0.25110156250000004 0.5156666666666666 0.039781250000000004 0.12937500000000002
0 0.7782578124999999 0.9892777777777777 0.049789062499999995 0.021458333333333333
0 0.9684140625 0.24388888888888888 0.026289062499999998 0.12766666666666668
0 0.5911015625 0.051375000000000004 0.0224609375 0.04826388888888889
