0 0.6588359374999999 0.25763888888888886 0.033695312500000005 0.13370833333333332
0 0.57175 0.1760138888888889 0.029179687500000002 0.11775000000000001
0 0.5198125 0.9191666666666666 0.047734375 0.15541666666666668
0 0.49954687499999995 0.08870833333333333 0.0303125 0.11720833333333333
0 0.11532031250000001 0.8978194444444444 0.055015625 0.18761111111111112
0 0.039015625 0.17291666666666666 0.035398437500000005 0.10644444444444444
0 0.9475546874999999 0.43969444444444444 0.0453984375 0.15269444444444444
0 0.4098515625 0.7640833333333333 0.044046875 0.16404166666666667
0 0.5301171874999999 0.09334722222222222 0.022609375 0.09904166666666667
0 0.7848828125 0.10273611111111111 0.027687499999999997 0.11449999999999999
0 0.490453125 0.38845833333333335 0.033523437499999996 0.14504166666666668
0 0.2616171875 0.8480833333333333 0.048562499999999995 0.15961111111111112
0 0.5424375 0.7532500000000001 0.0536015625 0.20408333333333334
0 0.49368749999999995 0.02511111111111111 0.0261796875 0.05022222222222222
0 0.4336875 0.023847222222222225 0.0231484375 0.04768055555555555
0 0.6501171875 0.6369722222222223 0.0363359375 0.13831944444444444
0 0.3818828125 0.3555138888888889 0.048593750000000005 0.17097222222222222
0 0.45944531250000004 0.02651388888888889 0.0223203125 0.05301388888888889
0 0.7295078125 0.07970833333333334 0.020992187500000002 0.11779166666666667
0 0.6458125 0.03297222222222222 0.0234140625 0.06594444444444444
0 0.3915 0.022166666666666668 0.018664062500000002 0.044333333333333336
0 0.3703359375 0.04541666666666667 0.027437499999999997 0.08972222222222222
0 0.5476484375 0.2736388888888889 0.0220390625 0.1218611111111111
0 0.11892968749999999 0.165375 0.037375000000000005 0.12633333333333333
0 0.6609296875 0.06413888888888888 0.026664062500000002 0.10559722222222222
0 0.6111953125 0.035555555555555556 0.025828125 0.07111111111111111
0 0.21838281249999997 0.5214444444444445 0.0435234375 0.14983333333333332
0 0.9818671875 0.21266666666666667 0.036265625 0.21980555555555553
0 0.3516015625 0.06520833333333334 0.025203125 0.099625
0 0.946296875 0.016555555555555556 0.0385390625 0.03311111111111111
0 0.233546875 0.4489722222222222 0.0246796875 0.06787499999999999
0 0.2508828125 0.5155833333333334 0.0369375 0.12555555555555556
0 0.0677109375 0.017138888888888888 0.0228828125 0.034277777777777775
0 0.188671875 0.5046527777777778 0.03334375 0.14123611111111112
0 0.9638828125 0.2693055555555556 0.028273437499999998 0.09143055555555556
