0 0.6590859375 0.25272222222222224 0.03284375 0.1312361111111111
0 0.571375 0.1713611111111111 0.029179687500000002 0.11840277777777777
0 0.5212656250000001 0.923861111111111 0.048171874999999996 0.1456111111111111
0 0.0386953125 0.17180555555555557 0.0350390625 0.10615277777777779
0 0.4995234375 0.09093055555555556 0.030265625 0.11530555555555555
0 0.2610859375 0.8503888888888889 0.0467265625 0.15568055555555557
0 0.11859375000000001 0.898125 0.0562109375 0.20373611111111112
0 0.785671875 0.09766666666666665 0.026023437500000003 0.11823611111111111
0 0.9475390625 0.43983333333333335 0.0452734375 0.15119444444444444
0 0.40444531250000004 0.7522916666666666 0.041749999999999995 0.15965277777777778
0 0.5296796875 0.09388888888888888 0.0224765625 0.09724999999999999
0 0.49107031250000005 0.39263888888888887 0.035328125 0.14548611111111112
0 0.54353125 0.7582916666666667 0.0531953125 0.2012361111111111
0 0.4943046875 0.026458333333333334 0.0244765625 0.05293055555555556
0 0.652453125 0.6401388888888888 0.036609375 0.1413888888888889
0 0.4586953125 0.024138888888888887 0.0200703125 0.048277777777777774
0 0.381671875 0.35565277777777776 0.04990625 0.16145833333333334
0 0.729640625 0.079875 0.020499999999999997 0.11856944444444445
0 0.4352890625 0.02322222222222222 0.019953125 0.04644444444444444
0 0.5483984375000001 0.2709722222222222 0.021703125 0.11755555555555555
0 0.6463828125 0.03197222222222222 0.024304687499999998 0.06394444444444444
0 0.392203125 0.02073611111111111 0.017171875 0.04148611111111111
0 0.7561640625 0.9717916666666667 0.048703125 0.056416666666666664
0 0.1191796875 0.16547222222222221 0.0375234375 0.12413888888888888
0 0.6627890625 0.05973611111111111 0.028499999999999998 0.10866666666666666
0 0.369484375 0.04629166666666666 0.02684375 0.09259722222222222
0 0.2184609375 0.519375 0.0427578125 0.150625
0 0.6107734375 0.03804166666666667 0.028304687499999998 0.07608333333333334
0 0.9790390625000001 0.20565277777777777 0.0419296875 0.226
0 0.234421875 0.4478888888888889 0.025765624999999997 0.06747222222222223
0 0.949390625 0.016180555555555556 0.0338515625 0.03236111111111111
0 0.07132812499999999 0.01588888888888889 0.021625 0.03177777777777778
0 0.3556953125 0.06352777777777778 0.019328124999999998 0.10447222222222222
0 0.2504296875 0.5130416666666666 0.037929687499999996 0.1284583333333333
0 0.1886640625 0.5048888888888888 0.032171875 0.1411111111111111
0 0.9879296875 0.2129861111111111 0.0241484375 0.22165277777777778
