0 0.78321875 0.0932638888888889 0.0273984375 0.11963888888888889
0 0.5709765625000001 0.16633333333333333 0.028703125000000003 0.11505555555555556
0 0.4994140625 0.09722222222222222 0.0297109375 0.11236111111111112
0 0.039281250000000004 0.17258333333333334 0.0372734375 0.10879166666666666
0 0.491421875 0.400875 0.035046875 0.13983333333333334
0 0.653578125 0.6545694444444444 0.0412421875 0.13459722222222223
0 0.5250546875000001 0.9345972222222222 0.0516953125 0.1233888888888889
0 0.12453906249999999 0.9139027777777777 0.057843750000000006 0.16718055555555555
0 0.947828125 0.44593055555555555 0.0449609375 0.15315277777777778
0 0.6584921875 0.24708333333333335 0.0333828125 0.1356388888888889
0 0.25568749999999996 0.8795138888888889 0.0479921875 0.1710972222222222
0 0.546765625 0.7716805555555556 0.053453125000000004 0.20602777777777778
0 0.5295390624999999 0.09759722222222221 0.023234374999999998 0.09908333333333334
0 0.4061484375 0.741736111111111 0.043125000000000004 0.17223611111111112
0 0.730609375 0.07904166666666666 0.019890625000000002 0.12083333333333333
0 0.7440781249999999 0.9584027777777777 0.056320312500000004 0.08319444444444445
0 0.3763828125 0.3404861111111111 0.041640625 0.1579722222222222
0 0.1194609375 0.17591666666666667 0.040359374999999996 0.13419444444444445
0 0.663875 0.06101388888888889 0.028125 0.10648611111111111
0 0.49683593750000005 0.027166666666666665 0.0251171875 0.05433333333333333
0 0.548875 0.2585972222222222 0.0225234375 0.11747222222222221
0 0.64615625 0.03131944444444445 0.02328125 0.0626388888888889
0 0.43550000000000005 0.02188888888888889 0.0195546875 0.04377777777777778
0 0.080171875 0.016583333333333332 0.032734374999999996 0.033166666666666664
0 0.45885156250000003 0.02251388888888889 0.0191953125 0.04502777777777778
0 0.9786718750000001 0.19654166666666664 0.04265625 0.22109722222222222
0 0.2194296875 0.5205138888888888 0.04334375 0.15090277777777777
0 0.3924296875 0.019680555555555555 0.017499999999999998 0.039375
0 0.6114531249999999 0.03730555555555556 0.0273203125 0.07461111111111111
0 0.370171875 0.034486111111111106 0.025984374999999997 0.06897222222222221
0 0.2350859375 0.4490416666666667 0.0261796875 0.06613888888888889
0 0.9904921874999999 0.268125 0.0190234375 0.12268055555555556
0 0.9629843749999999 0.016430555555555556 0.0315234375 0.03286111111111111
0 0.25040625 0.5135972222222223 0.0369375 0.12779166666666666
0 0.005234375 0.2707777777777778 0.0099765625 0.10923611111111112
0 0.36589062499999997 0.07184722222222222 0.0240703125 0.08894444444444445
0 0.18759375 0.49655555555555553 0.0420390625 0.14031944444444444
0 0.5895078125000001 0.04670833333333334 0.0181015625 0.06126388888888889
0 0.5942734375 0.048916666666666664 0.019546875 0.06202777777777777
