0 0.7796093749999999 0.086625 0.02953125 0.12355555555555554
0 0.6532265625 0.67475 0.0454765625 0.14705555555555555
0 0.6616484375 0.23123611111111111 0.0315 0.12984722222222222
0 0.5698046875 0.15843055555555555 0.027703125000000002 0.11845833333333335
0 0.4993203125 0.09720833333333333 0.029421874999999997 0.11041666666666666
0 0.12923437499999998 0.9217083333333334 0.061546875 0.14931944444444445
0 0.4913125 0.40423611111111113 0.032468750000000005 0.14093055555555556
0 0.5288906250000001 0.9459583333333333 0.054398437499999994 0.10806944444444445
0 0.4025546875 0.7239305555555556 0.040531250000000005 0.17169444444444446
0 0.9487421875000001 0.45412500000000006 0.0452109375 0.151125
0 0.038921875 0.16923611111111111 0.0367578125 0.11159722222222221
0 0.6660390625 0.05241666666666667 0.026625 0.0974861111111111
0 0.529578125 0.1009861111111111 0.023765625000000002 0.09743055555555556
0 0.5451875 0.7777916666666667 0.05271875 0.18654166666666666
0 0.7330390625 0.9402222222222223 0.060804687499999996 0.11954166666666666
0 0.7316640624999999 0.07918055555555556 0.02434375 0.12322222222222222
0 0.2542109375 0.9002916666666667 0.048296875 0.1816111111111111
0 0.3765078125 0.3336388888888889 0.0485546875 0.16816666666666666
0 0.49846874999999996 0.02694444444444444 0.027859375 0.05388888888888888
0 0.9757734375 0.17673611111111112 0.0484453125 0.1393888888888889
0 0.6467890625 0.03148611111111111 0.0241328125 0.06297222222222222
0 0.3718359375 0.025236111111111112 0.0235234375 0.050472222222222224
0 0.5478125 0.25397222222222227 0.023140625 0.12211111111111111
0 0.3740625 0.06320833333333332 0.029562500000000002 0.09719444444444444
0 0.122265625 0.17781944444444445 0.041249999999999995 0.13683333333333333
0 0.4586015625 0.020847222222222222 0.01928125 0.041694444444444444
0 0.22007812499999999 0.5168055555555556 0.04378125 0.14920833333333333
0 0.43628906250000005 0.018375 0.01753125 0.03675
0 0.9666953125 0.012402777777777778 0.041203125 0.024819444444444446
0 0.3931015625 0.017513888888888888 0.0163359375 0.03501388888888889
0 0.23735937499999998 0.4494444444444445 0.03053125 0.06554166666666666
0 0.61209375 0.03908333333333333 0.026468750000000003 0.07816666666666666
0 0.0070078125 0.2840833333333333 0.013609375000000002 0.08986111111111111
0 0.24884374999999997 0.49919444444444444 0.0376640625 0.13081944444444443
0 0.9799140625 0.2574166666666667 0.0357109375 0.12084722222222223
0 0.18953124999999998 0.5022916666666666 0.0330625 0.13731944444444444
0 0.8078984374999999 0.9831111111111112 0.052796875 0.03377777777777778
0 0.090734375 0.012972222222222222 0.0355703125 0.025944444444444444
0 0.9822109375 0.21568055555555554 0.0355703125 0.2016111111111111
0 0.992171875 0.2663611111111111 0.0156640625 0.12383333333333332
0 0.5968515625 0.042541666666666665 0.022421875 0.07790277777777778
0 0.5911953125 0.04023611111111111 0.0224921875 0.07834722222222222
