0 0.6539531249999999 0.6798055555555556 0.045164062500000005 0.14644444444444443
0 0.660140625 0.2279861111111111 0.03078125 0.12662500000000002
0 0.131203125 0.9254166666666666 0.0605546875 0.14238888888888887
0 0.5298984375 0.9487777777777778 0.055304687500000005 0.10244444444444445
0 0.7785859375 0.08251388888888889 0.02878125 0.11833333333333333
0 0.4995078125 0.09805555555555555 0.029414062499999998 0.11243055555555556
0 0.5698515625 0.15275 0.028109375 0.11623611111111111
0 0.038828125000000005 0.16811111111111113 0.036375000000000005 0.11109722222222221
0 0.4065625 0.72375 0.0413515625 0.17298611111111112
0 0.4918828125 0.40670833333333334 0.032703125 0.14005555555555557
0 0.94903125 0.456875 0.04453125 0.151625
0 0.7241875 0.9390000000000001 0.0638828125 0.11890277777777777
0 0.52996875 0.10279166666666667 0.023671875000000002 0.09987499999999999
0 0.5460625 0.7824166666666668 0.05275 0.18969444444444447
0 0.666796875 0.05134722222222222 0.027484375 0.09972222222222221
0 0.25422656250000003 0.9054861111111112 0.048359374999999996 0.17579166666666665
0 0.7318359375 0.0777638888888889 0.02475 0.12484722222222222
0 0.3768828125 0.33034722222222224 0.0467421875 0.1689027777777778
0 0.4989296875 0.026444444444444444 0.0287109375 0.052902777777777785
0 0.37146093750000003 0.02801388888888889 0.0256171875 0.05602777777777778
0 0.64696875 0.03202777777777777 0.024171875000000002 0.06406944444444444
0 0.37315624999999997 0.06559722222222222 0.0313515625 0.09418055555555556
0 0.12221875 0.17856944444444445 0.0408359375 0.13669444444444445
0 0.5473828125 0.25240277777777775 0.0224375 0.12076388888888889
0 0.458859375 0.02034722222222222 0.019289062500000002 0.04069444444444444
0 0.9741484375 0.17368055555555556 0.0516953125 0.15091666666666667
0 0.43644531249999996 0.017555555555555557 0.017765625 0.035097222222222224
0 0.22014062499999998 0.5165833333333333 0.0443671875 0.14947222222222223
0 0.967734375 0.012277777777777778 0.0426171875 0.02454166666666667
0 0.8036406250000001 0.9808472222222223 0.04890625 0.03830555555555555
0 0.23489062500000002 0.4483611111111111 0.025453125 0.06156944444444444
0 0.393109375 0.017194444444444446 0.016765625 0.03438888888888889
0 0.6106328125 0.03855555555555556 0.0290859375 0.07709722222222222
0 0.9794609375000001 0.25943055555555555 0.03665625 0.12638888888888888
0 0.007539062500000001 0.2790694444444445 0.014656250000000001 0.10344444444444445
0 0.0913984375 0.011875 0.036125000000000004 0.02375
0 0.2504609375 0.5064444444444445 0.039773437499999995 0.13166666666666665
0 0.18953906250000002 0.5016111111111111 0.0334296875 0.13899999999999998
0 0.5968828125 0.041777777777777775 0.0228125 0.07813888888888888
0 0.5909765625000001 0.03958333333333333 0.023234374999999998 0.07870833333333334
