0 0.6546328124999999 0.681763888888889 0.0435703125 0.14468055555555556
0 0.66034375 0.22529166666666667 0.0310859375 0.12756944444444443
0 0.5297031249999999 0.950625 0.0543359375 0.09874999999999999
0 0.778484375 0.07993055555555555 0.0286015625 0.11752777777777779
0 0.5699453125 0.1505138888888889 0.028625 0.118125
0 0.49995312500000005 0.10031944444444445 0.0300234375 0.11394444444444446
0 0.4026640625 0.7168472222222222 0.039953125 0.1723888888888889
0 0.4928125 0.4095833333333333 0.0326875 0.13980555555555554
0 0.0391640625 0.16847222222222222 0.0360546875 0.112125
0 0.9496796875 0.4534444444444445 0.044187500000000005 0.13777777777777778
0 0.53028125 0.10322222222222222 0.023765625000000002 0.09888888888888889
0 0.7250703125 0.938875 0.062265625000000005 0.12225
0 0.25393750000000004 0.9083888888888888 0.0480546875 0.17156944444444444
0 0.5466484375 0.7890277777777778 0.053234375 0.19290277777777776
0 0.731671875 0.07690277777777778 0.02525 0.12563888888888888
0 0.49875781249999995 0.026541666666666665 0.029726562499999998 0.05306944444444445
0 0.6677421875 0.05038888888888889 0.026500000000000003 0.09870833333333333
0 0.37707812500000004 0.32926388888888886 0.0457734375 0.16555555555555557
0 0.9688515625 0.012097222222222223 0.0405390625 0.024194444444444446
0 0.1326171875 0.9251666666666667 0.059453124999999996 0.142375
0 0.647546875 0.03245833333333333 0.0253046875 0.06491666666666666
0 0.5477109375 0.249 0.022609375 0.12152777777777778
0 0.12253125000000001 0.1829583333333333 0.044296875 0.13805555555555557
0 0.9688593750000001 0.17019444444444445 0.0509765625 0.13279166666666667
0 0.9803124999999999 0.2586805555555556 0.035164062499999996 0.12241666666666667
0 0.3709296875 0.03156944444444444 0.026921875 0.06313888888888888
0 0.4365234375 0.01688888888888889 0.018375 0.033763888888888885
0 0.4589921875 0.020083333333333335 0.019171874999999998 0.04016666666666667
0 0.22034375 0.5167916666666666 0.04359375 0.14933333333333332
0 0.23474218750000003 0.44797222222222227 0.024015625 0.061097222222222226
0 0.0079453125 0.2864027777777778 0.015375 0.08747222222222222
0 0.8025546875 0.9764305555555555 0.058374999999999996 0.04713888888888888
0 0.3933046875 0.01359722222222222 0.0168984375 0.027208333333333334
0 0.0917421875 0.01148611111111111 0.034734375 0.02297222222222222
0 0.61109375 0.03801388888888889 0.029226562499999997 0.07601388888888888
0 0.250140625 0.5067083333333333 0.03896875 0.13109722222222223
0 0.3751640625 0.0649861111111111 0.029328125 0.09608333333333334
0 0.1898359375 0.5014166666666666 0.034187499999999996 0.14298611111111112
0 0.11953125 0.9286666666666666 0.0465390625 0.14265277777777777
0 0.13382812500000002 0.9514305555555556 0.055460937499999995 0.09604166666666668
0 0.5968125 0.04136111111111111 0.022765625 0.07727777777777778
