0 0.6613125 0.197875 0.0318046875 0.1289722222222222
0 0.5689921874999999 0.12769444444444444 0.027859375 0.11379166666666668
0 0.501359375 0.11759722222222223 0.0324375 0.11529166666666667
0 0.4023671875 0.6635555555555556 0.0422890625 0.164875
0 0.0401328125 0.16708333333333333 0.037359375 0.1109861111111111
0 0.6625625 0.73475 0.040625 0.14831944444444445
0 0.8006015625 0.9349861111111112 0.053015625 0.1300138888888889
0 0.7716640625 0.059500000000000004 0.028546875 0.11190277777777777
0 0.9524062499999999 0.48840277777777774 0.046859374999999995 0.15022222222222223
0 0.7323125 0.07631944444444445 0.0230234375 0.1257638888888889
0 0.5503359375 0.8451666666666666 0.056921875 0.19709722222222223
0 0.5310703125 0.11668055555555557 0.023578125 0.10008333333333333
0 0.6737031250000001 0.041833333333333333 0.025625 0.080125
0 0.4966328125 0.4479166666666667 0.0330234375 0.14631944444444445
0 0.24591406249999997 0.9380000000000001 0.051437500000000004 0.11668055555555557
0 0.68378125 0.8972083333333334 0.06321875 0.19872222222222224
0 0.382421875 0.29825 0.0435234375 0.1721111111111111
0 0.5001875 0.036083333333333335 0.02828125 0.06794444444444445
0 0.64621875 0.03258333333333333 0.0198359375 0.06515277777777777
0 0.372015625 0.025611111111111112 0.0228828125 0.051236111111111114
0 0.11961718750000001 0.19652777777777777 0.0430703125 0.138625
0 0.155046875 0.9659166666666668 0.0645703125 0.06816666666666667
0 0.5506562500000001 0.22036111111111112 0.0233828125 0.11470833333333334
0 0.6112265625 0.034361111111111106 0.0235078125 0.06872222222222221
0 0.22086718749999998 0.5163194444444444 0.044859375 0.15088888888888888
0 0.9488671875 0.15205555555555555 0.0563125 0.12262500000000001
0 0.9671796875 0.14172222222222222 0.0327734375 0.13776388888888888
0 0.9688515625 0.09833333333333333 0.02275 0.06552777777777778
0 0.39725781250000003 0.06622222222222222 0.022859375 0.0936388888888889
0 0.23653906249999998 0.44825000000000004 0.0273203125 0.056013888888888884
0 0.189359375 0.4981111111111111 0.03278125 0.14049999999999999
0 0.9861718749999999 0.01148611111111111 0.026265624999999997 0.022555555555555554
0 0.43852343749999995 0.013430555555555555 0.017906250000000002 0.02686111111111111
0 0.985734375 0.26390277777777776 0.0285390625 0.16097222222222224
0 0.2487109375 0.498125 0.0375078125 0.13177777777777777
0 0.9898515625 0.1252222222222222 0.020296875 0.12384722222222222
0 0.460625 0.013958333333333335 0.015609375 0.027625
0 0.5937421875 0.04159722222222222 0.019421874999999998 0.06873611111111111
0 0.0096796875 0.30140277777777774 0.0185546875 0.113625
