0 0.66153125 0.1976527777777778 0.031546875 0.1307638888888889
0 0.5690937500000001 0.1290138888888889 0.027625 0.11179166666666666
0 0.6612421875 0.7365972222222222 0.040171875 0.13973611111111112
0 0.5011640625 0.12130555555555556 0.0321796875 0.11487499999999999
0 0.7703984375 0.05802777777777778 0.0285625 0.11133333333333333
0 0.4022421875 0.6579166666666667 0.0424296875 0.16147222222222224
0 0.49715625 0.45418055555555553 0.033195312500000004 0.14641666666666667
0 0.04015625 0.16831944444444444 0.0371796875 0.11181944444444446
0 0.8008749999999999 0.93225 0.05284375 0.1355
0 0.5508203125 0.8520277777777778 0.0571484375 0.2101111111111111
0 0.5310703125 0.11766666666666667 0.0239765625 0.1005
0 0.7322578125 0.07723611111111112 0.0234375 0.1265
0 0.9516796875000001 0.4929166666666666 0.046468749999999996 0.15065277777777777
0 0.6735234375 0.041958333333333334 0.025796875000000004 0.08058333333333334
0 0.24512499999999998 0.9360416666666668 0.0528671875 0.12048611111111111
0 0.6824375 0.9042916666666667 0.0611015625 0.19140277777777778
0 0.382375 0.2959861111111111 0.043109375 0.17131944444444444
0 0.500265625 0.03641666666666667 0.028929687500000002 0.068875
0 0.371375 0.024333333333333332 0.0249296875 0.048666666666666664
0 0.6462109375 0.03281944444444444 0.0200546875 0.06563888888888889
0 0.5506562500000001 0.21944444444444444 0.022890625 0.11422222222222221
0 0.119953125 0.201125 0.051296875 0.14619444444444446
0 0.6113203125 0.034402777777777775 0.02365625 0.06881944444444445
0 0.22078125 0.5169305555555556 0.043921875 0.14973611111111113
0 0.1541875 0.9678472222222223 0.0641484375 0.06430555555555555
0 0.9855546875 0.26363888888888887 0.028890624999999996 0.163
0 0.957046875 0.14597222222222223 0.0463125 0.12906944444444446
0 0.39725781250000003 0.06377777777777778 0.0203203125 0.09902777777777777
0 0.18910156250000001 0.4979583333333333 0.0325078125 0.13980555555555554
0 0.9672031249999999 0.09958333333333334 0.0244765625 0.06933333333333333
0 0.2370078125 0.44797222222222227 0.028726562500000004 0.05770833333333333
0 0.9660781249999999 0.14258333333333334 0.032828125 0.13915277777777776
0 0.98925 0.12352777777777778 0.0215 0.12284722222222223
0 0.4386875 0.012680555555555556 0.020078125 0.025374999999999998
0 0.9450625 0.14909722222222221 0.053414062500000005 0.12048611111111111
0 0.2492109375 0.50075 0.035453125 0.12636111111111112
0 0.98634375 0.01165277777777778 0.02584375 0.022958333333333334
0 0.46109375 0.013986111111111112 0.016492187499999998 0.027805555555555556
0 0.5933359375 0.041958333333333334 0.019375 0.06955555555555555
0 0.009421875 0.303 0.0181796875 0.11333333333333333
0 0.3919140625 0.06033333333333333 0.020749999999999998 0.09854166666666667
