0 0.659984375 0.1954861111111111 0.0315234375 0.1288888888888889
0 0.5687734375 0.128125 0.0272578125 0.1132361111111111
0 0.6613749999999999 0.7368611111111111 0.041359375 0.136375
0 0.501140625 0.12290277777777778 0.032328125 0.11458333333333333
0 0.4970625 0.45844444444444443 0.0328203125 0.14833333333333332
0 0.039890625 0.16743055555555555 0.0367109375 0.1110138888888889
0 0.4019921875 0.6543194444444445 0.041757812500000005 0.15875
0 0.770125 0.057499999999999996 0.028015625 0.11295833333333333
0 0.8021484375 0.9266249999999999 0.051375000000000004 0.1394027777777778
0 0.7320859375000001 0.07838888888888888 0.0232421875 0.12386111111111112
0 0.9485312499999999 0.4976527777777778 0.047234375 0.14747222222222223
0 0.5503671875 0.8652500000000001 0.058234375000000005 0.22095833333333334
0 0.5311640625 0.11983333333333333 0.023671875000000002 0.10159722222222223
0 0.6734921875000001 0.041694444444444444 0.0257265625 0.0801388888888889
0 0.24495312500000002 0.9425138888888889 0.0537109375 0.11133333333333333
0 0.38199218749999997 0.29393055555555553 0.0419609375 0.16911111111111113
0 0.6814296875 0.8887499999999999 0.059296875000000006 0.21341666666666667
0 0.5008125 0.03741666666666667 0.027875 0.07090277777777777
0 0.37191406250000003 0.024680555555555556 0.023195312500000002 0.04936111111111111
0 0.6461015625 0.03276388888888889 0.019578125 0.06552777777777778
0 0.550921875 0.21627777777777776 0.0224765625 0.11284722222222222
0 0.9535859375 0.14613888888888887 0.051953125 0.13005555555555556
0 0.22021875 0.5173333333333333 0.0430234375 0.15008333333333335
0 0.6115781250000001 0.03463888888888889 0.0228984375 0.06926388888888889
0 0.15628906250000002 0.963875 0.0613515625 0.07223611111111111
0 0.23671875 0.44811111111111107 0.0285546875 0.058472222222222224
0 0.398078125 0.06354166666666666 0.018109375 0.09895833333333333
0 0.9886874999999999 0.12343055555555556 0.022625 0.12319444444444445
0 0.43872656250000003 0.012125 0.019796875 0.02425
0 0.1890859375 0.49918055555555557 0.0328046875 0.1423472222222222
0 0.1191875 0.20531944444444447 0.0486015625 0.13951388888888888
0 0.9661875 0.10223611111111111 0.025453125 0.07540277777777778
0 0.24890625000000002 0.5016805555555556 0.038421875 0.12776388888888887
0 0.9864375000000001 0.012083333333333333 0.0258515625 0.023888888888888887
0 0.46095312499999996 0.014125 0.01584375 0.02809722222222222
0 0.5931953125 0.042611111111111113 0.0190078125 0.06944444444444445
0 0.008703125 0.30233333333333334 0.0167734375 0.11268055555555555
0 0.9859218750000001 0.26655555555555555 0.02815625 0.1518611111111111
