0 0.4996015625 0.13133333333333333 0.031992187500000005 0.11190277777777777
0 0.663625 0.17456944444444444 0.029226562499999997 0.12041666666666667
0 0.9281796874999999 0.14125000000000001 0.0341484375 0.11490277777777778
0 0.95153125 0.5272777777777777 0.04796875 0.16140277777777776
0 0.564 0.11863888888888889 0.025875 0.11790277777777777
0 0.5485625 0.8978333333333334 0.058687500000000004 0.19844444444444445
0 0.497609375 0.4835277777777778 0.0331484375 0.14452777777777778
0 0.37871875 0.2781527777777778 0.0419375 0.15073611111111113
0 0.731375 0.08156944444444444 0.02178125 0.1225
0 0.7631171875 0.05581944444444444 0.0270859375 0.10801388888888888
0 0.80603125 0.8998611111111111 0.047859374999999996 0.19165277777777778
0 0.4018984375 0.6282222222222222 0.0410859375 0.16425
0 0.984375 0.10845833333333334 0.03125 0.11906944444444445
0 0.6570546875 0.83575 0.06275 0.2510833333333333
0 0.11272656249999999 0.2197777777777778 0.0495 0.13873611111111112
0 0.6744453125 0.0355 0.0259296875 0.07101388888888889
0 0.0377265625 0.16956944444444444 0.0317265625 0.11109722222222221
0 0.5317421875 0.13480555555555557 0.02421875 0.09751388888888889
0 0.9522031249999999 0.11808333333333333 0.0327265625 0.12469444444444444
0 0.2430078125 0.9693750000000001 0.0599921875 0.06125
0 0.9886953125 0.18863888888888888 0.022609375 0.10931944444444444
0 0.6454296875 0.033041666666666664 0.0199375 0.06606944444444444
0 0.41733593750000003 0.06720833333333333 0.027421875000000002 0.09419444444444444
0 0.5490703124999999 0.20656944444444442 0.0203203125 0.11116666666666668
0 0.5930859374999999 0.04656944444444445 0.019578125 0.06923611111111111
0 0.37217968749999997 0.018444444444444444 0.0215234375 0.03688888888888889
0 0.6106484375 0.035708333333333335 0.0228671875 0.07141666666666667
0 0.2195234375 0.5194722222222222 0.042726562499999995 0.15155555555555555
0 0.505765625 0.042958333333333334 0.027953125000000002 0.08590277777777779
0 0.98859375 0.30166666666666664 0.022578124999999998 0.12005555555555555
0 0.252625 0.509888888888889 0.036078125 0.13201388888888888
0 0.2313984375 0.448875 0.020859375 0.05277777777777778
0 0.19171093749999998 0.49552777777777773 0.03790625 0.14752777777777779
0 0.1413125 0.011069444444444444 0.0352265625 0.022111111111111113
0 0.9904609375 0.012583333333333334 0.019078125 0.024527777777777777
0 0.6657109375 0.7715833333333333 0.044656249999999995 0.11256944444444444
0 0.589171875 0.041375 0.0185390625 0.06848611111111111
0 0.4385625 0.010180555555555556 0.019523437499999997 0.02025
0 0.009140625 0.3169861111111111 0.017671875 0.12420833333333334
0 0.4097109375 0.06643055555555555 0.02190625 0.09393055555555554
0 0.5200625 0.007402777777777778 0.0210234375 0.014624999999999999
0 0.0060546875 0.30741666666666667 0.01184375 0.13909722222222223
0 0.4606328125 0.010430555555555556 0.0189296875 0.020555555555555556
