0 0.5619296874999999 0.10593055555555556 0.0272578125 0.11140277777777777
0 0.6646875 0.167375 0.02890625 0.12423611111111112
0 0.91578125 0.1399027777777778 0.0453984375 0.12358333333333334
0 0.500828125 0.14309722222222224 0.030015625 0.11372222222222221
0 0.40275 0.599 0.0401171875 0.14790277777777777
0 0.8070703124999999 0.8665833333333334 0.0459609375 0.1925277777777778
0 0.1095390625 0.23141666666666666 0.045765625 0.14052777777777778
0 0.9546953125 0.5464166666666667 0.0486875 0.16066666666666668
0 0.5491171875 0.9187083333333333 0.060687500000000005 0.16258333333333333
0 0.7613125000000001 0.04804166666666667 0.02659375 0.09320833333333334
0 0.67090625 0.8285833333333333 0.04278125 0.16066666666666668
0 0.3845859375 0.2658055555555556 0.043187500000000004 0.15181944444444445
0 0.03771875 0.16934722222222223 0.032382812500000004 0.11327777777777778
0 0.730953125 0.081875 0.021828125 0.12518055555555554
0 0.532125 0.14405555555555555 0.025234374999999996 0.10330555555555555
0 0.550640625 0.18743055555555554 0.023203124999999998 0.10616666666666666
0 0.6761874999999999 0.03340277777777778 0.025640625 0.06680555555555556
0 0.636890625 0.8292916666666668 0.0431328125 0.18070833333333336
0 0.499203125 0.5092916666666667 0.0348671875 0.15644444444444444
0 0.6443359375 0.033263888888888885 0.0201328125 0.06651388888888889
0 0.9421406250000001 0.1072638888888889 0.028617187500000002 0.11305555555555556
0 0.507390625 0.04679166666666666 0.029562500000000002 0.09358333333333332
0 0.98665625 0.1649027777777778 0.026687499999999996 0.15087499999999998
0 0.6104453125 0.035944444444444446 0.0225 0.071875
0 0.97834375 0.10268055555555557 0.0370078125 0.11548611111111112
0 0.988296875 0.30943055555555554 0.0232578125 0.11234722222222222
0 0.5929375 0.04584722222222222 0.0192109375 0.06752777777777777
0 0.372953125 0.017708333333333333 0.0188515625 0.035430555555555555
0 0.2519140625 0.5089722222222222 0.0356328125 0.131875
0 0.2177421875 0.5186805555555556 0.0433359375 0.15591666666666668
0 0.228859375 0.44875000000000004 0.019664062500000003 0.052013888888888894
0 0.1907109375 0.4958194444444445 0.037484375 0.14702777777777779
0 0.00796875 0.31606944444444446 0.0157109375 0.12084722222222223
0 0.520828125 0.012611111111111111 0.0178046875 0.025222222222222222
0 0.2397890625 0.9882222222222222 0.05428125 0.023555555555555555
0 0.49491406250000003 0.01148611111111111 0.015210937499999999 0.02297222222222222
0 0.5889375 0.041375 0.0174921875 0.06831944444444445
0 0.0073984375000000005 0.6085555555555556 0.014695312499999998 0.13899999999999998
0 0.42571875 0.06533333333333333 0.0133359375 0.09697222222222221
0 0.52546875 0.012458333333333333 0.020921875 0.024777777777777777
