0 0.5015625 0.14619444444444446 0.031093749999999996 0.11662499999999999
0 0.6731640624999999 0.8418611111111111 0.044265624999999996 0.1482638888888889
0 0.561453125 0.10493055555555555 0.027671875000000002 0.11526388888888889
0 0.6647265625000001 0.15504166666666666 0.030046875 0.11829166666666667
0 0.8073359375000001 0.8422777777777779 0.0478125 0.17775000000000002
0 0.957859375 0.5514444444444445 0.05011718750000001 0.1599861111111111
0 0.9077265625000001 0.13452777777777777 0.0410546875 0.122375
0 0.973828125 0.097125 0.03615625 0.11236111111111112
0 0.10967968749999998 0.23519444444444446 0.047640625 0.14123611111111112
0 0.386328125 0.25616666666666665 0.038820312499999995 0.1401388888888889
0 0.49967187500000004 0.51625 0.0334140625 0.15672222222222223
0 0.6325859375 0.8107222222222222 0.0391640625 0.17444444444444443
0 0.758890625 0.04416666666666667 0.024046875000000002 0.08611111111111111
0 0.9858437500000001 0.17018055555555556 0.0283203125 0.1284861111111111
0 0.9408984374999999 0.10259722222222223 0.030632812500000002 0.12327777777777779
0 0.7315 0.08202777777777778 0.0225546875 0.12318055555555556
0 0.6771328125 0.029361111111111112 0.0239921875 0.05873611111111111
0 0.037921875 0.16927777777777778 0.034171875000000004 0.11444444444444445
0 0.5321328125 0.14883333333333332 0.024984375 0.09994444444444443
0 0.40707812499999996 0.5900277777777778 0.0409296875 0.15722222222222224
0 0.5510234374999999 0.9224027777777778 0.06584375 0.15519444444444444
0 0.5080390625 0.04727777777777778 0.028968749999999998 0.09456944444444446
0 0.5503203125 0.18593055555555557 0.0231484375 0.10923611111111112
0 0.6445000000000001 0.03325 0.01996875 0.0665
0 0.430953125 0.0654861111111111 0.015562500000000002 0.09461111111111112
0 0.6103984375 0.03602777777777778 0.02309375 0.07204166666666666
0 0.98940625 0.3172083333333333 0.0211875 0.12119444444444445
0 0.37353125 0.012458333333333333 0.0227421875 0.024625
0 0.593 0.04593055555555556 0.01828125 0.06658333333333333
0 0.77840625 0.9832083333333332 0.0525625 0.03358333333333333
0 0.0092890625 0.3190694444444444 0.018062500000000002 0.13579166666666667
0 0.25190625 0.5094722222222222 0.0352734375 0.1307361111111111
0 0.217 0.5160138888888889 0.042328125 0.15888888888888889
0 0.19071875 0.4957361111111111 0.0378046875 0.14866666666666667
0 0.22828906249999997 0.4510833333333333 0.019796875 0.05497222222222222
0 0.15916406249999998 0.01038888888888889 0.034664062499999995 0.020638888888888887
0 0.01740625 0.5948333333333333 0.0348125 0.1696388888888889
0 0.521921875 0.013402777777777779 0.0165 0.026805555555555558
0 0.49459375000000005 0.013625 0.014578125 0.02725
0 0.588734375 0.041375 0.016046875 0.06745833333333333
