0 0.40333593749999996 0.5745 0.039046874999999995 0.15559722222222222
0 0.500296875 0.15805555555555556 0.034875 0.1218611111111111
0 0.9844531249999999 0.15636111111111112 0.031101562500000002 0.12468055555555554
0 0.9622187500000001 0.5596388888888889 0.049312499999999995 0.14793055555555557
0 0.9714921875 0.09098611111111111 0.0324765625 0.11919444444444444
0 0.501421875 0.5291250000000001 0.036148437500000005 0.15134722222222222
0 0.6751640625 0.8672916666666667 0.0451953125 0.15165277777777778
0 0.6657968750000001 0.15068055555555554 0.030578125 0.12255555555555554
0 0.8079218750000001 0.8301527777777779 0.0488828125 0.19261111111111112
0 0.5610937500000001 0.0911111111111111 0.026976562500000002 0.10795833333333334
0 0.5319140625000001 0.15470833333333334 0.0251015625 0.10337500000000001
0 0.9027109375 0.1257222222222222 0.039265625 0.11681944444444445
0 0.6117109375 0.7985694444444444 0.05289843749999999 0.19754166666666664
0 0.10672656250000001 0.23684722222222224 0.045234375 0.14338888888888887
0 0.6761015625 0.028777777777777777 0.026203125 0.057555555555555554
0 0.03828125 0.16933333333333334 0.0350703125 0.11584722222222221
0 0.7318515624999999 0.08251388888888889 0.0236875 0.12422222222222222
0 0.7568671874999999 0.03955555555555556 0.027734375 0.07911111111111112
0 0.9372343750000001 0.0985138888888889 0.031046875 0.1218888888888889
0 0.545953125 0.9408333333333333 0.067765625 0.11833333333333333
0 0.6443984375 0.03356944444444444 0.0211484375 0.06715277777777778
0 0.6105859375 0.03601388888888889 0.0245390625 0.07202777777777777
0 0.38660937500000003 0.24343055555555557 0.0381875 0.15675
0 0.7767578125 0.9722638888888888 0.0501484375 0.05545833333333333
0 0.55134375 0.175 0.022328124999999997 0.10476388888888889
0 0.0224765625 0.6190555555555556 0.044953125 0.17891666666666667
0 0.5921484375 0.045125000000000005 0.0186171875 0.06783333333333334
0 0.50928125 0.05456944444444444 0.031507812499999996 0.10912499999999999
0 0.010953125 0.33499999999999996 0.0213046875 0.12958333333333333
0 0.4385625 0.06552777777777778 0.022828124999999998 0.09187500000000001
0 0.250640625 0.5127777777777778 0.0331640625 0.12765277777777778
0 0.9912265625 0.32718055555555553 0.0175546875 0.10897222222222222
0 0.2183125 0.518875 0.0430859375 0.15759722222222222
0 0.1890546875 0.49561111111111106 0.040140625 0.15429166666666666
0 0.5202734375 0.018277777777777778 0.01975 0.036555555555555556
0 0.43282031249999997 0.06552777777777778 0.0165 0.09
0 0.37503125000000004 0.011555555555555557 0.0215078125 0.022958333333333334
0 0.5876640625 0.040777777777777774 0.0180859375 0.06913888888888889
0 0.1665 0.010583333333333333 0.0300703125 0.021027777777777777
0 0.49632812499999995 0.017263888888888888 0.017468749999999998 0.034541666666666665
0 0.2277265625 0.4508611111111111 0.019359375 0.049805555555555554
0 0.9943125 0.233125 0.0113671875 0.09554166666666668
