0 0.6662265625 0.14934722222222221 0.029625000000000002 0.12633333333333333
0 0.49979687500000003 0.15968055555555555 0.034828125 0.12109722222222222
0 0.9622734375 0.5595 0.0489921875 0.14354166666666665
0 0.40336718749999995 0.5688333333333333 0.0392421875 0.15152777777777776
0 0.9840937500000001 0.15569444444444444 0.0318125 0.12395833333333334
0 0.8099453125 0.8212777777777779 0.0459375 0.1902638888888889
0 0.9714921875 0.08984722222222222 0.032125 0.11966666666666666
0 0.5020859375 0.534513888888889 0.0363125 0.15209722222222222
0 0.5610390625 0.08908333333333333 0.026828125 0.10973611111111112
0 0.675578125 0.8811805555555556 0.046367187500000004 0.16045833333333334
0 0.9363203125 0.09806944444444445 0.0309609375 0.11975
0 0.5320859375 0.15568055555555557 0.0253515625 0.10302777777777779
0 0.7565390625 0.03902777777777778 0.028609375 0.07805555555555556
0 0.610203125 0.7845000000000001 0.0528671875 0.21038888888888888
0 0.675984375 0.028749999999999998 0.02628125 0.057499999999999996
0 0.03846875 0.16902777777777778 0.035312500000000004 0.11595833333333333
0 0.7308828125 0.08144444444444444 0.0209375 0.12284722222222223
0 0.10603125 0.24002777777777776 0.046203125 0.14456944444444444
0 0.9011796875 0.12447222222222223 0.0442734375 0.11608333333333333
0 0.644453125 0.033625 0.021140625 0.06725
0 0.547578125 0.94325 0.0645546875 0.11348611111111111
0 0.3871171875 0.2437222222222222 0.035359375 0.1536388888888889
0 0.610640625 0.036000000000000004 0.02425 0.07198611111111111
0 0.5512890625 0.1726527777777778 0.0220625 0.104125
0 0.0203125 0.6180972222222222 0.040625 0.17755555555555555
0 0.5089921875 0.05580555555555555 0.029625000000000002 0.10894444444444444
0 0.5921015625 0.04502777777777778 0.0186171875 0.06876388888888889
0 0.7772890625 0.974763888888889 0.0489921875 0.050472222222222224
0 0.25032031250000003 0.5129583333333333 0.0330390625 0.12631944444444446
0 0.9919765625 0.3325694444444444 0.0160390625 0.09659722222222222
0 0.43978124999999996 0.06323611111111112 0.021359375 0.09375
0 0.011265625 0.3333055555555555 0.02190625 0.12809722222222222
0 0.218484375 0.519375 0.042328125 0.15481944444444445
0 0.18921875 0.4953194444444444 0.039796874999999995 0.15468055555555557
0 0.5206796875 0.018875 0.01878125 0.037736111111111116
0 0.3751796875 0.01161111111111111 0.021249999999999998 0.023083333333333334
0 0.5877578125 0.040875 0.017906250000000002 0.069875
0 0.49601562499999996 0.018097222222222223 0.0162578125 0.036194444444444446
0 0.4338828125 0.06344444444444444 0.016546875 0.09325
0 0.99378125 0.24075 0.0124453125 0.07723611111111112
0 0.1654921875 0.010791666666666666 0.0287109375 0.020916666666666667
0 0.22767187500000002 0.45061111111111113 0.019164062500000002 0.04729166666666666
