0 0.500046875 0.16070833333333331 0.03490625 0.12184722222222223
0 0.66696875 0.1484861111111111 0.028796875 0.12604166666666666
0 0.8120312500000001 0.8155972222222222 0.043789062499999996 0.18840277777777778
0 0.403125 0.5641111111111111 0.0383984375 0.15019444444444444
0 0.9715 0.08815277777777777 0.030171874999999997 0.11577777777777777
0 0.9624296875 0.5635416666666667 0.0486015625 0.14376388888888889
0 0.9835 0.15413888888888888 0.0330078125 0.123375
0 0.50578125 0.5449166666666666 0.037328125000000004 0.157625
0 0.898640625 0.12579166666666666 0.0489921875 0.114125
0 0.6759375000000001 0.8893194444444443 0.0459296875 0.16118055555555555
0 0.53225 0.15791666666666668 0.026015624999999997 0.10438888888888888
0 0.10677343749999998 0.24359722222222221 0.044390625 0.14316666666666666
0 0.610046875 0.78 0.050937500000000004 0.21241666666666667
0 0.936109375 0.09680555555555556 0.029898437500000003 0.11891666666666667
0 0.038101562500000005 0.16959722222222223 0.0345390625 0.115625
0 0.5618984375 0.08622222222222221 0.025796875000000004 0.11052777777777778
0 0.6759453125 0.028277777777777777 0.0258828125 0.05656944444444444
0 0.75596875 0.03820833333333334 0.0290078125 0.07640277777777778
0 0.73109375 0.08123611111111112 0.0205625 0.12316666666666667
0 0.3874296875 0.2435 0.0368359375 0.15425
0 0.6442734375 0.033541666666666664 0.0206328125 0.06708333333333333
0 0.5497265625 0.95225 0.0595625 0.0955
0 0.6106328125 0.03601388888888889 0.024085937499999998 0.07201388888888889
0 0.50971875 0.05519444444444445 0.028335937500000002 0.11040277777777777
0 0.43833593750000005 0.06569444444444444 0.02459375 0.09301388888888888
0 0.5515546875 0.17098611111111112 0.022093750000000002 0.10740277777777778
0 0.0200625 0.6198611111111111 0.0401171875 0.1763888888888889
0 0.5920546875 0.04540277777777778 0.018351562499999998 0.06876388888888889
0 0.24986718749999998 0.5071388888888889 0.0313984375 0.12491666666666666
0 0.7783125 0.9672777777777779 0.05034375 0.06545833333333334
0 0.9926796875000001 0.3377222222222222 0.014640624999999999 0.08677777777777777
0 0.2181171875 0.5191111111111111 0.0419453125 0.1547638888888889
0 0.0111484375 0.33399999999999996 0.021734375 0.12604166666666666
0 0.189015625 0.4949305555555556 0.0393125 0.15470833333333334
0 0.5204296875 0.018250000000000002 0.0185546875 0.036500000000000005
0 0.3750234375 0.011541666666666667 0.021242187500000002 0.022930555555555558
0 0.5878203125 0.040902777777777774 0.017093749999999998 0.06879166666666667
0 0.49605468750000004 0.018958333333333334 0.0165703125 0.03790277777777778
0 0.9927421875 0.22294444444444445 0.014515624999999999 0.10975
0 0.2274765625 0.45084722222222223 0.0195859375 0.04744444444444444
