0 0.4033125 0.5600833333333333 0.03821875 0.146375
0 0.4997890625 0.16168055555555555 0.035140624999999995 0.12247222222222223
0 0.9629765625 0.567625 0.0493828125 0.1446527777777778
0 0.6679062499999999 0.14613888888888887 0.0283203125 0.12426388888888888
0 0.981546875 0.15295833333333334 0.0368984375 0.12297222222222223
0 0.9703593749999999 0.09031944444444445 0.030601562500000002 0.12266666666666666
0 0.8112187499999999 0.8084166666666666 0.0489453125 0.19016666666666665
0 0.56190625 0.08573611111111111 0.026070312499999998 0.11216666666666668
0 0.50615625 0.5482222222222223 0.0386875 0.16133333333333333
0 0.6758671875 0.8938750000000001 0.0456953125 0.16443055555555555
0 0.8973437499999999 0.12134722222222223 0.054929687500000005 0.11733333333333335
0 0.5323203125 0.16016666666666665 0.02578125 0.10525
0 0.038328125000000005 0.16995833333333335 0.03521875 0.11540277777777778
0 0.935421875 0.09630555555555556 0.029890624999999997 0.1187361111111111
0 0.61 0.7858750000000001 0.05125 0.19933333333333333
0 0.675984375 0.027555555555555555 0.025289062499999997 0.05511111111111111
0 0.731484375 0.0815 0.0232421875 0.12541666666666668
0 0.5520390625 0.9543611111111111 0.060781249999999995 0.09126388888888888
0 0.1063046875 0.24556944444444445 0.045664062500000005 0.14406944444444444
0 0.387796875 0.24318055555555557 0.0364453125 0.15286111111111111
0 0.7542578125 0.03806944444444445 0.0316015625 0.0761388888888889
0 0.6443749999999999 0.033555555555555554 0.020867187500000002 0.06711111111111111
0 0.6105625 0.035958333333333335 0.024335937499999998 0.07191666666666667
0 0.5101484375 0.05569444444444445 0.028234375 0.1113888888888889
0 0.019828125 0.617625 0.03965625 0.17765277777777777
0 0.55171875 0.16981944444444444 0.021851562499999998 0.10843055555555554
0 0.592125 0.04493055555555556 0.018765625 0.069625
0 0.24964843750000001 0.5072500000000001 0.031359375 0.12447222222222223
0 0.7782578124999999 0.9641249999999999 0.05190625 0.07176388888888889
0 0.2183671875 0.5195000000000001 0.041281250000000005 0.15369444444444444
0 0.189640625 0.49793055555555554 0.037140625 0.14963888888888888
0 0.0111171875 0.3365138888888889 0.021609375 0.13016666666666665
0 0.43960156250000004 0.06502777777777778 0.0199375 0.09466666666666666
0 0.9929609375 0.33776388888888886 0.014070312500000001 0.08756944444444444
0 0.520453125 0.02011111111111111 0.0191796875 0.04023611111111111
0 0.9910703125 0.22968055555555555 0.01771875 0.0938472222222222
0 0.49680468749999995 0.018569444444444444 0.0172734375 0.037125
0 0.587875 0.04054166666666667 0.0177890625 0.06940277777777777
