0 0.5546875 0.06245833333333333 0.0255546875 0.09854166666666667
0 0.4125078125 0.5083194444444444 0.0363359375 0.14333333333333334
0 0.5026015625 0.18470833333333334 0.031390625 0.11837500000000001
0 0.8228828125 0.7219722222222222 0.045484375 0.16047222222222224
0 0.6726328125000001 0.11216666666666668 0.02865625 0.11941666666666667
0 0.864625 0.109 0.0392734375 0.11669444444444443
0 0.682171875 0.9518333333333334 0.048359374999999996 0.09633333333333333
0 0.02353125 0.6697638888888889 0.0470546875 0.17251388888888888
0 0.769734375 0.9180138888888889 0.048257812500000004 0.1639861111111111
0 0.9747656250000001 0.6324722222222222 0.0504765625 0.1811111111111111
0 0.73365625 0.078875 0.0249609375 0.12411111111111112
0 0.500671875 0.6015833333333334 0.03603125 0.1615
0 0.9528125 0.06438888888888888 0.0340078125 0.11493055555555555
0 0.38865625000000004 0.21325 0.0385625 0.14255555555555555
0 0.9723750000000001 0.12905555555555556 0.0356875 0.12509722222222222
0 0.5760390625 0.6928194444444444 0.042257812500000005 0.19622222222222221
0 0.0988671875 0.27070833333333333 0.0505859375 0.15206944444444442
0 0.9182421875 0.06997222222222223 0.031453125 0.11490277777777778
0 0.979953125 0.18569444444444444 0.0395390625 0.12447222222222223
0 0.0313515625 0.17326388888888888 0.0331484375 0.11919444444444444
0 0.6435390625 0.03358333333333333 0.020359375 0.06715277777777778
0 0.5352734375 0.18145833333333333 0.0268515625 0.10469444444444444
0 0.610125 0.035875 0.02403125 0.07173611111111111
0 0.5538984375 0.15329166666666666 0.0192578125 0.0912361111111111
0 0.45978906249999996 0.05756944444444445 0.0168203125 0.09193055555555556
0 0.0121796875 0.36415277777777777 0.0240625 0.13844444444444445
0 0.5927421875000001 0.03844444444444444 0.0181796875 0.06633333333333333
0 0.7419921875 0.029249999999999998 0.0232421875 0.05851388888888889
0 0.2517421875 0.5083333333333333 0.031570312499999996 0.125
0 0.189078125 0.49875 0.035265625 0.14780555555555555
0 0.5032734375000001 0.05205555555555555 0.025437500000000002 0.10347222222222222
0 0.21882031249999997 0.5198888888888888 0.0394375 0.15095833333333333
0 0.6742421875 0.01647222222222222 0.021156249999999998 0.03293055555555556
0 0.5204609375 0.024 0.021234375 0.048
0 0.886484375 0.095875 0.028929687500000002 0.1252638888888889
0 0.518734375 0.08043055555555555 0.027023437500000004 0.110375
0 0.22734375 0.45168055555555553 0.0178046875 0.04706944444444445
0 0.7483906250000001 0.03286111111111111 0.0300859375 0.06130555555555556
