0 0.5029296875 0.193375 0.0367421875 0.13009722222222223
0 0.41323437500000004 0.4866388888888889 0.0365234375 0.14663888888888887
0 0.91171875 0.05915277777777778 0.033195312500000004 0.10813888888888888
0 0.553484375 0.049902777777777775 0.025343749999999998 0.09370833333333334
0 0.9447656249999999 0.05536111111111111 0.032875 0.10730555555555556
0 0.6908203125 0.9775972222222222 0.049 0.04480555555555555
0 0.8255390625000001 0.6960416666666667 0.040984375 0.17233333333333334
0 0.7330078125 0.07975 0.02321875 0.1249027777777778
0 0.5069140625 0.6225694444444444 0.038492187500000004 0.1615138888888889
0 0.9677265625 0.1361527777777778 0.0388828125 0.1775138888888889
0 0.6739375 0.10197222222222223 0.027976562500000003 0.11827777777777777
0 0.0387734375 0.68925 0.062343749999999996 0.1817361111111111
0 0.7695546875 0.8798472222222222 0.044828125 0.15737500000000001
0 0.9802734375 0.6506805555555556 0.0394609375 0.1726527777777778
0 0.3971640625 0.1902638888888889 0.0341484375 0.13284722222222223
0 0.53478125 0.19230555555555556 0.027484375 0.11124999999999999
0 0.029398437500000003 0.17516666666666666 0.0350234375 0.11202777777777777
0 0.8515546875 0.09651388888888889 0.0328984375 0.11680555555555555
0 0.64378125 0.032875 0.0190234375 0.06575
0 0.564875 0.6833194444444445 0.0446953125 0.16683333333333333
0 0.555984375 0.13356944444444444 0.018546874999999997 0.09072222222222222
0 0.0943125 0.2795694444444444 0.040734375 0.1455972222222222
0 0.0126640625 0.37922222222222224 0.025328125 0.14548611111111112
0 0.8723984375 0.09148611111111112 0.0301015625 0.11783333333333333
0 0.6105546875 0.034972222222222224 0.0235859375 0.06993055555555555
0 0.46929687500000006 0.057847222222222223 0.025234374999999996 0.09256944444444445
0 0.2190859375 0.51975 0.04059375 0.1494861111111111
0 0.522078125 0.09033333333333335 0.0267578125 0.10630555555555557
0 0.73771875 0.01929166666666667 0.020578125 0.03856944444444444
0 0.1901875 0.4915555555555556 0.035976562499999996 0.15118055555555554
0 0.7676093749999999 0.9746527777777778 0.05796875 0.050694444444444445
0 0.5896250000000001 0.03434722222222222 0.017765625 0.06869444444444445
0 0.252546875 0.5066388888888889 0.033125 0.12530555555555556
0 0.5029140625 0.05313888888888889 0.025500000000000002 0.10040277777777779
0 0.22948437500000002 0.4514722222222222 0.018437500000000002 0.05545833333333333
0 0.519265625 0.026333333333333334 0.0239140625 0.05266666666666667
0 0.3385625 0.016680555555555556 0.0183671875 0.03336111111111111
0 0.6740390625 0.011805555555555555 0.0173828125 0.023500000000000004
0 0.6258671875 0.9874305555555556 0.0394296875 0.025125
