0 0.50315625 0.1997638888888889 0.037101562500000004 0.1301388888888889
0 0.6757500000000001 0.08756944444444444 0.0261484375 0.11593055555555555
0 0.5525703125 0.0485 0.0248515625 0.09415277777777778
0 0.413390625 0.46730555555555553 0.0367578125 0.14180555555555555
0 0.7700390625 0.85525 0.046218749999999996 0.1565138888888889
0 0.832671875 0.6673888888888888 0.0442578125 0.15968055555555555
0 0.0431015625 0.6933750000000001 0.0570546875 0.17504166666666668
0 0.5030703125 0.6444861111111111 0.039953125 0.17143055555555556
0 0.841375 0.09154166666666666 0.040421875 0.11552777777777778
0 0.5583359375 0.6510972222222222 0.0446953125 0.18426388888888887
0 0.9041484375 0.05590277777777778 0.036617187499999995 0.10666666666666666
0 0.7312031250000001 0.07943055555555555 0.0208203125 0.12474999999999999
0 0.9627890625 0.16165277777777778 0.032921875 0.11525
0 0.7607109375000001 0.9660972222222223 0.057476562499999995 0.06781944444444445
0 0.94315625 0.055972222222222215 0.0305625 0.1103611111111111
0 0.39904687499999997 0.18661111111111112 0.0321015625 0.1381111111111111
0 0.5361015625000001 0.198875 0.0273046875 0.10873611111111112
0 0.9814921875 0.65825 0.0370078125 0.16477777777777777
0 0.094125 0.28208333333333335 0.043109375 0.14291666666666666
0 0.027125 0.17443055555555556 0.0335703125 0.11322222222222221
0 0.64415625 0.03186111111111111 0.0194453125 0.06370833333333333
0 0.6113125 0.033791666666666664 0.023570312500000003 0.06756944444444445
0 0.55640625 0.12562500000000001 0.018234375 0.10048611111111111
0 0.0181015625 0.38605555555555554 0.0362109375 0.14241666666666666
0 0.47733593750000003 0.05559722222222222 0.0258828125 0.09895833333333333
0 0.6197890625 0.9765277777777778 0.0458125 0.04695833333333334
0 0.526765625 0.09036111111111111 0.026265624999999997 0.11593055555555555
0 0.8675 0.08376388888888889 0.0263125 0.11358333333333334
0 0.5036875000000001 0.05630555555555555 0.027515625 0.10275000000000001
0 0.22010156250000001 0.5177499999999999 0.04040625 0.15156944444444445
0 0.7364453125 0.06909722222222223 0.0263359375 0.13820833333333335
0 0.1928671875 0.4926666666666667 0.0365546875 0.15119444444444444
0 0.25240625 0.5052777777777778 0.0349765625 0.132875
0 0.96328125 0.10734722222222223 0.035390624999999995 0.11719444444444443
0 0.3383125 0.018097222222222223 0.017460937500000002 0.036180555555555556
0 0.23041406250000002 0.4478888888888889 0.0190859375 0.05352777777777778
0 0.9905156249999999 0.3831527777777778 0.0189609375 0.10205555555555557
0 0.593296875 0.034777777777777776 0.0189375 0.06805555555555555
0 0.69690625 0.9882638888888888 0.040015625 0.02348611111111111
0 0.490234375 0.008749999999999999 0.0161015625 0.017486111111111112
0 0.7436328125 0.01476388888888889 0.0306875 0.029541666666666667
0 0.520390625 0.024513888888888887 0.021921875 0.049027777777777774
