0 0.5035000000000001 0.2014166666666667 0.0374375 0.12954166666666667
0 0.6760546875 0.08075 0.028226562500000003 0.11184722222222222
0 0.551984375 0.0425 0.0238203125 0.08180555555555555
0 0.838671875 0.09070833333333334 0.03440625 0.11165277777777778
0 0.833921875 0.6615 0.0437421875 0.17266666666666666
0 0.769390625 0.8397222222222223 0.047125 0.15315277777777778
0 0.5031640625 0.6543055555555556 0.040507812500000004 0.16345833333333332
0 0.41365625 0.4612638888888889 0.033515625 0.14047222222222222
0 0.5369531249999999 0.20169444444444445 0.02740625 0.10477777777777778
0 0.0468125 0.7004027777777778 0.055984374999999996 0.1812222222222222
0 0.7601718749999999 0.9543472222222222 0.06159375 0.09129166666666667
0 0.9603515625 0.15295833333333334 0.0302734375 0.11134722222222222
0 0.6174921875 0.9647222222222223 0.0439921875 0.07055555555555555
0 0.550796875 0.6409583333333333 0.0443203125 0.1851388888888889
0 0.9018124999999999 0.05595833333333333 0.0374140625 0.11191666666666666
0 0.9414140625 0.05134722222222222 0.028437499999999998 0.10270833333333333
0 0.020765625 0.3934722222222222 0.041523437499999996 0.14243055555555556
0 0.40510156249999996 0.18252777777777776 0.032382812500000004 0.13819444444444445
0 0.5566093750000001 0.11941666666666667 0.0173046875 0.0985
0 0.09293749999999999 0.29254166666666664 0.044656249999999995 0.1452638888888889
0 0.732328125 0.07522222222222222 0.022078125 0.1265138888888889
0 0.6443125000000001 0.03061111111111111 0.0195078125 0.06122222222222222
0 0.6113593749999999 0.032875 0.023125 0.0657361111111111
0 0.026218750000000002 0.17441666666666666 0.032882812500000004 0.11368055555555555
0 0.8631875000000001 0.07336111111111111 0.025281249999999998 0.11533333333333334
0 0.5036328125 0.05459722222222223 0.02765625 0.09593055555555555
0 0.5293359375 0.09505555555555555 0.022226562499999998 0.10579166666666667
0 0.9814765624999999 0.6843472222222222 0.0370546875 0.18638888888888888
0 0.95978125 0.11748611111111111 0.036867187499999995 0.169625
0 0.2534765625 0.503125 0.0313125 0.13105555555555556
0 0.48461718749999994 0.050680555555555555 0.0209453125 0.09826388888888889
0 0.2199296875 0.5174444444444445 0.0420234375 0.14991666666666667
0 0.2314609375 0.4504444444444444 0.0184296875 0.04690277777777778
0 0.19278125 0.49166666666666664 0.036289062500000004 0.153125
0 0.9608203124999999 0.09166666666666666 0.033921875000000004 0.10334722222222222
0 0.3384921875 0.021722222222222223 0.020742187500000002 0.043444444444444445
0 0.5199374999999999 0.027208333333333334 0.0239453125 0.05441666666666667
0 0.5943984375 0.03383333333333333 0.0189609375 0.06665277777777778
0 0.734734375 0.012736111111111111 0.020046875 0.025472222222222222
0 0.991109375 0.38030555555555556 0.0177734375 0.09191666666666667
