0 0.5815625 0.13655555555555554 0.027023437500000004 0.09988888888888889
0 0.496765625 0.2819027777777778 0.0315234375 0.12458333333333334
0 0.136984375 0.5983194444444445 0.0488046875 0.1780972222222222
0 0.38134375 0.20491666666666666 0.029664062499999998 0.123
0 0.5969765625 0.77625 0.045875 0.16625
0 0.8110781250000001 0.6357916666666666 0.044234375 0.1672361111111111
0 0.68778125 0.7372638888888889 0.038320312499999995 0.14366666666666666
0 0.1723515625 0.04768055555555555 0.03046875 0.09534722222222224
0 0.8923593750000001 0.09986111111111112 0.034453125 0.12052777777777778
0 0.2232890625 0.03725 0.030648437499999997 0.07448611111111111
0 0.94878125 0.5900694444444444 0.0481015625 0.1645
0 0.8047421874999999 0.479375 0.0399765625 0.1391111111111111
0 0.625375 0.13676388888888888 0.038671875 0.11916666666666666
0 0.9234921875 0.17154166666666668 0.0330625 0.09977777777777778
0 0.9171328125 0.25980555555555557 0.042210937500000004 0.13444444444444445
0 0.392484375 0.022902777777777775 0.026445312500000002 0.04581944444444445
0 0.0792421875 0.8607083333333334 0.062578125 0.20645833333333335
0 0.9678437499999999 0.2538611111111111 0.0362578125 0.12734722222222222
0 0.4511484375 0.11555555555555556 0.027414062500000003 0.12406944444444444
0 0.532109375 0.20791666666666664 0.035898437500000005 0.13975
0 0.058765625 0.16944444444444445 0.031984374999999995 0.12265277777777778
0 0.8594062499999999 0.07379166666666667 0.0239921875 0.105
0 0.6120546874999999 0.4394027777777778 0.03659375 0.13669444444444445
0 0.40846875000000005 0.3868888888888889 0.032609375 0.14358333333333334
0 0.31665625 0.3760694444444444 0.0472578125 0.14325
0 0.9540078125000001 0.020625 0.021367187500000002 0.04125
0 0.372109375 0.5343611111111112 0.0453125 0.1787083333333333
0 0.6848515625 0.04706944444444445 0.022390625 0.09083333333333334
0 0.4267265625 0.11024999999999999 0.027234374999999998 0.12013888888888889
0 0.7261953125 0.04643055555555556 0.028265625 0.09176388888888888
0 0.7311640625 0.08409722222222221 0.029148437500000002 0.1625
0 0.008375 0.1401111111111111 0.0160234375 0.05880555555555556
0 0.3138828125 0.2710972222222222 0.0362734375 0.09334722222222222
0 0.48950781250000003 0.09647222222222221 0.027687499999999997 0.11222222222222222
0 0.226890625 0.4660277777777778 0.0214375 0.05415277777777778
0 0.8410859374999999 0.07854166666666666 0.0241875 0.10509722222222223
0 0.15021875 0.015416666666666665 0.0219375 0.03083333333333333
0 0.6643671875 0.07502777777777778 0.018664062500000002 0.06766666666666667
0 0.9929062500000001 0.1570277777777778 0.0141796875 0.10118055555555555
0 0.1896796875 0.5167777777777778 0.0360859375 0.14434722222222224
0 0.215296875 0.5370277777777778 0.040796874999999996 0.15379166666666666
0 0.4745859375 0.023916666666666666 0.037015625 0.04783333333333333
0 0.2525 0.5248333333333334 0.038640625 0.1322638888888889
0 0.4797734375 0.061138888888888895 0.042257812500000005 0.11854166666666666
0 0.57678125 0.9901388888888889 0.0477109375 0.01972222222222222
