0 0.808921875 0.49472222222222223 0.043828125 0.15354166666666666
0 0.5817109375 0.14418055555555556 0.027359375000000002 0.09940277777777777
0 0.9729609375000001 0.2607777777777778 0.033984375 0.1276111111111111
0 0.82384375 0.6565694444444444 0.0453515625 0.1666111111111111
0 0.67525 0.7518472222222223 0.0387578125 0.15938888888888889
0 0.1781953125 0.044569444444444446 0.0268984375 0.08843055555555555
0 0.134578125 0.6175138888888889 0.046640625000000005 0.17240277777777777
0 0.9400000000000001 0.5822916666666667 0.0454453125 0.17047222222222222
0 0.5905390625 0.7658611111111111 0.04559375 0.17881944444444445
0 0.380296875 0.19622222222222221 0.027359375000000002 0.12541666666666668
0 0.496 0.2915555555555555 0.031734374999999995 0.1338611111111111
0 0.5321953125000001 0.20984722222222224 0.0340078125 0.13702777777777778
0 0.8946406250000001 0.11047222222222224 0.02978125 0.12069444444444445
0 0.22364062499999998 0.03373611111111111 0.03096875 0.06747222222222223
0 0.9203828125 0.2778055555555556 0.0403515625 0.14641666666666667
0 0.49190625 0.08666666666666667 0.030125000000000002 0.10452777777777779
0 0.9244765625 0.18138888888888888 0.033265625 0.10705555555555556
0 0.6251249999999999 0.12718055555555555 0.0389296875 0.11715277777777777
0 0.45130468749999997 0.11398611111111111 0.026250000000000002 0.11980555555555557
0 0.058671875 0.16919444444444443 0.0313203125 0.12118055555555556
0 0.40640625 0.3733194444444445 0.0319296875 0.1394027777777778
0 0.39703125 0.017875 0.0242578125 0.035736111111111114
0 0.0842734375 0.8663055555555556 0.0652109375 0.2115
0 0.730359375 0.09395833333333334 0.0224140625 0.1367361111111111
0 0.614609375 0.42927777777777776 0.03975 0.14080555555555554
0 0.36896874999999996 0.5158194444444444 0.0382578125 0.17158333333333334
0 0.317796875 0.37881944444444443 0.0481328125 0.15270833333333333
0 0.86034375 0.07356944444444444 0.025031249999999998 0.10652777777777778
0 0.9535546874999999 0.020069444444444442 0.0204765625 0.04015277777777778
0 0.6845859375 0.0475 0.0225 0.09243055555555556
0 0.4266015625 0.10955555555555554 0.026000000000000002 0.11733333333333335
0 0.574875 0.9752777777777778 0.0458671875 0.04945833333333333
0 0.313578125 0.2786111111111111 0.0327578125 0.08929166666666667
0 0.8468671875 0.07955555555555556 0.021406249999999998 0.10269444444444444
0 0.14847656250000002 0.017069444444444443 0.022664062500000002 0.034125
0 0.0076796875 0.1223888888888889 0.014765625 0.0921388888888889
0 0.992390625 0.16645833333333332 0.01521875 0.10772222222222222
0 0.2190625 0.5373472222222222 0.04334375 0.15341666666666665
0 0.22548437500000001 0.4651111111111111 0.0230546875 0.05433333333333333
0 0.1903046875 0.5185972222222222 0.037703125 0.14272222222222222
0 0.25115625 0.5241805555555555 0.038796874999999995 0.13391666666666666
0 0.6644140625 0.07554166666666667 0.018921874999999998 0.0662361111111111
0 0.7237421875 0.050652777777777776 0.027921875000000002 0.09841666666666667
0 0.635046875 0.11743055555555555 0.027328124999999998 0.12297222222222223
0 0.48599218750000006 0.018486111111111113 0.029578125 0.036972222222222226
