0 0.82446875 0.6654722222222222 0.04871875 0.1584861111111111
0 0.934234375 0.5710277777777778 0.045242187499999996 0.17198611111111112
0 0.58296875 0.14747222222222223 0.026476562500000002 0.09801388888888887
0 0.8123828124999999 0.5182083333333334 0.0411953125 0.15634722222222222
0 0.666203125 0.7503472222222223 0.042210937500000004 0.14973611111111113
0 0.49777343749999997 0.298375 0.031390625 0.12365277777777778
0 0.4053046875 0.3616111111111111 0.031132812500000002 0.13541666666666666
0 0.5858125000000001 0.7473333333333334 0.042648437500000004 0.18056944444444442
0 0.183125 0.04209722222222222 0.026015624999999997 0.08143055555555556
0 0.1313203125 0.6191527777777778 0.047515625 0.166125
0 0.6193984375 0.4143055555555556 0.03290625 0.12781944444444446
0 0.379125 0.19147222222222224 0.031093749999999996 0.12945833333333331
0 0.9748984374999999 0.2743888888888889 0.033828125 0.13065277777777776
0 0.9244609374999999 0.2855 0.0400625 0.14019444444444445
0 0.08592187500000001 0.8704166666666667 0.0595 0.19855555555555557
0 0.058640625 0.16966666666666666 0.031375 0.12106944444444445
0 0.0107109375 0.11836111111111111 0.0214140625 0.097625
0 0.6208984375 0.1284583333333333 0.034414062499999995 0.11565277777777777
0 0.8937578125 0.1095 0.0332890625 0.12393055555555556
0 0.22815625 0.032375 0.0347734375 0.0647638888888889
0 0.56965625 0.9648194444444443 0.037890625 0.07034722222222221
0 0.7279687499999999 0.09866666666666668 0.0221640625 0.12726388888888887
0 0.48707031250000005 0.06341666666666666 0.026703125 0.11613888888888889
0 0.3689453125 0.49544444444444447 0.0378359375 0.16177777777777777
0 0.4526796875 0.116125 0.026320312499999998 0.11845833333333335
0 0.5330390625 0.22113888888888888 0.036546875 0.14298611111111112
0 0.9535937499999999 0.020208333333333335 0.020546875 0.04041666666666667
0 0.6836328125 0.04776388888888889 0.0224375 0.09298611111111112
0 0.31613281249999997 0.38455555555555554 0.05034375 0.14872222222222223
0 0.49828124999999995 0.018000000000000002 0.032578125 0.036000000000000004
0 0.3150234375 0.2869027777777778 0.0345546875 0.09380555555555556
0 0.1463515625 0.01965277777777778 0.0244453125 0.03929166666666666
0 0.7157734375 0.04777777777777777 0.025671875 0.09554166666666668
0 0.3982265625 0.017625 0.027359375000000002 0.03525
0 0.4990859375 0.08525 0.020585937500000002 0.10309722222222223
0 0.22400000000000003 0.4694583333333333 0.0251953125 0.056472222222222215
0 0.9218671875 0.19712500000000002 0.03821875 0.12354166666666667
0 0.42648437499999997 0.1108611111111111 0.027625 0.12275
0 0.8652265625 0.08234722222222222 0.025640625 0.10487500000000001
0 0.6325234375 0.113 0.02640625 0.12984722222222222
0 0.1901484375 0.5192777777777777 0.035164062499999996 0.14331944444444444
0 0.6644062500000001 0.07325000000000001 0.021015625 0.0654861111111111
0 0.21942187500000002 0.5384722222222222 0.042976562499999996 0.15384722222222222
0 0.9920781249999999 0.1655 0.0158359375 0.1083888888888889
0 0.8494921874999999 0.08466666666666667 0.01946875 0.10444444444444445
0 0.25059375 0.5250694444444445 0.03940625 0.13405555555555554
