0 0.2733050847457627 0.9231481481481482 0.022598870056497175 0.02962962962962963
0 0.2574152542372881 0.9481481481481482 0.020480225988700564 0.03333333333333333
0 0.4823446327683616 0.9208333333333333 0.02401129943502825 0.03796296296296296
0 0.042725988700564974 0.5671296296296297 0.041666666666666664 0.05277777777777778
0 0.5819209039548022 0.14444444444444443 0.022598870056497175 0.05925925925925926
0 0.2489406779661017 0.9208333333333333 0.020480225988700564 0.028703703703703703
0 0.2574152542372881 0.9166666666666666 0.01765536723163842 0.025925925925925925
0 0.403954802259887 0.924074074074074 0.018361581920903956 0.027777777777777776
0 0.413135593220339 0.7277777777777777 0.02824858757062147 0.037037037037037035
0 0.6468926553672316 0.8842592592592593 0.0211864406779661 0.03518518518518519
0 0.6709039548022598 0.8800925925925925 0.018361581920903956 0.03981481481481482
0 0.8082627118644068 0.5976851851851852 0.019067796610169493 0.03425925925925926
0 0.3873587570621469 0.2050925925925926 0.026129943502824857 0.041666666666666664
0 0.3930084745762712 0.7509259259259259 0.03742937853107345 0.037037037037037035
0 0.2994350282485876 0.8444444444444444 0.026836158192090395 0.03518518518518519
0 0.06391242937853107 0.5337962962962963 0.041666666666666664 0.06944444444444445
0 0.0005151975805164544 0.0009092078189300411 0.000016957132369370233 0.00003515089163237311
0 0.653954802259887 0.5935185185185186 0.0211864406779661 0.037037037037037035
