0 0.2740112994350282 0.9231481481481482 0.02401129943502825 0.02962962962962963
0 0.2574152542372881 0.9481481481481482 0.020480225988700564 0.03333333333333333
0 0.4583333333333333 0.9125 0.02401129943502825 0.03796296296296296
0 0.03742937853107345 0.6805555555555556 0.0423728813559322 0.05185185185185185
0 0.5798022598870056 0.15046296296296297 0.0211864406779661 0.058333333333333334
0 0.2489406779661017 0.9194444444444444 0.020480225988700564 0.03148148148148148
0 0.2595338983050847 0.9166666666666666 0.021892655367231638 0.025925925925925925
0 0.4053672316384181 0.9166666666666666 0.0211864406779661 0.025925925925925925
0 0.413135593220339 0.7300925925925926 0.02824858757062147 0.03796296296296296
0 0.6468926553672316 0.8842592592592593 0.0211864406779661 0.03518518518518519
0 0.6709039548022598 0.8791666666666667 0.018361581920903956 0.041666666666666664
0 0.686087570621469 0.6680555555555555 0.020480225988700564 0.03611111111111111
0 0.3160310734463277 0.20972222222222223 0.026129943502824857 0.041666666666666664
0 0.3930084745762712 0.7509259259259259 0.03742937853107345 0.037037037037037035
0 0.6302966101694916 0.775 0.026129943502824857 0.03518518518518519
0 0.06532485875706215 0.7625 0.041666666666666664 0.06944444444444445
0 0.672316384180791 0.6564814814814814 0.0211864406779661 0.037037037037037035
