0 0.2055084745762712 0.9273148148148148 0.02401129943502825 0.03425925925925926
0 0.0006967386447061828 0.0003309327846364883 0.000022942002617383254 0.000032578875171467765
0 0.2468220338983051 0.924074074074074 0.03036723163841808 0.03148148148148148
0 0.823093220338983 0.6953703703703704 0.023305084745762712 0.044444444444444446
0 0.5780367231638418 0.8004629629629629 0.041666666666666664 0.03611111111111111
0 0.6588983050847458 0.7601851851851852 0.03672316384180791 0.03518518518518519
0 0.0826271186440678 0.28194444444444444 0.026836158192090395 0.03981481481481482
0 0.4851694915254237 0.7726851851851851 0.029661016949152543 0.03981481481481482
0 0.0882768361581921 0.7087962962962963 0.0211864406779661 0.041666666666666664
0 0.9088983050847458 0.25972222222222224 0.02824858757062147 0.03796296296296296
0 0.911723163841808 0.575925925925926 0.02824858757062147 0.03148148148148148
0 0.390183615819209 0.7407407407407407 0.028954802259887006 0.046296296296296294
0 0.3937146892655367 0.8916666666666667 0.033192090395480225 0.02962962962962963
0 0.9339689265536724 0.27037037037037037 0.024717514124293787 0.037037037037037035
0 0.9675141242937854 0.25277777777777777 0.025423728813559324 0.03148148148148148
0 0.8968926553672316 0.6166666666666667 0.029661016949152543 0.02962962962962963
0 0.2588276836158192 0.12685185185185185 0.026129943502824857 0.03148148148148148
0 0.00007481087810016278 0.000906207133058985 0.000027929394490727445 0.0000411522633744856
0 0.7009180790960452 0.8004629629629629 0.03036723163841808 0.03611111111111111
0 0.821680790960452 0.2324074074074074 0.03177966101694915 0.046296296296296294
0 0.2937853107344633 0.9032407407407408 0.02401129943502825 0.03611111111111111
0 0.3054378531073446 0.8861111111111111 0.03036723163841808 0.03148148148148148
0 0.4410310734463277 0.9041666666666667 0.02754237288135593 0.03425925925925926
0 0.4166666666666667 0.7055555555555556 0.026836158192090395 0.03148148148148148
0 0.6490112994350282 0.8828703703703704 0.022598870056497175 0.03796296296296296
0 0.6758474576271186 0.8800925925925925 0.022598870056497175 0.03981481481481482
0 0.13877118644067796 0.2861111111111111 0.0346045197740113 0.03518518518518519
0 0.10663841807909605 0.6106481481481482 0.02401129943502825 0.03796296296296296
0 0.8361581920903954 0.49722222222222223 0.02824858757062147 0.05
0 0.4152542372881356 0.9638888888888889 0.02401129943502825 0.03518518518518519
0 0.7161016949152542 0.8212962962962963 0.03389830508474576 0.05185185185185185
0 0.5067090395480226 0.19583333333333333 0.033192090395480225 0.049074074074074076
0 0.2510593220338983 0.5546296296296296 0.03884180790960452 0.03148148148148148
