0 0.9739803094233473 0.9083333333333333 0.03234880450070324 0.03148148148148148
0 0.2739099859353024 0.12638888888888888 0.026019690576652602 0.062037037037037036
0 0.22468354430379747 0.5143518518518518 0.030239099859353025 0.026851851851851852
0 0.4890998593530239 0.3425925925925926 0.028832630098452883 0.05
0 0.5323488045007032 0.2722222222222222 0.01828410689170183 0.03333333333333333
0 0.9535864978902954 0.9300925925925926 0.016877637130801686 0.03796296296296296
0 0.7637130801687764 0.9319444444444445 0.02812939521800281 0.041666666666666664
0 0.9852320675105485 0.6300925925925925 0.01828410689170183 0.058333333333333334
0 0.5474683544303798 0.3087962962962963 0.03164556962025317 0.03981481481481482
0 0.22116736990154712 0.4046296296296296 0.017580872011251757 0.03148148148148148
0 0.17264416315049227 0.08796296296296297 0.034458509142053444 0.05185185185185185
0 0.2088607594936709 0.4046296296296296 0.01828410689170183 0.03148148148148148
0 0.17123769338959213 0.48148148148148145 0.034458509142053444 0.03148148148148148
0 0.9725738396624473 0.2111111111111111 0.029535864978902954 0.06851851851851852
