0 0.10654008438818566 0.5981481481481481 0.030239099859353025 0.05185185185185185
0 0.17334739803094235 0.47175925925925927 0.03305203938115331 0.041666666666666664
0 0.5267229254571026 0.9685185185185186 0.026722925457102673 0.04814814814814815
0 0.4982419127988748 0.2722222222222222 0.0189873417721519 0.02962962962962963
0 0.16139240506329114 0.45046296296296295 0.023206751054852322 0.023148148148148147
0 0.2039381153305204 0.2847222222222222 0.02250351617440225 0.03796296296296296
0 0.17897327707454289 0.8675925925925926 0.027426160337552744 0.037037037037037035
0 0.45464135021097046 0.6060185185185185 0.023206751054852322 0.03981481481481482
0 0.47890295358649787 0.34074074074074073 0.03656821378340366 0.02962962962962963
0 0.9753867791842475 0.18055555555555555 0.02390998593530239 0.046296296296296294
0 0.5358649789029536 0.3055555555555556 0.02531645569620253 0.02962962962962963
0 0.5351617440225035 0.2675925925925926 0.029535864978902954 0.03333333333333333
0 0.2011251758087201 0.08611111111111111 0.02531645569620253 0.05185185185185185
0 0.22468354430379747 0.2949074074074074 0.02180028129395218 0.028703703703703703