0 0.26230661040787623 0.38981481481481484 0.02531645569620253 0.03518518518518519
0 0.2661744022503516 0.3824074074074074 0.02461322081575246 0.03333333333333333
0 0.28656821378340364 0.3763888888888889 0.023206751054852322 0.03796296296296296
0 0.13150492264416316 0.5833333333333334 0.03375527426160337 0.03888888888888889
0 0.12060478199718706 0.7550925925925925 0.035864978902953586 0.04537037037037037
0 0.40541490857946555 0.5893518518518519 0.03305203938115331 0.04351851851851852
0 0.2218706047819972 0.9435185185185185 0.035864978902953586 0.03518518518518519
0 0.5010548523206751 0.4689814814814815 0.027426160337552744 0.03611111111111111
0 0.5052742616033755 0.44814814814814813 0.02461322081575246 0.03518518518518519
0 0.4883966244725738 0.34074074074074073 0.03867791842475387 0.046296296296296294
0 0.3484528832630098 0.4023148148148148 0.04149085794655415 0.04722222222222222
0 0.4838255977496484 0.27824074074074073 0.03234880450070324 0.03796296296296296
0 0.9732770745428974 0.9120370370370371 0.030942334739803096 0.03518518518518519
0 0.9426863572433193 0.8726851851851852 0.035864978902953586 0.03611111111111111
0 0.759142053445851 0.7518518518518519 0.03867791842475387 0.04814814814814815
0 0.530239099859353 0.2759259259259259 0.01969057665260197 0.03333333333333333
0 0.17123769338959213 0.47962962962962963 0.026019690576652602 0.03518518518518519
0 0.15857946554149085 0.45231481481481484 0.028832630098452883 0.03611111111111111
