0 0.43424753867791843 0.47314814814814815 0.02461322081575246 0.03518518518518519
0 0.4356540084388186 0.45555555555555555 0.02461322081575246 0.037037037037037035
0 0.43776371308016876 0.4398148148148148 0.026019690576652602 0.03518518518518519
0 0.2928973277074543 0.5476851851851852 0.03305203938115331 0.03981481481481482
0 0.12271448663853728 0.7560185185185185 0.034458509142053444 0.04351851851851852
0 0.580168776371308 0.5476851851851852 0.03375527426160337 0.04351851851851852
0 0.23312236286919832 0.6851851851851852 0.035864978902953586 0.03518518518518519
0 0.6705344585091421 0.4564814814814815 0.027426160337552744 0.03518518518518519
0 0.6663150492264416 0.43333333333333335 0.02461322081575246 0.03518518518518519
0 0.4954289732770745 0.3416666666666667 0.04149085794655415 0.05185185185185185
0 0.14135021097046413 0.325 0.04219409282700422 0.04814814814814815
0 0.45675105485232065 0.29953703703703705 0.035864978902953586 0.041666666666666664
0 0.5720815752461322 0.725 0.03867791842475387 0.044444444444444446
0 0.5288326300984529 0.275 0.02250351617440225 0.03518518518518519
0 0.169831223628692 0.4773148148148148 0.028832630098452883 0.026851851851851852
0 0.16068917018284107 0.4564814814814815 0.02461322081575246 0.03518518518518519
0 0.9454992967651196 0.8851851851851852 0.04149085794655415 0.03148148148148148