0 0.5182841068917018 0.8041666666666667 0.02109704641350211 0.026851851851851852
0 0.5112517580872011 0.3333333333333333 0.02109704641350211 0.03148148148148148
0 0.6023206751054853 0.4013888888888889 0.03305203938115331 0.05462962962962963
0 0.36075949367088606 0.8 0.02531645569620253 0.03148148148148148
0 0.4880450070323488 0.29398148148148145 0.02109704641350211 0.03611111111111111
0 0.9817158931082982 0.7851851851851852 0.01969057665260197 0.03518518518518519
0 0.9261603375527426 0.8870370370370371 0.02250351617440225 0.03148148148148148
0 0.7545710267229254 0.6824074074074075 0.029535864978902954 0.046296296296296294
0 0.08016877637130802 0.3439814814814815 0.02812939521800281 0.04722222222222222
0 0.5246132208157525 0.825462962962963 0.016877637130801686 0.025
0 0.5161744022503516 0.8458333333333333 0.02531645569620253 0.023148148148148147
0 0.16912798874824192 0.46574074074074073 0.03305203938115331 0.037037037037037035
