0 0.5073839662447257 0.8041666666666667 0.020393811533052038 0.026851851851851852
0 0.5112517580872011 0.3333333333333333 0.02109704641350211 0.03148148148148148
0 0.5928270042194093 0.4013888888888889 0.03375527426160337 0.05462962962962963
0 0.3663853727144866 0.7870370370370371 0.02531645569620253 0.03148148148148148
0 0.4838255977496484 0.2962962962962963 0.02109704641350211 0.03518518518518519
0 0.9845288326300985 0.7703703703703704 0.01969057665260197 0.03518518518518519
0 0.9549929676511955 0.8787037037037037 0.01969057665260197 0.03148148148148148
0 0.7127285513361463 0.6615740740740741 0.028832630098452883 0.04537037037037037
0 0.10372714486638537 0.3314814814814815 0.027426160337552744 0.04814814814814815
0 0.5133614627285513 0.825462962962963 0.016877637130801686 0.025
0 0.5066807313642757 0.8476851851851852 0.02461322081575246 0.023148148148148147
0 0.16912798874824192 0.4666666666666667 0.03305203938115331 0.03518518518518519
