0 0.0759493670886076 0.1814814814814815 0.03375527426160337 0.03518518518518519
0 0.07348804500703235 0.15694444444444444 0.03867791842475387 0.03981481481481482
0 0.2893811533052039 0.09537037037037037 0.051336146272855133 0.07037037037037037
0 0.6213080168776371 0.14953703703703702 0.04852320675105485 0.058333333333333334
0 0.8073136427566807 0.6675925925925926 0.046413502109704644 0.06296296296296296
0 0.8962728551336147 0.11018518518518519 0.034458509142053444 0.05
0 0.3379043600562588 0.7027777777777777 0.03727144866385373 0.05
0 0.8765822784810127 0.1486111111111111 0.03727144866385373 0.05648148148148148
0 0.9078762306610408 0.15462962962962962 0.030942334739803096 0.05185185185185185
0 0.8161040787623066 0.5055555555555555 0.04992967651195499 0.07037037037037037
0 0.1810829817158931 0.9296296296296296 0.04008438818565401 0.06666666666666667