0 0.07735583684950774 0.18287037037037038 0.03375527426160337 0.03796296296296296
0 0.0759493670886076 0.15462962962962962 0.03375527426160337 0.03888888888888889
0 0.09247538677918425 0.16018518518518518 0.04430379746835443 0.05
0 0.8210267229254571 0.4287037037037037 0.04852320675105485 0.06666666666666667
0 0.5580168776371308 0.2013888888888889 0.047116736990154715 0.0712962962962963
0 0.33368495077355836 0.4740740740740741 0.034458509142053444 0.07037037037037037
0 0.9817158931082982 0.05462962962962963 0.03375527426160337 0.05555555555555555
0 0.24156118143459915 0.48657407407407405 0.047116736990154715 0.0712962962962963
0 0.84985935302391 0.31805555555555554 0.047116736990154715 0.0712962962962963
0 0.3059071729957806 0.08981481481481482 0.05625879043600562 0.06481481481481481
0 0.22960618846694797 0.7550925925925925 0.05977496483825598 0.0712962962962963
0 0.1269338959212377 0.19722222222222222 0.04571026722925457 0.046296296296296294
0 0.2957102672292546 0.9282407407407407 0.03867791842475387 0.058333333333333334
