0 0.07876230661040788 0.1837962962962963 0.03375527426160337 0.03981481481481482
0 0.07735583684950774 0.1537037037037037 0.030942334739803096 0.037037037037037035
0 0.7514064697609001 0.8851851851851852 0.056962025316455694 0.07222222222222222
0 0.9746835443037974 0.06620370370370371 0.0450070323488045 0.0712962962962963
0 0.32665260196905765 0.2824074074074074 0.034458509142053444 0.07037037037037037
0 0.2563291139240506 0.9069444444444444 0.047116736990154715 0.0712962962962963
0 0.8997890295358649 0.1912037037037037 0.047116736990154715 0.0712962962962963
0 0.05520393811533052 0.3972222222222222 0.047116736990154715 0.06296296296296296
0 0.2338255977496484 0.5800925925925926 0.05977496483825598 0.0712962962962963
0 0.3322784810126582 0.3541666666666667 0.051336146272855133 0.07314814814814814
