0 0.22819971870604783 0.7157407407407408 0.03164556962025317 0.037037037037037035
0 0.7703938115330521 0.08472222222222223 0.03867791842475387 0.041666666666666664
0 0.0850914205344585 0.18564814814814815 0.03234880450070324 0.03981481481481482
0 0.08157524613220815 0.15231481481481482 0.030942334739803096 0.03981481481481482
0 0.25738396624472576 0.2740740740740741 0.035161744022503515 0.03333333333333333
0 0.26547116736990156 0.7 0.03727144866385373 0.05185185185185185
0 0.9725738396624473 0.06111111111111111 0.029535864978902954 0.05185185185185185
0 0.02812939521800281 0.03981481481481482 0.046413502109704644 0.03518518518518519
0 0.8779887482419128 0.06481481481481481 0.04289732770745429 0.04814814814814815
0 0.4623769338959212 0.20046296296296295 0.035864978902953586 0.05648148148148148
0 0.25246132208157523 0.8435185185185186 0.03375527426160337 0.05185185185185185
