0 0.7946554149085795 0.6069444444444444 0.029535864978902954 0.041666666666666664
0 0.16912798874824192 0.06944444444444445 0.03305203938115331 0.03518518518518519
0 0.7974683544303798 0.8796296296296297 0.035161744022503515 0.06666666666666667
0 0.5727848101265823 0.22546296296296298 0.034458509142053444 0.06388888888888888
0 0.5629395218002813 0.19722222222222222 0.034458509142053444 0.05
0 0.6406469760900141 0.22314814814814815 0.035161744022503515 0.06851851851851852
0 0.7950070323488045 0.16203703703703703 0.04852320675105485 0.07037037037037037
0 0.43073136427566805 0.1412037037037037 0.056962025316455694 0.0712962962962963
0 0.37130801687763715 0.25046296296296294 0.035161744022503515 0.06018518518518518
0 0.7928973277074542 0.9226851851851852 0.035864978902953586 0.04722222222222222
0 0.44479606188466947 0.29212962962962963 0.04008438818565401 0.06018518518518518
0 0.360056258790436 0.4564814814814815 0.04922644163150492 0.06111111111111111
0 0.25843881856540085 0.6518518518518519 0.051336146272855133 0.06481481481481481
0 0.8143459915611815 0.6041666666666666 0.02390998593530239 0.03981481481481482