0 0.08850226928895613 0.4439814814814815 0.04387291981845688 0.04351851851851852
0 0.6350226928895613 0.04398148148148148 0.046142208774583963 0.03981481481481482
0 0.352874432677761 0.7652777777777777 0.046142208774583963 0.04537037037037037
0 0.594553706505295 0.7726851851851851 0.048411497730711045 0.03981481481481482
0 0.6191376701966718 0.8458333333333333 0.047655068078668684 0.04351851851851852
0 0.7413010590015129 0.16296296296296298 0.030257186081694403 0.04814814814814815
0 0.9795763993948563 0.6416666666666667 0.028744326777609682 0.03888888888888889
0 0.970499243570348 0.9162037037037037 0.036308623298033284 0.03981481481481482
0 0.8914523449319214 0.2814814814814815 0.02798789712556732 0.05185185185185185
0 0.16225416036308624 0.17314814814814813 0.031013615733736764 0.04814814814814815
