0 0.377734375 0.3609375 0.08046875 0.14166666666666666
0 0.30859375 0.4901041666666667 0.0984375 0.14479166666666668
0 0.181640625 0.5755208333333334 0.11171875 0.14166666666666666
0 0.432421875 0.4744791666666667 0.065625 0.10104166666666667
0 0.47265625 0.36614583333333334 0.0765625 0.13333333333333333
0 0.549609375 0.45677083333333335 0.08046875 0.15
0 0.655078125 0.384375 0.06484375 0.084375
0 0.653125 0.45260416666666664 0.071875 0.058333333333333334
0 0.72578125 0.6291666666666667 0.084375 0.103125
0 0.62890625 0.6265625 0.0859375 0.12604166666666666
0 0.791015625 0.5026041666666666 0.10390625 0.11145833333333334
0 0.696875 0.18645833333333334 0.0765625 0.146875
0 0.757421875 0.1859375 0.04453125 0.10729166666666666
0 0.80078125 0.18229166666666666 0.04921875 0.103125
0 0.062890625 0.6489583333333333 0.10859375 0.09895833333333333
0 0.85703125 0.5979166666666667 0.11875 0.09583333333333334
0 0.693359375 0.5244791666666667 0.08828125 0.090625