0 0.316796875 0.47239583333333335 0.065625 0.10104166666666667
0 0.53203125 0.6057291666666667 0.0859375 0.12604166666666666
0 0.697265625 0.1890625 0.0765625 0.146875
0 0.765234375 0.1734375 0.04453125 0.10729166666666666
0 0.632421875 0.5151041666666667 0.08828125 0.090625
0 0.807421875 0.1875 0.0609375 0.08020833333333334
0 0.637890625 0.6145833333333334 0.109375 0.1125
0 0.560546875 0.3645833333333333 0.06171875 0.10729166666666666
0 0.55234375 0.4640625 0.040625 0.084375
0 0.809765625 0.4765625 0.09609375 0.128125
0 0.885546875 0.5901041666666667 0.14296875 0.128125
0 0.769140625 0.5994791666666667 0.1109375 0.11354166666666667
0 0.71484375 0.50625 0.0828125 0.084375
0 0.177734375 0.475 0.1171875 0.10833333333333334
0 0.277734375 0.7942708333333334 0.08046875 0.18020833333333333
0 0.498046875 0.4630208333333333 0.071875 0.1
0 0.344921875 0.3729166666666667 0.1 0.115625
0 0.39453125 0.5307291666666667 0.08125 0.125
0 0.371484375 0.6744791666666666 0.07890625 0.12395833333333334