0 0.697265625 0.1890625 0.0765625 0.146875
0 0.755078125 0.17604166666666668 0.04453125 0.10729166666666666
0 0.55546875 0.5140625 0.08828125 0.090625
0 0.80390625 0.1671875 0.0609375 0.08020833333333334
0 0.503515625 0.40625 0.06171875 0.10729166666666666
0 0.474609375 0.49895833333333334 0.040625 0.084375
0 0.8390625 0.6072916666666667 0.14296875 0.128125
0 0.66484375 0.5119791666666667 0.0828125 0.084375
0 0.292578125 0.39375 0.1 0.115625
0 0.4 0.4479166666666667 0.07421875 0.14270833333333333
0 0.170703125 0.46510416666666665 0.11015625 0.096875
0 0.253125 0.48385416666666664 0.09296875 0.10104166666666667
0 0.47578125 0.6427083333333333 0.07890625 0.109375
0 0.539453125 0.625 0.0828125 0.09270833333333334
0 0.698828125 0.6119791666666666 0.1046875 0.08333333333333333
0 0.754296875 0.5119791666666667 0.07890625 0.13229166666666667
0 0.83828125 0.48541666666666666 0.0921875 0.115625