0 0.75546875 0.18645833333333334 0.09375 0.15520833333333334
0 0.08046875 0.20208333333333334 0.075 0.09270833333333334
0 0.61953125 0.4046875 0.0796875 0.11145833333333334
0 0.5015625 0.5166666666666667 0.0703125 0.11979166666666667
0 0.688671875 0.6729166666666667 0.08984375 0.121875
0 0.74140625 0.3640625 0.1359375 0.121875
0 0.866015625 0.4661458333333333 0.11171875 0.12395833333333334
0 0.23828125 0.6473958333333333 0.1015625 0.10833333333333334
0 0.538671875 0.4427083333333333 0.0953125 0.128125
0 0.744140625 0.45989583333333334 0.10546875 0.11145833333333334
0 0.093359375 0.6135416666666667 0.146875 0.10729166666666666
0 0.258984375 0.5302083333333333 0.11640625 0.10520833333333333
0 0.370703125 0.4375 0.09765625 0.10520833333333333
0 0.754296875 0.5947916666666667 0.1015625 0.115625
0 0.383203125 0.5567708333333333 0.08046875 0.11666666666666667
0 0.641015625 0.4890625 0.09921875 0.08854166666666667