0 0.668359375 0.47552083333333334 0.10546875 0.09479166666666666
0 0.498046875 0.43072916666666666 0.0671875 0.109375
0 0.38203125 0.5541666666666667 0.0515625 0.10833333333333334
0 0.140234375 0.6010416666666667 0.10390625 0.109375
0 0.0734375 0.19479166666666667 0.07265625 0.1
0 0.165625 0.4973958333333333 0.11171875 0.115625
0 0.305859375 0.44166666666666665 0.096875 0.11145833333333334
0 0.658203125 0.6411458333333333 0.0953125 0.134375
0 0.753125 0.1921875 0.1109375 0.190625
0 0.428125 0.471875 0.06484375 0.12916666666666668
0 0.495703125 0.5171875 0.08828125 0.10833333333333334
0 0.29921875 0.5776041666666667 0.0921875 0.10520833333333333
0 0.72421875 0.571875 0.096875 0.1125
0 0.903515625 0.41822916666666665 0.1296875 0.125
0 0.76796875 0.3828125 0.1109375 0.140625
0 0.605859375 0.38958333333333334 0.12734375 0.090625