0 0.658203125 0.48854166666666665 0.10546875 0.09479166666666666
0 0.496484375 0.4114583333333333 0.0671875 0.109375
0 0.38125 0.5609375 0.0515625 0.10833333333333334
0 0.141015625 0.6057291666666667 0.10390625 0.109375
0 0.073828125 0.18958333333333333 0.07265625 0.1
0 0.16015625 0.4979166666666667 0.11171875 0.115625
0 0.30546875 0.44166666666666665 0.096875 0.11145833333333334
0 0.656640625 0.6473958333333333 0.0953125 0.134375
0 0.425 0.45625 0.06484375 0.12916666666666668
0 0.508984375 0.5135416666666667 0.08828125 0.10833333333333334
0 0.2796875 0.6005208333333333 0.0921875 0.10520833333333333
0 0.727734375 0.578125 0.096875 0.1125
0 0.76796875 0.3828125 0.1109375 0.140625
0 0.614453125 0.3796875 0.12734375 0.090625
0 0.874609375 0.4166666666666667 0.11484375 0.103125
0 0.765234375 0.190625 0.0859375 0.13854166666666667