0 0.576171875 0.49583333333333335 0.10546875 0.09479166666666666
0 0.408984375 0.415625 0.0671875 0.109375
0 0.053125 0.6276041666666666 0.10390625 0.109375
0 0.078515625 0.19479166666666667 0.07265625 0.1
0 0.1984375 0.4588541666666667 0.096875 0.11145833333333334
0 0.5765625 0.6338541666666667 0.0953125 0.134375
0 0.340625 0.43802083333333336 0.06484375 0.12916666666666668
0 0.422265625 0.515625 0.08828125 0.10833333333333334
0 0.180078125 0.5973958333333333 0.0921875 0.10520833333333333
0 0.69296875 0.4109375 0.1109375 0.140625
0 0.874609375 0.4166666666666667 0.11484375 0.103125
0 0.75234375 0.21979166666666666 0.0859375 0.13854166666666667
0 0.534375 0.3859375 0.078125 0.11354166666666667
0 0.663671875 0.5671875 0.075 0.0875
0 0.3015625 0.5432291666666667 0.07890625 0.103125