0 0.796875 0.40677083333333336 0.11484375 0.103125
0 0.74609375 0.09322916666666667 0.0859375 0.13854166666666667
0 0.792578125 0.5072916666666667 0.13359375 0.10833333333333334
0 0.589453125 0.44583333333333336 0.07890625 0.12083333333333333
0 0.408984375 0.415625 0.0671875 0.109375
0 0.053515625 0.628125 0.10390625 0.109375
0 0.072265625 0.20104166666666667 0.07265625 0.1
0 0.1828125 0.453125 0.096875 0.11145833333333334
0 0.33828125 0.4546875 0.06484375 0.12916666666666668
0 0.418359375 0.5171875 0.08828125 0.10833333333333334
0 0.1859375 0.5953125 0.0921875 0.10520833333333333
0 0.51640625 0.37916666666666665 0.078125 0.11354166666666667
0 0.2734375 0.546875 0.07890625 0.103125
0 0.5859375 0.5630208333333333 0.08984375 0.10729166666666666
0 0.918359375 0.4703125 0.1265625 0.09895833333333333
0 0.525390625 0.61875 0.07265625 0.10104166666666667
0 0.680859375 0.42604166666666665 0.08828125 0.134375