0 0.34375 0.4046875 0.07890625 0.103125
0 0.6890625 0.31979166666666664 0.1015625 0.10520833333333333
0 0.6859375 0.47604166666666664 0.10390625 0.1125
0 0.778125 0.321875 0.0484375 0.08020833333333334
0 0.472265625 0.409375 0.06953125 0.11354166666666667
0 0.571484375 0.5239583333333333 0.07265625 0.14583333333333334
0 0.55 0.6802083333333333 0.0734375 0.15104166666666666
0 0.162890625 0.3541666666666667 0.10078125 0.103125
0 0.45859375 0.5979166666666667 0.08359375 0.115625
0 0.15078125 0.459375 0.1546875 0.103125
0 0.0609375 0.3875 0.109375 0.09166666666666666