0 0.6890625 0.31927083333333334 0.1015625 0.10520833333333333
0 0.689453125 0.4744791666666667 0.10390625 0.1125
0 0.778125 0.321875 0.0484375 0.08020833333333334
0 0.571484375 0.5239583333333333 0.07265625 0.14583333333333334
0 0.545703125 0.6661458333333333 0.0734375 0.15104166666666666
0 0.146484375 0.3541666666666667 0.10078125 0.103125
0 0.141796875 0.471875 0.1546875 0.103125
0 0.4375 0.4276041666666667 0.0671875 0.103125
0 0.291015625 0.42135416666666664 0.10078125 0.13333333333333333
0 0.43671875 0.5911458333333334 0.08671875 0.16145833333333334
0 0.058203125 0.38645833333333335 0.11015625 0.096875