0 0.6890625 0.31927083333333334 0.1015625 0.10520833333333333
0 0.69140625 0.4744791666666667 0.10390625 0.1125
0 0.778125 0.321875 0.0484375 0.08020833333333334
0 0.497265625 0.6145833333333334 0.0734375 0.15104166666666666
0 0.156640625 0.353125 0.10078125 0.103125
0 0.27265625 0.43385416666666665 0.10078125 0.13333333333333333
0 0.51796875 0.44375 0.07421875 0.1125
0 0.360546875 0.5625 0.1 0.134375
0 0.11328125 0.43072916666666666 0.1359375 0.1
0 0.053515625 0.3697916666666667 0.09140625 0.103125
0 0.410546875 0.3880208333333333 0.07890625 0.12604166666666666