0 0.296484375 0.14375 0.09453125 0.084375
0 0.284375 0.3385416666666667 0.0765625 0.11354166666666667
0 0.559765625 0.6140625 0.06171875 0.10833333333333334
0 0.6328125 0.8625 0.09140625 0.16145833333333334
0 0.884375 0.9302083333333333 0.12421875 0.13958333333333334
0 0.387890625 0.9296875 0.084375 0.11354166666666667
0 0.483203125 0.9119791666666667 0.0671875 0.09895833333333333
0 0.291796875 0.878125 0.06484375 0.165625
0 0.171484375 0.8635416666666667 0.1109375 0.16770833333333332
0 0.489453125 0.7875 0.09765625 0.13854166666666667
0 0.74765625 0.8598958333333333 0.090625 0.14166666666666666
0 0.776953125 0.9536458333333333 0.08671875 0.090625
0 0.367578125 0.8057291666666667 0.06953125 0.16145833333333334