0 0.29296875 0.1671875 0.09453125 0.084375
0 0.284375 0.3385416666666667 0.0765625 0.11354166666666667
0 0.559765625 0.6140625 0.06171875 0.10833333333333334
0 0.63359375 0.8375 0.09140625 0.16145833333333334
0 0.884375 0.9307291666666667 0.12421875 0.13854166666666667
0 0.369921875 0.93125 0.084375 0.11354166666666667
0 0.483203125 0.9119791666666667 0.0671875 0.09895833333333333
0 0.2921875 0.878125 0.06484375 0.165625
0 0.167578125 0.8244791666666667 0.1109375 0.16770833333333332
0 0.48984375 0.7875 0.09765625 0.13854166666666667
0 0.74765625 0.8598958333333333 0.090625 0.14166666666666666
0 0.776953125 0.9536458333333333 0.08671875 0.090625
0 0.36171875 0.7994791666666666 0.0703125 0.184375