0 0.29140625 0.1453125 0.09453125 0.084375
0 0.284375 0.3385416666666667 0.0765625 0.11354166666666667
0 0.559765625 0.6151041666666667 0.06171875 0.10833333333333334
0 0.63359375 0.8375 0.09140625 0.16145833333333334
0 0.87109375 0.9307291666666667 0.12421875 0.13854166666666667
0 0.369921875 0.93125 0.084375 0.11354166666666667
0 0.482421875 0.9130208333333333 0.0671875 0.09895833333333333
0 0.2875 0.8864583333333333 0.06484375 0.165625
0 0.149609375 0.8510416666666667 0.1109375 0.16770833333333332
0 0.48984375 0.7880208333333333 0.09765625 0.13854166666666667
0 0.74765625 0.8604166666666667 0.090625 0.14166666666666666
0 0.76640625 0.953125 0.08671875 0.090625
0 0.221875 0.9348958333333334 0.06875 0.128125
0 0.362109375 0.8083333333333333 0.08515625 0.13854166666666667