0 0.291015625 0.1484375 0.09453125 0.084375
0 0.284375 0.3385416666666667 0.0765625 0.11354166666666667
0 0.559765625 0.6145833333333334 0.06171875 0.10833333333333334
0 0.633203125 0.8375 0.09140625 0.16145833333333334
0 0.8734375 0.8973958333333333 0.12421875 0.140625
0 0.369921875 0.93125 0.084375 0.11354166666666667
0 0.496484375 0.91875 0.0671875 0.09895833333333333
0 0.119140625 0.8453125 0.1109375 0.16770833333333332
0 0.48984375 0.7875 0.09765625 0.13854166666666667
0 0.746875 0.8223958333333333 0.090625 0.14166666666666666
0 0.7734375 0.9520833333333333 0.08671875 0.090625
0 0.35234375 0.8104166666666667 0.0765625 0.12395833333333334
0 0.25234375 0.8583333333333333 0.0953125 0.15520833333333334