0 0.68984375 0.17239583333333333 0.0703125 0.16354166666666667
0 0.76875 0.49947916666666664 0.121875 0.165625
0 0.642578125 0.49635416666666665 0.08984375 0.12395833333333334
0 0.631640625 0.5953125 0.0828125 0.109375
0 0.54140625 0.5088541666666667 0.0828125 0.14583333333333334
0 0.471484375 0.503125 0.05234375 0.11354166666666667
0 0.50859375 0.6333333333333333 0.0859375 0.10520833333333333
0 0.869921875 0.5401041666666667 0.10546875 0.125
0 0.718359375 0.6505208333333333 0.09765625 0.121875
0 0.773046875 0.16979166666666667 0.0921875 0.134375
0 0.299609375 0.46875 0.10859375 0.13229166666666667
0 0.395703125 0.47708333333333336 0.08203125 0.14895833333333333
0 0.305078125 0.6020833333333333 0.12109375 0.11770833333333333
0 0.178515625 0.42135416666666664 0.15078125 0.12604166666666666
0 0.16328125 0.5484375 0.1015625 0.103125