0 0.68984375 0.17239583333333333 0.0703125 0.16354166666666667
0 0.769921875 0.17708333333333334 0.0921875 0.134375
0 0.237109375 0.4354166666666667 0.11953125 0.14895833333333333
0 0.137890625 0.4546875 0.08046875 0.12395833333333334
0 0.457421875 0.4942708333333333 0.06953125 0.13333333333333333
0 0.562890625 0.5026041666666666 0.06796875 0.128125
0 0.3921875 0.5041666666666667 0.0703125 0.11354166666666667
0 0.558203125 0.6223958333333334 0.0859375 0.13020833333333334
0 0.62890625 0.6864583333333333 0.08046875 0.146875
0 0.890234375 0.5614583333333333 0.13671875 0.15729166666666666
0 0.321484375 0.4432291666666667 0.08359375 0.14479166666666668
0 0.461328125 0.6291666666666667 0.08515625 0.12916666666666668
0 0.216015625 0.5369791666666667 0.12890625 0.08229166666666667
0 0.303515625 0.6026041666666667 0.10546875 0.13854166666666667
0 0.65078125 0.5213541666666667 0.1328125 0.12083333333333333
0 0.75 0.47760416666666666 0.0921875 0.16145833333333334