0 0.68984375 0.17239583333333333 0.0703125 0.16354166666666667
0 0.7515625 0.17291666666666666 0.0921875 0.134375
0 0.237109375 0.43645833333333334 0.11953125 0.14895833333333333
0 0.562890625 0.503125 0.06796875 0.128125
0 0.560546875 0.6270833333333333 0.0859375 0.13020833333333334
0 0.629296875 0.6859375 0.08046875 0.146875
0 0.90078125 0.5625 0.13671875 0.15729166666666666
0 0.65078125 0.5213541666666667 0.1328125 0.12083333333333333
0 0.75 0.47760416666666666 0.0921875 0.16145833333333334
0 0.2828125 0.47604166666666664 0.1078125 0.11979166666666667
0 0.440234375 0.6453125 0.0921875 0.13020833333333334
0 0.3796875 0.49583333333333335 0.0703125 0.121875
0 0.46015625 0.49947916666666664 0.08125 0.14583333333333334
0 0.23828125 0.56875 0.146875 0.12604166666666666