0 0.68984375 0.17239583333333333 0.0703125 0.16354166666666667
0 0.449609375 0.6098958333333333 0.0921875 0.10729166666666666
0 0.7703125 0.18541666666666667 0.09140625 0.13020833333333334
0 0.666015625 0.453125 0.09453125 0.13645833333333332
0 0.791015625 0.5854166666666667 0.14765625 0.12395833333333334
0 0.553125 0.6583333333333333 0.08828125 0.11666666666666667
0 0.74296875 0.4296875 0.075 0.159375
0 0.448828125 0.49947916666666664 0.07890625 0.134375
0 0.284375 0.46927083333333336 0.0796875 0.121875
0 0.359375 0.453125 0.0796875 0.13020833333333334
0 0.3515625 0.5963541666666666 0.10078125 0.115625
0 0.0734375 0.5755208333333334 0.14609375 0.121875
0 0.58046875 0.5354166666666667 0.1078125 0.12916666666666668
0 0.184765625 0.4703125 0.13671875 0.12395833333333334
0 0.801953125 0.47552083333333334 0.08203125 0.09895833333333333