0 0.68984375 0.17239583333333333 0.0703125 0.16354166666666667
0 0.45078125 0.6098958333333333 0.0921875 0.10729166666666666
0 0.7703125 0.18645833333333334 0.09140625 0.13020833333333334
0 0.666015625 0.453125 0.09453125 0.13645833333333332
0 0.78125 0.5739583333333333 0.14765625 0.12395833333333334
0 0.553125 0.6583333333333333 0.08828125 0.11666666666666667
0 0.74296875 0.4296875 0.075 0.159375
0 0.448828125 0.49947916666666664 0.07890625 0.134375
0 0.58046875 0.5359375 0.1078125 0.12916666666666668
0 0.801953125 0.47552083333333334 0.08203125 0.09895833333333333
0 0.350390625 0.4661458333333333 0.08359375 0.12395833333333334
0 0.334375 0.6020833333333333 0.11875 0.12916666666666668
0 0.137890625 0.5380208333333333 0.17578125 0.12916666666666668
0 0.257421875 0.4390625 0.08984375 0.14166666666666666