0 0.723828125 0.5130208333333334 0.1046875 0.15
0 0.826953125 0.515625 0.096875 0.1125
0 0.781640625 0.409375 0.11796875 0.096875
0 0.765234375 0.1859375 0.0609375 0.15
0 0.691796875 0.18645833333333334 0.08828125 0.1875
0 0.058203125 0.48541666666666666 0.11640625 0.12604166666666666
0 0.319921875 0.5354166666666667 0.09375 0.09583333333333334
0 0.262109375 0.40677083333333336 0.09609375 0.16354166666666667
0 0.168359375 0.43385416666666665 0.09921875 0.14583333333333334
0 0.830078125 0.19791666666666666 0.08203125 0.13229166666666667
0 0.105859375 0.6114583333333333 0.1671875 0.10104166666666667
0 0.591015625 0.3921875 0.11015625 0.14895833333333333
0 0.54375 0.5401041666666667 0.0984375 0.128125
0 0.179296875 0.6880208333333333 0.14765625 0.13229166666666667
0 0.89921875 0.38177083333333334 0.1375 0.146875
0 0.329296875 0.38125 0.07734375 0.14583333333333334
0 0.4484375 0.35989583333333336 0.084375 0.14166666666666666