0 0.752734375 0.19375 0.0828125 0.146875
0 0.680078125 0.4161458333333333 0.07578125 0.1
0 0.921875 0.4276041666666667 0.14375 0.14166666666666666
0 0.343359375 0.44166666666666665 0.09765625 0.11354166666666667
0 0.868359375 0.6015625 0.15703125 0.11666666666666667
0 0.794921875 0.4395833333333333 0.10859375 0.140625
0 0.43671875 0.43697916666666664 0.09375 0.14270833333333333
0 0.262109375 0.5536458333333333 0.13828125 0.10416666666666667
0 0.090625 0.584375 0.140625 0.121875
0 0.13984375 0.48541666666666666 0.1078125 0.109375
0 0.237890625 0.45625 0.10390625 0.10104166666666667
0 0.390234375 0.5979166666666667 0.10703125 0.15416666666666667
0 0.525390625 0.43333333333333335 0.06484375 0.18854166666666666
0 0.67265625 0.5244791666666667 0.1390625 0.14895833333333333