0 0.921875 0.4276041666666667 0.14375 0.14166666666666666
0 0.525390625 0.43333333333333335 0.06484375 0.18854166666666666
0 0.627734375 0.42864583333333334 0.08984375 0.09270833333333334
0 0.212890625 0.4640625 0.11953125 0.1
0 0.62734375 0.5182291666666666 0.11796875 0.121875
0 0.753515625 0.4864583333333333 0.12734375 0.17604166666666668
0 0.752734375 0.2046875 0.09453125 0.16666666666666666
0 0.35859375 0.5786458333333333 0.09453125 0.13333333333333333
0 0.1984375 0.575 0.1328125 0.08854166666666667
0 0.41328125 0.43697916666666664 0.0875 0.134375
0 0.315625 0.4354166666666667 0.1015625 0.12916666666666668
0 0.862109375 0.6083333333333333 0.12109375 0.121875