0 0.754296875 0.20208333333333334 0.09453125 0.16666666666666666
0 0.417578125 0.4578125 0.06796875 0.1375
0 0.14296875 0.47291666666666665 0.115625 0.0875
0 0.785546875 0.4557291666666667 0.12421875 0.15520833333333334
0 0.2890625 0.5729166666666666 0.1125 0.115625
0 0.174609375 0.5979166666666667 0.12734375 0.11354166666666667
0 0.903515625 0.4203125 0.12890625 0.134375
0 0.64765625 0.48125 0.0953125 0.16770833333333332
0 0.329296875 0.45677083333333335 0.08046875 0.14166666666666666
0 0.237890625 0.42135416666666664 0.11640625 0.11770833333333333
0 0.501953125 0.5270833333333333 0.103125 0.12916666666666668
0 0.521875 0.42291666666666666 0.06875 0.10416666666666667
0 0.9046875 0.6546875 0.1609375 0.17604166666666668
0 0.739453125 0.6067708333333334 0.13828125 0.153125