0 0.783203125 0.19739583333333333 0.10390625 0.16145833333333334
0 0.294140625 0.4588541666666667 0.06796875 0.134375
0 0.351953125 0.521875 0.1125 0.0875
0 0.489453125 0.48854166666666665 0.07578125 0.15520833333333334
0 0.38125 0.42239583333333336 0.08125 0.096875
0 0.0796875 0.3848958333333333 0.1234375 0.125
0 0.191015625 0.46927083333333336 0.11796875 0.175
0 0.6109375 0.6078125 0.121875 0.18854166666666666
0 0.622265625 0.4588541666666667 0.09765625 0.11770833333333333
0 0.753515625 0.4276041666666667 0.15078125 0.125
0 0.8234375 0.55 0.13515625 0.103125
0 0.851171875 0.6546875 0.14765625 0.11770833333333333
0 0.087109375 0.5776041666666667 0.14609375 0.128125