0 0.15078125 0.45208333333333334 0.1390625 0.14583333333333334
0 0.6921875 0.42552083333333335 0.1140625 0.115625
0 0.748046875 0.20677083333333332 0.121875 0.15416666666666667
0 0.05234375 0.4161458333333333 0.1046875 0.115625
0 0.84375 0.4484375 0.1265625 0.13645833333333332
0 0.951953125 0.428125 0.08984375 0.13229166666666667
0 0.3625 0.4317708333333333 0.0828125 0.10833333333333334
0 0.5828125 0.45625 0.0953125 0.140625
0 0.582421875 0.609375 0.09765625 0.14270833333333333
0 0.7515625 0.6541666666666667 0.1375 0.11354166666666667
0 0.7109375 0.5401041666666667 0.1453125 0.11354166666666667
0 0.362109375 0.5333333333333333 0.12265625 0.128125
0 0.2375 0.5 0.0984375 0.13645833333333332
0 0.4796875 0.47239583333333335 0.071875 0.15520833333333334
0 0.091015625 0.58125 0.17109375 0.09895833333333333