0 0.6921875 0.42552083333333335 0.1140625 0.115625
0 0.74765625 0.20729166666666668 0.121875 0.15416666666666667
0 0.5828125 0.45625 0.0953125 0.140625
0 0.369140625 0.5583333333333333 0.12265625 0.128125
0 0.2375 0.5 0.0984375 0.13645833333333332
0 0.4796875 0.47239583333333335 0.071875 0.15520833333333334
0 0.344921875 0.425 0.09921875 0.11145833333333334
0 0.8296875 0.49166666666666664 0.1046875 0.13333333333333333
0 0.923046875 0.4140625 0.14765625 0.121875
0 0.72265625 0.546875 0.1359375 0.103125
0 0.74921875 0.6494791666666667 0.1453125 0.12083333333333333
0 0.13828125 0.4552083333333333 0.0953125 0.1375
0 0.583984375 0.6364583333333333 0.11328125 0.18020833333333333
0 0.9171875 0.6098958333333333 0.1625 0.10520833333333333
0 0.077734375 0.5765625 0.13984375 0.103125