0 0.719921875 0.5375 0.1359375 0.103125
0 0.75703125 0.6661458333333333 0.13046875 0.12604166666666666
0 0.926171875 0.4239583333333333 0.08984375 0.140625
0 0.750390625 0.20833333333333334 0.08984375 0.15104166666666666
0 0.821875 0.43072916666666666 0.103125 0.14166666666666666
0 0.212890625 0.4432291666666667 0.12421875 0.11979166666666667
0 0.5640625 0.6255208333333333 0.14609375 0.12916666666666668
0 0.1953125 0.5578125 0.1109375 0.115625
0 0.33828125 0.46510416666666665 0.10625 0.15833333333333333
0 0.5234375 0.4557291666666667 0.0875 0.13020833333333334
0 0.634765625 0.45989583333333334 0.07578125 0.11666666666666667