0 0.750390625 0.20833333333333334 0.08984375 0.15104166666666666
0 0.580078125 0.6364583333333333 0.12578125 0.128125
0 0.751171875 0.4192708333333333 0.10390625 0.14166666666666666
0 0.8296875 0.45 0.0828125 0.15833333333333333
0 0.91328125 0.4166666666666667 0.0890625 0.153125
0 0.41875 0.5703125 0.109375 0.11354166666666667
0 0.63359375 0.4317708333333333 0.0921875 0.15
0 0.219921875 0.40208333333333335 0.10625 0.159375
0 0.083203125 0.4359375 0.15859375 0.09479166666666666
0 0.385546875 0.40572916666666664 0.10078125 0.13333333333333333
0 0.483984375 0.4348958333333333 0.07734375 0.13645833333333332
0 0.573046875 0.5265625 0.09296875 0.128125