0 0.750390625 0.20833333333333334 0.08984375 0.15104166666666666
0 0.16171875 0.39166666666666666 0.146875 0.175
0 0.299609375 0.4578125 0.08984375 0.13229166666666667
0 0.32734375 0.6661458333333333 0.121875 0.153125
0 0.39765625 0.4484375 0.0890625 0.16145833333333334
0 0.5046875 0.6552083333333333 0.10703125 0.13333333333333333
0 0.562890625 0.45989583333333334 0.09296875 0.13333333333333333
0 0.480078125 0.5151041666666667 0.10234375 0.10833333333333334
0 0.675390625 0.43125 0.08828125 0.14895833333333333
0 0.7703125 0.4453125 0.1 0.20104166666666667
0 0.8671875 0.40572916666666664 0.09375 0.18645833333333334