0 0.75703125 0.19583333333333333 0.09375 0.15520833333333334
0 0.08046875 0.20052083333333334 0.075 0.09270833333333334
0 0.216015625 0.4671875 0.128125 0.10729166666666666
0 0.24296875 0.6015625 0.1046875 0.12395833333333334
0 0.372265625 0.6161458333333333 0.09765625 0.0875
0 0.371875 0.5208333333333334 0.0875 0.10520833333333333
0 0.47578125 0.4578125 0.078125 0.090625
0 0.466015625 0.5859375 0.071875 0.11354166666666667
0 0.569140625 0.5244791666666667 0.071875 0.09583333333333334
0 0.6140625 0.4296875 0.0828125 0.109375
0 0.701171875 0.42552083333333335 0.08203125 0.10416666666666667
0 0.69296875 0.5416666666666666 0.0859375 0.109375
0 0.813671875 0.6098958333333333 0.11015625 0.09895833333333333
0 0.755078125 0.6614583333333334 0.09140625 0.121875
0 0.808203125 0.5244791666666667 0.1296875 0.10520833333333333
0 0.1265625 0.5390625 0.1078125 0.08020833333333334
0 0.80078125 0.3723958333333333 0.1171875 0.13645833333333332