0 0.75546875 0.18541666666666667 0.09375 0.15520833333333334
0 0.08046875 0.20208333333333334 0.075 0.09270833333333334
0 0.61953125 0.40729166666666666 0.0796875 0.11145833333333334
0 0.6421875 0.509375 0.0921875 0.125
0 0.5015625 0.5166666666666667 0.0703125 0.11979166666666667
0 0.687890625 0.6697916666666667 0.08984375 0.121875
0 0.74140625 0.3640625 0.1359375 0.121875
0 0.1328125 0.6104166666666667 0.15234375 0.11354166666666667
0 0.54375 0.4479166666666667 0.0796875 0.10833333333333334
0 0.7421875 0.5869791666666667 0.10390625 0.121875
0 0.7515625 0.45364583333333336 0.1171875 0.10729166666666666
0 0.266796875 0.5140625 0.115625 0.1375
0 0.391796875 0.5723958333333333 0.08125 0.10833333333333334
0 0.866015625 0.4661458333333333 0.11171875 0.12395833333333334
0 0.515234375 0.2609375 0.11015625 0.16145833333333334
0 0.2375 0.6432291666666666 0.1015625 0.10833333333333334
0 0.396484375 0.45208333333333334 0.10078125 0.109375
