0 0.74140625 0.3640625 0.1359375 0.121875
0 0.866015625 0.4661458333333333 0.11171875 0.12395833333333334
0 0.726953125 0.4583333333333333 0.10546875 0.11145833333333334
0 0.358203125 0.4510416666666667 0.0828125 0.109375
0 0.353125 0.5833333333333334 0.084375 0.12916666666666668
0 0.44453125 0.5098958333333333 0.07421875 0.125
0 0.104296875 0.5979166666666667 0.159375 0.10520833333333333
0 0.681640625 0.6635416666666667 0.109375 0.1375
0 0.74140625 0.6052083333333333 0.10078125 0.10416666666666667
0 0.237890625 0.61875 0.10234375 0.09166666666666666
0 0.24296875 0.525 0.121875 0.08645833333333333
0 0.070703125 0.1875 0.07890625 0.09479166666666666
0 0.589453125 0.4890625 0.10390625 0.09479166666666666
0 0.549609375 0.38125 0.06328125 0.1125
0 0.49375 0.4473958333333333 0.0640625 0.13854166666666667