0 0.684375 0.32916666666666666 0.096875 0.13333333333333333
0 0.77421875 0.31614583333333335 0.071875 0.128125
0 0.691015625 0.4979166666666667 0.10390625 0.178125
0 0.544140625 0.45416666666666666 0.08984375 0.14479166666666668
0 0.458203125 0.41302083333333334 0.07109375 0.190625
0 0.375 0.41458333333333336 0.090625 0.17083333333333334
0 0.29296875 0.43333333333333335 0.0796875 0.13645833333333332
0 0.201171875 0.48854166666666665 0.109375 0.11979166666666667
0 0.10546875 0.3453125 0.0859375 0.115625
0 0.2125 0.353125 0.0859375 0.12083333333333333
0 0.1140625 0.51875 0.0765625 0.1625