0 0.684375 0.32916666666666666 0.096875 0.13333333333333333
0 0.774609375 0.31614583333333335 0.071875 0.128125
0 0.69453125 0.4947916666666667 0.10390625 0.178125
0 0.375 0.4140625 0.090625 0.17083333333333334
0 0.448046875 0.46927083333333336 0.07421875 0.18333333333333332
0 0.16484375 0.46822916666666664 0.11328125 0.12083333333333333
0 0.16796875 0.32708333333333334 0.165625 0.10729166666666666
0 0.27734375 0.4515625 0.10390625 0.15729166666666666
0 0.042578125 0.3463541666666667 0.08046875 0.1625
0 0.525 0.4609375 0.0703125 0.178125
0 0.158203125 0.5869791666666667 0.16953125 0.109375