0 0.684375 0.32916666666666666 0.096875 0.13333333333333333
0 0.774609375 0.31614583333333335 0.071875 0.128125
0 0.694140625 0.4947916666666667 0.10390625 0.178125
0 0.375 0.41458333333333336 0.090625 0.17083333333333334
0 0.448046875 0.46979166666666666 0.07421875 0.18333333333333332
0 0.042578125 0.346875 0.08046875 0.1625
0 0.525 0.4609375 0.0703125 0.178125
0 0.13046875 0.5755208333333334 0.16953125 0.109375
0 0.144140625 0.3171875 0.12734375 0.09583333333333334
0 0.14453125 0.4640625 0.1203125 0.11354166666666667
0 0.265234375 0.44427083333333334 0.11796875 0.16979166666666667