0 0.684375 0.32916666666666666 0.096875 0.13333333333333333
0 0.774609375 0.31614583333333335 0.071875 0.128125
0 0.69375 0.4947916666666667 0.10390625 0.178125
0 0.042578125 0.3463541666666667 0.08046875 0.1625
0 0.144140625 0.3171875 0.12734375 0.09583333333333334
0 0.326171875 0.3796875 0.09609375 0.128125
0 0.229296875 0.4510416666666667 0.10546875 0.15729166666666666
0 0.12734375 0.46770833333333334 0.096875 0.115625
0 0.3984375 0.5229166666666667 0.1015625 0.15104166666666666
0 0.13671875 0.5682291666666667 0.17421875 0.09166666666666666
0 0.495703125 0.4348958333333333 0.0703125 0.19479166666666667