0 0.684765625 0.32760416666666664 0.096875 0.13333333333333333
0 0.775 0.3151041666666667 0.071875 0.128125
0 0.6875 0.4703125 0.10390625 0.178125
0 0.294140625 0.3651041666666667 0.09375 0.15416666666666667
0 0.106640625 0.31666666666666665 0.09765625 0.096875
0 0.196484375 0.33541666666666664 0.13984375 0.18333333333333332
0 0.12265625 0.5135416666666667 0.15 0.12395833333333334
0 0.2984375 0.49375 0.10390625 0.10520833333333333
0 0.366796875 0.41354166666666664 0.084375 0.13645833333333332
0 0.284375 0.09635416666666667 0.1578125 0.184375
0 0.123046875 0.11666666666666667 0.14453125 0.178125