0 0.34375 0.42239583333333336 0.0828125 0.13854166666666667
0 0.594140625 0.5578125 0.07265625 0.15416666666666667
0 0.55078125 0.6953125 0.0796875 0.13229166666666667
0 0.691015625 0.33697916666666666 0.10703125 0.13333333333333333
0 0.779296875 0.33125 0.0609375 0.125
0 0.12890625 0.39114583333333336 0.1125 0.10729166666666666
0 0.231640625 0.36666666666666664 0.08828125 0.10729166666666666
0 0.47109375 0.4234375 0.0734375 0.11979166666666667
0 0.46171875 0.6130208333333333 0.0984375 0.15104166666666666
0 0.6921875 0.4822916666666667 0.09453125 0.146875
0 0.23203125 0.43697916666666664 0.1015625 0.09895833333333333