0 0.34375 0.421875 0.0828125 0.13854166666666667
0 0.691015625 0.33697916666666666 0.10703125 0.13333333333333333
0 0.779296875 0.33125 0.0609375 0.125
0 0.128515625 0.39114583333333336 0.1125 0.10729166666666666
0 0.23125 0.36614583333333334 0.08828125 0.10729166666666666
0 0.47109375 0.4234375 0.0734375 0.11979166666666667
0 0.461328125 0.6130208333333333 0.0984375 0.15104166666666666
0 0.69375 0.4734375 0.0984375 0.115625
0 0.225390625 0.42916666666666664 0.11875 0.08333333333333333
0 0.577734375 0.5369791666666667 0.07265625 0.15104166666666666
0 0.552734375 0.6713541666666667 0.08046875 0.15416666666666667