0 0.691015625 0.33697916666666666 0.10703125 0.13333333333333333
0 0.779296875 0.33125 0.0609375 0.125
0 0.47109375 0.4234375 0.0734375 0.11979166666666667
0 0.685546875 0.4822916666666667 0.0984375 0.115625
0 0.577734375 0.5364583333333334 0.07265625 0.15104166666666666
0 0.551171875 0.671875 0.08046875 0.15416666666666667
0 0.1328125 0.4625 0.1328125 0.08229166666666667
0 0.157421875 0.35833333333333334 0.11953125 0.10833333333333334
0 0.459765625 0.59375 0.09296875 0.1625
0 0.321875 0.4265625 0.128125 0.146875
0 0.069921875 0.41302083333333334 0.12890625 0.09895833333333333