0 0.691015625 0.33697916666666666 0.10703125 0.13333333333333333
0 0.779296875 0.33125 0.0609375 0.125
0 0.685546875 0.4817708333333333 0.0984375 0.115625
0 0.577734375 0.5369791666666667 0.07265625 0.15104166666666666
0 0.548828125 0.6739583333333333 0.08046875 0.15416666666666667
0 0.1296875 0.4546875 0.1328125 0.08229166666666667
0 0.157421875 0.35833333333333334 0.11953125 0.10833333333333334
0 0.444921875 0.6307291666666667 0.09296875 0.1625
0 0.297265625 0.43645833333333334 0.12578125 0.13645833333333332
0 0.423046875 0.4348958333333333 0.0859375 0.12604166666666666
0 0.0671875 0.3807291666666667 0.1234375 0.121875