0 0.691015625 0.33697916666666666 0.10703125 0.13333333333333333
0 0.779296875 0.3307291666666667 0.0609375 0.125
0 0.6875 0.4817708333333333 0.0984375 0.115625
0 0.157421875 0.35833333333333334 0.11953125 0.10833333333333334
0 0.0671875 0.3802083333333333 0.1234375 0.121875
0 0.36640625 0.5609375 0.1109375 0.11666666666666667
0 0.513671875 0.44635416666666666 0.08671875 0.1375
0 0.50234375 0.6078125 0.0796875 0.153125
0 0.39921875 0.3921875 0.1109375 0.1375
0 0.274609375 0.43125 0.10546875 0.12083333333333333
0 0.1375 0.4203125 0.15 0.08229166666666667