0 0.691015625 0.33645833333333336 0.10703125 0.13333333333333333
0 0.779296875 0.33125 0.0609375 0.125
0 0.6953125 0.4703125 0.0984375 0.115625
0 0.157421875 0.3578125 0.11953125 0.10833333333333334
0 0.3609375 0.5833333333333334 0.1109375 0.11666666666666667
0 0.513671875 0.44635416666666666 0.08671875 0.1375
0 0.5015625 0.6078125 0.0875 0.15416666666666667
0 0.691015625 0.33645833333333336 0.10703125 0.13333333333333333
0 0.779296875 0.33125 0.0609375 0.125
0 0.6953125 0.4703125 0.0984375 0.115625
0 0.157421875 0.3578125 0.11953125 0.10833333333333334
0 0.3609375 0.5833333333333334 0.1109375 0.11666666666666667
0 0.513671875 0.44635416666666666 0.08671875 0.1375
0 0.5015625 0.6078125 0.0875 0.15416666666666667
0 0.140234375 0.4265625 0.14921875 0.08645833333333333
0 0.4109375 0.3984375 0.084375 0.13645833333333332
0 0.05078125 0.3458333333333333 0.09375 0.10833333333333334
0 0.276171875 0.43072916666666666 0.10859375 0.13020833333333334