0 0.29296875 0.33177083333333335 0.1125 0.14479166666666668
0 0.319921875 0.11510416666666666 0.0984375 0.1125
0 0.565234375 0.6166666666666667 0.096875 0.16145833333333334
0 0.541796875 0.7963541666666667 0.10546875 0.14895833333333333
0 0.670703125 0.8911458333333333 0.09453125 0.17604166666666668
0 0.5484375 0.925 0.0625 0.11354166666666667
0 0.759375 0.8723958333333334 0.0921875 0.14166666666666666
0 0.89765625 0.9109375 0.11875 0.16354166666666667
0 0.434375 0.9453125 0.0953125 0.09895833333333333
0 0.35234375 0.8645833333333334 0.06015625 0.175
0 0.42265625 0.8229166666666666 0.078125 0.12083333333333333
0 0.4140625 0.16666666666666666 0.084375 0.178125