0 0.663671875 0.39166666666666666 0.07265625 0.159375
0 0.52421875 0.5208333333333334 0.06953125 0.109375
0 0.59609375 0.7234375 0.0625 0.09166666666666666
0 0.901171875 0.7598958333333333 0.0921875 0.11770833333333333
0 0.52734375 0.7291666666666666 0.09140625 0.11145833333333334
0 0.91875 0.10260416666666666 0.0921875 0.15416666666666667
0 0.19296875 0.12291666666666666 0.0890625 0.10104166666666667
0 0.20703125 0.8166666666666667 0.15 0.16354166666666667
0 0.0953125 0.6625 0.090625 0.10520833333333333
0 0.309765625 0.9213541666666667 0.07265625 0.15416666666666667
0 0.34765625 0.70625 0.10625 0.17083333333333334