0 0.126171875 0.050520833333333334 0.05703125 0.1
0 0.196484375 0.3307291666666667 0.06796875 0.10520833333333333
0 0.584765625 0.40729166666666666 0.078125 0.15729166666666666
0 0.660546875 0.4166666666666667 0.06171875 0.16770833333333332
0 0.899609375 0.5536458333333333 0.1046875 0.14479166666666668
0 0.901953125 0.7411458333333333 0.1046875 0.17083333333333334
0 0.598046875 0.12083333333333333 0.0859375 0.178125
0 0.178515625 0.65 0.1140625 0.17395833333333333
0 0.098046875 0.45729166666666665 0.08984375 0.12395833333333334
0 0.109375 0.3234375 0.05078125 0.1375
0 0.52578125 0.715625 0.0859375 0.16354166666666667
0 0.93203125 0.11458333333333333 0.090625 0.15416666666666667
0 0.178515625 0.46927083333333336 0.09609375 0.13854166666666667
0 0.18984375 0.13854166666666667 0.128125 0.15416666666666667
0 0.115625 0.8442708333333333 0.1578125 0.16666666666666666