0 0.584765625 0.4078125 0.078125 0.15729166666666666
0 0.658984375 0.4083333333333333 0.06171875 0.16770833333333332
0 0.90078125 0.5541666666666667 0.1046875 0.14479166666666668
0 0.598828125 0.11979166666666667 0.0859375 0.178125
0 0.164453125 0.6473958333333333 0.1140625 0.17395833333333333
0 0.1078125 0.44166666666666665 0.08984375 0.12395833333333334
0 0.52578125 0.715625 0.0859375 0.16354166666666667
0 0.93203125 0.115625 0.090625 0.15416666666666667
0 0.223046875 0.16979166666666667 0.11796875 0.16979166666666667
0 0.19765625 0.45208333333333334 0.09296875 0.12916666666666668
0 0.19765625 0.33958333333333335 0.06796875 0.13229166666666667
0 0.113671875 0.33489583333333334 0.05859375 0.1
0 0.091015625 0.9052083333333333 0.14609375 0.17916666666666667
0 0.1390625 0.140625 0.046875 0.1
0 0.96484375 0.7572916666666667 0.0640625 0.15520833333333334
0 0.058984375 0.1109375 0.10859375 0.128125