0 0.584765625 0.4078125 0.078125 0.15729166666666666
0 0.659765625 0.40989583333333335 0.06171875 0.16770833333333332
0 0.5984375 0.1203125 0.0859375 0.178125
0 0.1671875 0.6453125 0.1140625 0.17395833333333333
0 0.108203125 0.4390625 0.08984375 0.12395833333333334
0 0.52578125 0.715625 0.0859375 0.16354166666666667
0 0.928515625 0.115625 0.090625 0.15416666666666667
0 0.244921875 0.09427083333333333 0.11796875 0.16979166666666667
0 0.198046875 0.4552083333333333 0.09296875 0.12916666666666668
0 0.96484375 0.7572916666666667 0.0640625 0.15520833333333334
0 0.903515625 0.5526041666666667 0.1109375 0.125
0 0.180859375 0.3171875 0.08359375 0.115625
0 0.111328125 0.3067708333333333 0.06171875 0.10520833333333333
0 0.087890625 0.9052083333333333 0.13203125 0.16979166666666667
0 0.17265625 0.10677083333333333 0.05078125 0.09895833333333333
0 0.066796875 0.09114583333333333 0.13046875 0.1625