0 0.584765625 0.40729166666666666 0.078125 0.15729166666666666
0 0.659765625 0.409375 0.06171875 0.16770833333333332
0 0.5984375 0.1203125 0.0859375 0.178125
0 0.16640625 0.6479166666666667 0.1140625 0.17395833333333333
0 0.10703125 0.4401041666666667 0.08984375 0.12395833333333334
0 0.52578125 0.715625 0.0859375 0.16354166666666667
0 0.928125 0.115625 0.090625 0.15416666666666667
0 0.238671875 0.08854166666666667 0.11796875 0.16979166666666667
0 0.19765625 0.4557291666666667 0.09296875 0.12916666666666668
0 0.96484375 0.7572916666666667 0.0640625 0.15520833333333334
0 0.90390625 0.553125 0.1109375 0.125
0 0.18125 0.3177083333333333 0.08359375 0.115625
0 0.11171875 0.3067708333333333 0.06171875 0.10520833333333333
0 0.08828125 0.9052083333333333 0.13203125 0.16979166666666667
0 0.175390625 0.103125 0.05078125 0.09895833333333333
0 0.065234375 0.1 0.13046875 0.1625