0 0.584765625 0.40729166666666666 0.078125 0.15729166666666666
0 0.659765625 0.41041666666666665 0.06171875 0.16770833333333332
0 0.5984375 0.1203125 0.0859375 0.178125
0 0.16640625 0.653125 0.1140625 0.17395833333333333
0 0.107421875 0.4401041666666667 0.08984375 0.12395833333333334
0 0.52578125 0.715625 0.0859375 0.16354166666666667
0 0.9265625 0.115625 0.090625 0.15416666666666667
0 0.19765625 0.4557291666666667 0.09296875 0.12916666666666668
0 0.96484375 0.7572916666666667 0.0640625 0.15520833333333334
0 0.90859375 0.553125 0.1109375 0.125
0 0.181640625 0.3177083333333333 0.08359375 0.115625
0 0.112109375 0.3067708333333333 0.06171875 0.10520833333333333
0 0.087890625 0.9052083333333333 0.13203125 0.16979166666666667
0 0.1734375 0.10052083333333334 0.05078125 0.09895833333333333
0 0.254296875 0.11302083333333333 0.10546875 0.165625
0 0.06328125 0.09010416666666667 0.1234375 0.13020833333333334
0 0.38203125 0.09166666666666666 0.1046875 0.175