0 0.584765625 0.40677083333333336 0.078125 0.15729166666666666
0 0.6703125 0.415625 0.06171875 0.16770833333333332
0 0.59921875 0.121875 0.0859375 0.178125
0 0.169140625 0.6510416666666666 0.1140625 0.17395833333333333
0 0.526171875 0.715625 0.0859375 0.16354166666666667
0 0.927734375 0.11614583333333334 0.090625 0.15416666666666667
0 0.96953125 0.7515625 0.0609375 0.15520833333333334
0 0.9078125 0.553125 0.1109375 0.125
0 0.14140625 0.11197916666666667 0.05078125 0.09895833333333333
0 0.09296875 0.45364583333333336 0.07578125 0.12916666666666668
0 0.121484375 0.3223958333333333 0.04375 0.1
0 0.22578125 0.32083333333333336 0.140625 0.16979166666666667
0 0.18671875 0.45677083333333335 0.09609375 0.1
0 0.898046875 0.7515625 0.0828125 0.12604166666666666
0 0.220703125 0.10208333333333333 0.11015625 0.13229166666666667
0 0.3359375 0.2942708333333333 0.06875 0.11979166666666667
0 0.051953125 0.11041666666666666 0.10390625 0.14270833333333333