0 0.584765625 0.4078125 0.078125 0.15729166666666666
0 0.594140625 0.1328125 0.0859375 0.178125
0 0.158203125 0.65625 0.1140625 0.17395833333333333
0 0.526171875 0.715625 0.0859375 0.16354166666666667
0 0.916015625 0.09166666666666666 0.090625 0.15416666666666667
0 0.96953125 0.7515625 0.0609375 0.15520833333333334
0 0.908203125 0.5536458333333333 0.1109375 0.125
0 0.0859375 0.45260416666666664 0.07578125 0.12916666666666668
0 0.12109375 0.321875 0.04375 0.1
0 0.89609375 0.7380208333333333 0.0828125 0.12604166666666666
0 0.25390625 0.3671875 0.1203125 0.1125
0 0.172265625 0.31927083333333334 0.04609375 0.096875
0 0.192578125 0.45729166666666665 0.08828125 0.11354166666666667
0 0.653515625 0.42135416666666664 0.05703125 0.1125
0 0.177734375 0.096875 0.09140625 0.16770833333333332
0 0.265625 0.16302083333333334 0.07890625 0.11979166666666667
0 0.06015625 0.1078125 0.1203125 0.134375