0 0.584375 0.4161458333333333 0.084375 0.16979166666666667
0 0.673828125 0.4114583333333333 0.0796875 0.175
0 0.902734375 0.5421875 0.1 0.14479166666666668
0 0.523046875 0.7166666666666667 0.07421875 0.153125
0 0.976953125 0.7494791666666667 0.0453125 0.134375
0 0.594921875 0.125 0.08671875 0.16354166666666667
0 0.133984375 0.13385416666666666 0.06171875 0.09270833333333334
0 0.04296875 0.1421875 0.0765625 0.16666666666666666
0 0.883203125 0.7520833333333333 0.08984375 0.12604166666666666
0 0.121875 0.33125 0.12421875 0.121875
0 0.183203125 0.46458333333333335 0.096875 0.11354166666666667
0 0.109375 0.4671875 0.0875 0.11145833333333334
0 0.368359375 0.32447916666666665 0.06328125 0.08854166666666667
0 0.1734375 0.6583333333333333 0.11484375 0.16354166666666667
0 0.154296875 0.9338541666666667 0.13359375 0.125
0 0.03125 0.3296875 0.05625 0.1375
0 0.922265625 0.10416666666666667 0.1 0.1625
0 0.524609375 0.24166666666666667 0.10234375 0.15
0 0.3296875 0.4015625 0.1046875 0.13333333333333333