0 0.584765625 0.4161458333333333 0.084375 0.16979166666666667
0 0.673046875 0.4114583333333333 0.0796875 0.175
0 0.909765625 0.5494791666666666 0.1 0.14479166666666668
0 0.5234375 0.7166666666666667 0.07421875 0.153125
0 0.5953125 0.12395833333333334 0.08671875 0.16354166666666667
0 0.1328125 0.13333333333333333 0.06171875 0.09270833333333334
0 0.8796875 0.7421875 0.08984375 0.12604166666666666
0 0.1171875 0.3307291666666667 0.12421875 0.121875
0 0.1734375 0.6609375 0.11484375 0.16354166666666667
0 0.92265625 0.10364583333333334 0.1 0.1625
0 0.183203125 0.4640625 0.10078125 0.125
0 0.315234375 0.38697916666666665 0.059375 0.11145833333333334
0 0.376953125 0.2869791666666667 0.10078125 0.19270833333333334
0 0.028125 0.31666666666666665 0.0546875 0.09479166666666666
0 0.093359375 0.4661458333333333 0.07734375 0.134375
0 0.053515625 0.15833333333333333 0.08984375 0.16145833333333334
0 0.54453125 0.21197916666666666 0.09375 0.12916666666666668
0 0.968359375 0.7453125 0.06171875 0.12083333333333333
0 0.584765625 0.4161458333333333 0.084375 0.16979166666666667
0 0.673046875 0.4114583333333333 0.0796875 0.175
0 0.909765625 0.5494791666666666 0.1 0.14479166666666668
0 0.5234375 0.7166666666666667 0.07421875 0.153125
0 0.5953125 0.12395833333333334 0.08671875 0.16354166666666667
0 0.1328125 0.13333333333333333 0.06171875 0.09270833333333334
0 0.8796875 0.7421875 0.08984375 0.12604166666666666
0 0.1171875 0.3307291666666667 0.12421875 0.121875
0 0.1734375 0.6609375 0.11484375 0.16354166666666667
0 0.92265625 0.10364583333333334 0.1 0.1625
0 0.183203125 0.4640625 0.10078125 0.125
0 0.315234375 0.38697916666666665 0.059375 0.11145833333333334
0 0.090234375 0.9354166666666667 0.18046875 0.109375
0 0.376953125 0.2869791666666667 0.10078125 0.19270833333333334
0 0.028125 0.31666666666666665 0.0546875 0.09479166666666666
0 0.093359375 0.4661458333333333 0.07734375 0.134375
0 0.053515625 0.15833333333333333 0.08984375 0.16145833333333334
0 0.54453125 0.21197916666666666 0.09375 0.12916666666666668
0 0.968359375 0.7453125 0.06171875 0.12083333333333333