0 0.5026041666666666 0.20462962962962963 0.057291666666666664 0.13518518518518519
0 0.5026041666666666 0.262037037037037 0.057291666666666664 0.13518518518518519
0 0.153125 0.2638888888888889 0.07083333333333333 0.13518518518518519
0 0.26666666666666666 0.2657407407407407 0.04791666666666667 0.11666666666666667
0 0.04583333333333333 0.2861111111111111 0.05416666666666667 0.10185185185185185
0 0.13229166666666667 0.02962962962962963 0.06041666666666667 0.05925925925925926
0 0.12395833333333334 0.32685185185185184 0.08333333333333333 0.12777777777777777
0 0.6026041666666667 0.33055555555555555 0.057291666666666664 0.11296296296296296
0 0.19635416666666666 0.3416666666666667 0.06145833333333333 0.10925925925925926
0 0.6208333333333333 0.3731481481481482 0.052083333333333336 0.11296296296296296
0 0.19010416666666666 0.3888888888888889 0.06354166666666666 0.12222222222222222
0 0.7557291666666667 0.4083333333333333 0.04895833333333333 0.10555555555555556
0 0.2625 0.412962962962963 0.05625 0.1
0 0.43802083333333336 0.04259259259259259 0.04479166666666667 0.08518518518518518
0 0.08854166666666667 0.45185185185185184 0.06666666666666667 0.12962962962962962
0 0.2713541666666667 0.46944444444444444 0.08020833333333334 0.10555555555555556
0 0.1109375 0.04814814814814815 0.065625 0.0962962962962963
0 0.7473958333333334 0.48703703703703705 0.059375 0.10740740740740741
0 0.6411458333333333 0.4935185185185185 0.046875 0.12037037037037036
0 0.6463541666666667 0.600925925925926 0.06145833333333333 0.10925925925925926
0 0.8890625 0.6435185185185185 0.07604166666666666 0.09814814814814815
0 0.9088541666666666 0.6925925925925925 0.05520833333333333 0.08518518518518518
0 0.6848958333333334 0.7 0.053125 0.1037037037037037
0 0.09010416666666667 0.7157407407407408 0.07395833333333333 0.10555555555555556
0 0.4005208333333333 0.7240740740740741 0.065625 0.12222222222222222
0 0.7796875 0.7657407407407407 0.051041666666666666 0.09814814814814815
0 0.08541666666666667 0.7888888888888889 0.07916666666666666 0.08888888888888889
0 0.7572916666666667 0.8027777777777778 0.058333333333333334 0.07962962962962963
0 0.6770833333333334 0.8111111111111111 0.04791666666666667 0.08518518518518518
0 0.7927083333333333 0.8685185185185185 0.06666666666666667 0.10740740740740741
0 0.6786458333333333 0.8907407407407407 0.042708333333333334 0.09259259259259259
0 0.9651041666666667 0.9101851851851852 0.06770833333333333 0.10555555555555556
0 0.38385416666666666 0.9175925925925926 0.06770833333333333 0.09074074074074075
0 0.3729166666666667 0.9703703703703703 0.0625 0.05555555555555555
0 0.03125 0.10185185185185185 0.0625 0.11851851851851852
0 0.42864583333333334 0.10648148148148148 0.051041666666666666 0.10925925925925926
0 0.5947916666666667 0.11666666666666667 0.03958333333333333 0.13703703703703704
0 0.5020833333333333 0.125 0.04583333333333333 0.07962962962962963
0 0.022395833333333334 0.15925925925925927 0.042708333333333334 0.14074074074074075
0 0.5359375 0.17777777777777778 0.03229166666666667 0.11481481481481481