0 0.9095394736842105 0.30409356725146197 0.023026315789473683 0.0935672514619883
0 0.7228618421052632 0.31140350877192985 0.03453947368421053 0.10818713450292397
0 0.0756578947368421 0.3216374269005848 0.029605263157894735 0.10526315789473684
0 0.10115131578947369 0.3362573099415205 0.024671052631578948 0.0935672514619883
0 0.7886513157894737 0.6608187134502924 0.027960526315789474 0.09941520467836257
0 0.7689144736842105 0.7032163742690059 0.014802631578947368 0.11403508771929824
0 0.038651315789473686 0.7178362573099415 0.03125 0.09064327485380116
0 0.5254934210526315 0.7953216374269005 0.044407894736842105 0.1286549707602339
0 0.6101973684210527 0.8172514619883041 0.03289473684210526 0.0847953216374269
0 0.7039473684210527 0.10087719298245613 0.023026315789473683 0.09064327485380116
0 0.734375 0.1067251461988304 0.018092105263157895 0.06725146198830409
0 0.740953947368421 0.14035087719298245 0.027960526315789474 0.0935672514619883
0 0.02549342105263158 0.1476608187134503 0.02138157894736842 0.09649122807017543
0 0.265625 0.15497076023391812 0.024671052631578948 0.08771929824561403
0 0.008223684210526315 0.16666666666666666 0.01644736842105263 0.09941520467836257
0 0.9703947368421053 0.1783625730994152 0.019736842105263157 0.08771929824561403
0 0.6101973684210527 0.18421052631578946 0.019736842105263157 0.06432748538011696
0 0.9490131578947368 0.1871345029239766 0.019736842105263157 0.09941520467836257
0 0.625 0.19736842105263158 0.019736842105263157 0.05555555555555555
0 0.07236842105263158 0.20029239766081872 0.019736842105263157 0.0847953216374269
0 0.06085526315789474 0.21929824561403508 0.01644736842105263 0.0935672514619883
0 0.5682565789473685 0.2543859649122807 0.03125 0.0935672514619883
0 0.3626644736842105 0.26169590643274854 0.024671052631578948 0.09064327485380116
0 0.3050986842105263 0.2631578947368421 0.027960526315789474 0.1111111111111111
0 0.1299342105263158 0.2675438596491228 0.03289473684210526 0.1023391812865497
0 0.6957236842105263 0.2777777777777778 0.029605263157894735 0.08771929824561403