0 0.5988700564971752 0.2820855614973262 0.0211864406779661 0.05614973262032086
0 0.1504237288135593 0.9752673796791443 0.03248587570621469 0.03074866310160428
0 0.278954802259887 0.27941176470588236 0.022598870056497175 0.03208556149732621
0 0.4502118644067797 0.8810160427807486 0.026129943502824857 0.045454545454545456
0 0.6754943502824858 0.6764705882352942 0.023305084745762712 0.0427807486631016
0 0.07733050847457627 0.3068181818181818 0.024717514124293787 0.03609625668449198
0 0.07521186440677965 0.339572192513369 0.023305084745762712 0.040106951871657755
0 0.2747175141242938 0.2540106951871658 0.031073446327683617 0.0374331550802139
0 0.2199858757062147 0.3355614973262032 0.028954802259887006 0.034759358288770054
0 0.6497175141242938 0.19585561497326204 0.01977401129943503 0.04411764705882353
