0 0.515183615819209 0.6189839572192514 0.033192090395480225 0.07219251336898395
0 0.561087570621469 0.9498663101604278 0.03884180790960452 0.05213903743315508
0 0.5342514124293786 0.2747326203208556 0.03036723163841808 0.06283422459893048
0 0.559322033898305 0.2640374331550802 0.031073446327683617 0.05481283422459893
0 0.6892655367231638 0.12433155080213903 0.038135593220338986 0.06684491978609626
0 0.8580508474576272 0.8556149732620321 0.031073446327683617 0.06149732620320856
0 0.3068502824858757 0.2827540106951872 0.03036723163841808 0.04679144385026738
0 0.2842514124293785 0.2787433155080214 0.024717514124293787 0.07085561497326204
0 0.18467514124293785 0.33088235294117646 0.03884180790960452 0.05481283422459893
0 0.3050847457627119 0.303475935828877 0.025423728813559324 0.053475935828877004
0 0.1475988700564972 0.7847593582887701 0.04519774011299435 0.058823529411764705
0 0.605225988700565 0.9157754010695187 0.031073446327683617 0.053475935828877004
