0 0.3661723163841808 0.29745989304812837 0.03036723163841808 0.05481283422459893
0 0.1843220338983051 0.26871657754010697 0.02824858757062147 0.0374331550802139
0 0.3467514124293785 0.19919786096256684 0.01977401129943503 0.029411764705882353
0 0.542725988700565 0.8596256684491979 0.024717514124293787 0.0374331550802139
0 0.5233050847457628 0.19050802139037434 0.02824858757062147 0.04144385026737968
0 0.557909604519774 0.8542780748663101 0.022598870056497175 0.040106951871657755
0 0.3594632768361582 0.19919786096256684 0.01977401129943503 0.029411764705882353
0 0.9442090395480226 0.37566844919786097 0.01977401129943503 0.034759358288770054
0 0.9272598870056498 0.40106951871657753 0.01977401129943503 0.029411764705882353
0 0.9484463276836158 0.4077540106951872 0.01977401129943503 0.029411764705882353
0 0.9247881355932204 0.9665775401069518 0.024717514124293787 0.0374331550802139
0 0.11193502824858757 0.7185828877005348 0.03036723163841808 0.03342245989304813
