0 0.6161723163841808 0.13970588235294118 0.03036723163841808 0.05213903743315508
0 0.9018361581920904 0.9431818181818182 0.0211864406779661 0.04144385026737968
0 0.059322033898305086 0.32620320855614976 0.025423728813559324 0.0374331550802139
0 0.5074152542372882 0.3409090909090909 0.01765536723163842 0.0374331550802139
0 0.5190677966101694 0.33689839572192515 0.01977401129943503 0.053475935828877004
0 0.5314265536723164 0.3516042780748663 0.024717514124293787 0.045454545454545456
0 0.5413135593220338 0.3890374331550802 0.019067796610169493 0.0374331550802139
0 0.7344632768361582 0.93048128342246 0.02824858757062147 0.0427807486631016
0 0.06497175141242938 0.30815508021390375 0.025423728813559324 0.03342245989304813
0 0.5536723163841808 0.393048128342246 0.01977401129943503 0.045454545454545456
