0 0.5550847457627118 0.2286096256684492 0.022598870056497175 0.053475935828877004
0 0.532132768361582 0.14304812834224598 0.020480225988700564 0.06149732620320856
0 0.6426553672316384 0.28475935828877 0.025423728813559324 0.05080213903743316
0 0.4036016949152542 0.2713903743315508 0.02754237288135593 0.040106951871657755
0 0.6550141242937854 0.1858288770053476 0.03036723163841808 0.040106951871657755
0 0.5141242937853108 0.16911764705882354 0.02401129943502825 0.04411764705882353
0 0.08439265536723164 0.3516042780748663 0.03036723163841808 0.05080213903743316
0 0.5261299435028248 0.2606951871657754 0.025423728813559324 0.03208556149732621
0 0.4516242937853107 0.8816844919786097 0.028954802259887006 0.03877005347593583
0 0.6762005649717514 0.6771390374331551 0.02754237288135593 0.03609625668449198
0 0.4064265536723164 0.22459893048128343 0.021892655367231638 0.0374331550802139
0 0.4032485875706215 0.25267379679144386 0.0211864406779661 0.040106951871657755
0 0.5127118644067796 0.2266042780748663 0.0211864406779661 0.03342245989304813
0 0.16772598870056496 0.3315508021390374 0.02754237288135593 0.0481283422459893
