0 0.2567090395480226 0.30013368983957217 0.02754237288135593 0.03877005347593583
0 0.5490819209039548 0.5775401069518716 0.026129943502824857 0.034759358288770054
0 0.5572033898305084 0.02540106951871658 0.026836158192090395 0.03208556149732621
0 0.518361581920904 0.731951871657754 0.02401129943502825 0.04411764705882353
0 0.13453389830508475 0.5969251336898396 0.03036723163841808 0.04946524064171123
0 0.6345338983050848 0.16109625668449198 0.03036723163841808 0.03074866310160428
0 0.4219632768361582 0.26537433155080214 0.024717514124293787 0.03074866310160428
0 0.4509180790960452 0.8796791443850267 0.03036723163841808 0.0427807486631016
0 0.676906779661017 0.6731283422459893 0.026129943502824857 0.03877005347593583
0 0.2560028248587571 0.25467914438502676 0.020480225988700564 0.03609625668449198
0 0.2595338983050847 0.27941176470588236 0.019067796610169493 0.0481283422459893
0 0.4170197740112994 0.2339572192513369 0.023305084745762712 0.03208556149732621
0 0.1885593220338983 0.32954545454545453 0.02824858757062147 0.04679144385026738