0 0.6903765690376569 0.42280285035629456 0.01813110181311018 0.035629453681710214
0 0.5174337517433751 0.27019002375296913 0.02510460251046025 0.05819477434679335
0 0.5376569037656904 0.013064133016627079 0.026499302649930265 0.026128266033254157
0 0.47419804741980476 0.684085510688836 0.03626220362622036 0.03800475059382423
0 0.558228730822873 0.25771971496437057 0.028591352859135284 0.05463182897862233
0 0.01882845188284519 0.6591448931116389 0.02789400278940028 0.05463182897862233
0 0.13702928870292888 0.7066508313539193 0.0299860529986053 0.028503562945368172
0 0.6875871687587168 0.38836104513064135 0.02092050209205021 0.04513064133016627
0 0.1108786610878661 0.754750593824228 0.03347280334728033 0.029691211401425176
0 0.9490934449093444 0.9412114014251781 0.02510460251046025 0.043942992874109264
0 0.34518828451882844 0.6549881235154394 0.04184100418410042 0.04631828978622328
0 0.7179218967921897 0.4495249406175772 0.017433751743375175 0.043942992874109264
0 0.698744769874477 0.43824228028503565 0.01813110181311018 0.0332541567695962
0 0.9532775453277545 0.21258907363420426 0.02789400278940028 0.052256532066508314
0 0.5770571827057183 0.8592636579572447 0.03556485355648536 0.05819477434679335
0 0.9225941422594143 0.27850356294536815 0.02510460251046025 0.04631828978622328
0 0.48675034867503486 0.28028503562945367 0.02510460251046025 0.07125890736342043
0 0.14539748953974896 0.17339667458432304 0.01882845188284519 0.035629453681710214