0 0.697350069735007 0.42280285035629456 0.01813110181311018 0.035629453681710214
0 0.5174337517433751 0.25534441805225655 0.02510460251046025 0.05938242280285035
0 0.5376569037656904 0.013064133016627079 0.026499302649930265 0.026128266033254157
0 0.43688981868898186 0.6858669833729216 0.03556485355648536 0.03681710213776722
0 0.5610181311018131 0.21377672209026127 0.028591352859135284 0.05463182897862233
0 0.012552301255230125 0.6567695961995249 0.023709902370990237 0.05463182897862233
0 0.17433751743375175 0.7108076009501187 0.030683403068340307 0.029691211401425176
0 0.694560669456067 0.38657957244655583 0.02092050209205021 0.04631828978622328
0 0.1300557880055788 0.746437054631829 0.03277545327754533 0.029691211401425176
0 0.9449093444909344 0.9614014251781473 0.02510460251046025 0.043942992874109264
0 0.35495118549511856 0.6549881235154394 0.04184100418410042 0.04631828978622328
0 0.7193165969316597 0.4489311163895487 0.017433751743375175 0.04513064133016627
0 0.7053695955369595 0.44061757719714967 0.017433751743375175 0.0332541567695962
0 0.9532775453277545 0.21258907363420426 0.02789400278940028 0.052256532066508314
0 0.5770571827057183 0.8711401425178147 0.03556485355648536 0.05819477434679335
0 0.9225941422594143 0.27850356294536815 0.02510460251046025 0.04631828978622328
0 0.4881450488145049 0.28028503562945367 0.02510460251046025 0.07125890736342043
0 0.1412133891213389 0.19299287410926366 0.01882845188284519 0.03681710213776722