0 0.701534170153417 0.40736342042755347 0.01813110181311018 0.03800475059382423
0 0.5118549511854951 0.22030878859857483 0.02510460251046025 0.05819477434679335
0 0.5376569037656904 0.013064133016627079 0.026499302649930265 0.026128266033254157
0 0.3117154811715481 0.6882422802850356 0.03626220362622036 0.03681710213776722
0 0.5439330543933054 0.899643705463183 0.02510460251046025 0.060570071258907364
0 0.2744072524407252 0.7357482185273159 0.0299860529986053 0.029691211401425176
0 0.7221059972105998 0.38004750593824227 0.020223152022315203 0.04513064133016627
0 0.1314504881450488 0.6858669833729216 0.03277545327754533 0.029691211401425176
0 0.3800557880055788 0.6526128266033254 0.04184100418410042 0.04631828978622328
0 0.7245467224546722 0.44655581947743467 0.01813110181311018 0.04513064133016627
0 0.7165271966527197 0.42874109263657956 0.017433751743375175 0.030878859857482184
0 0.9546722454672245 0.21140142517814728 0.02789400278940028 0.05463182897862233
0 0.5770571827057183 0.9156769596199525 0.03277545327754533 0.047505938242280284
0 0.9225941422594143 0.27850356294536815 0.02510460251046025 0.04631828978622328
0 0.4881450488145049 0.2826603325415677 0.02510460251046025 0.07125890736342043
0 0.13423988842398885 0.23871733966745842 0.01882845188284519 0.03800475059382423
