0 0.09205020920502092 0.7571258907363421 0.026499302649930265 0.04631828978622328
0 0.03486750348675035 0.6633016627078385 0.040446304044630406 0.04156769596199525
0 0.9560669456066946 0.20961995249406176 0.022315202231520222 0.05344418052256532
0 0.6569037656903766 0.7161520190023754 0.026499302649930265 0.052256532066508314
0 0.5652022315202232 0.07897862232779097 0.02301255230125523 0.04156769596199525
0 0.5791492329149233 0.21199524940617578 0.02580195258019526 0.04156769596199525
0 0.8131101813110181 0.4489311163895487 0.03347280334728033 0.03800475059382423
0 0.5390516039051604 0.1490498812351544 0.03207810320781032 0.05344418052256532
0 0.7733612273361228 0.665083135391924 0.02092050209205021 0.04513064133016627
0 0.9309623430962343 0.29691211401425177 0.02789400278940028 0.0498812351543943
0 0.4881450488145049 0.2814726840855107 0.022315202231520222 0.07363420427553444
