0 0.6150627615062761 0.016172506738544475 0.02092050209205021 0.029649595687331536
0 0.5334728033472803 0.3551212938005391 0.02092050209205021 0.04986522911051213
0 0.5264993026499303 0.4609164420485175 0.02092050209205021 0.03773584905660377
0 0.2869595536959554 0.5154986522911051 0.027196652719665274 0.02830188679245283
0 0.2869595536959554 0.5464959568733153 0.024407252440725245 0.02830188679245283
0 0.5411436541143654 0.08557951482479785 0.02510460251046025 0.03099730458221024
0 0.5139470013947002 0.37870619946091644 0.02092050209205021 0.03504043126684636
0 0.7245467224546722 0.2553908355795148 0.02092050209205021 0.025606469002695417
0 0.6652719665271967 0.6172506738544474 0.02092050209205021 0.029649595687331536
0 0.5777545327754533 0.5195417789757413 0.02580195258019526 0.04177897574123989
0 0.5111576011157601 0.07951482479784366 0.023709902370990237 0.0431266846361186
0 0.5474198047419805 0.46495956873315364 0.02092050209205021 0.029649595687331536
0 0.5292887029288703 0.0747978436657682 0.023709902370990237 0.03099730458221024