0 0.6150627615062761 0.016172506738544475 0.02092050209205021 0.029649595687331536
0 0.5181311018131102 0.6772237196765498 0.02092050209205021 0.04986522911051213
0 0.5334728033472803 0.5444743935309974 0.02092050209205021 0.03773584905660377
0 0.2315202231520223 0.5215633423180593 0.02789400278940028 0.029649595687331536
0 0.23430962343096234 0.5525606469002695 0.02510460251046025 0.029649595687331536
0 0.5299860529986054 0.3665768194070081 0.02510460251046025 0.03234501347708895
0 0.50418410041841 0.47035040431266845 0.02092050209205021 0.03504043126684636
0 0.702928870292887 0.22371967654986524 0.02092050209205021 0.02425876010781671
0 0.7039748953974896 0.6172506738544474 0.020223152022315203 0.029649595687331536
0 0.5777545327754533 0.5195417789757413 0.02580195258019526 0.04177897574123989
0 0.5111576011157601 0.15902964959568733 0.023709902370990237 0.04582210242587601
0 0.5749651324965133 0.025606469002695417 0.020223152022315203 0.026954177897574125
0 0.5529986052998606 0.5485175202156334 0.02092050209205021 0.029649595687331536
0 0.5292887029288703 0.1522911051212938 0.023709902370990237 0.03234501347708895
