0 0.5411436541143654 0.6758760107816711 0.02789400278940028 0.04177897574123989
0 0.16178521617852162 0.5545822102425876 0.03347280334728033 0.04177897574123989
0 0.16108786610878661 0.5680592991913747 0.029288702928870293 0.04716981132075472
0 0.5202231520223152 0.8160377358490566 0.02510460251046025 0.05525606469002695
0 0.5631101813110181 0.965633423180593 0.03277545327754533 0.04716981132075472
0 0.4431659693165969 0.5276280323450134 0.03138075313807531 0.04177897574123989
0 0.7489539748953975 0.628032345013477 0.03347280334728033 0.05390835579514825
0 0.5833333333333334 0.5154986522911051 0.03417015341701534 0.04177897574123989
0 0.5209205020920502 0.2641509433962264 0.01813110181311018 0.04582210242587601
0 0.5652022315202232 0.14824797843665768 0.028591352859135284 0.04851752021563342
0 0.5550906555090656 0.6725067385444744 0.02789400278940028 0.0431266846361186
0 0.5355648535564853 0.2601078167115903 0.022315202231520222 0.04851752021563342
