0 0.47489539748953974 0.04851752021563342 0.02092050209205021 0.03504043126684636
0 0.14470013947001395 0.7082210242587601 0.020223152022315203 0.04177897574123989
0 0.17294281729428174 0.568733153638814 0.02510460251046025 0.03504043126684636
0 0.9358437935843794 0.6610512129380054 0.02092050209205021 0.03369272237196765
0 0.5348675034867504 0.6408355795148248 0.029288702928870293 0.06064690026954178
0 0.7200139470013946 0.628032345013477 0.021617852161785217 0.029649595687331536
0 0.3305439330543933 0.5013477088948787 0.023709902370990237 0.026954177897574125
0 0.5209205020920502 0.03908355795148248 0.03486750348675035 0.029649595687331536
0 0.6576011157601116 0.6152291105121294 0.022315202231520222 0.02830188679245283
0 0.6631799163179917 0.5990566037735849 0.022315202231520222 0.022911051212938006
