0 0.5397489539748954 0.7911051212938005 0.044630404463040445 0.0646900269541779
0 0.601813110181311 0.5606469002695418 0.02789400278940028 0.06199460916442048
0 0.5575313807531381 0.14353099730458221 0.027196652719665274 0.05256064690026954
0 0.5536959553695955 0.3867924528301887 0.030683403068340307 0.05390835579514825
0 0.7241980474198048 0.3470350404312669 0.024407252440725245 0.057951482479784364
0 0.40376569037656906 0.24123989218328842 0.019525801952580194 0.04582210242587601
0 0.5784518828451883 0.931266846361186 0.027196652719665274 0.03773584905660377
0 0.14539748953974896 0.6118598382749326 0.041143654114365415 0.05121293800539083
0 0.5209205020920502 0.03908355795148248 0.03765690376569038 0.05390835579514825
0 0.5132496513249651 0.3045822102425876 0.03626220362622036 0.04582210242587601
0 0.5589260808926081 0.7789757412398922 0.0299860529986053 0.04582210242587601
