0 0.9600988700564972 0.5383254716981132 0.026129943502824857 0.06485849056603774
0 0.11334745762711865 0.04540094339622641 0.03036723163841808 0.0625
0 0.4749293785310734 0.2529481132075472 0.041666666666666664 0.04363207547169811
0 0.4523305084745763 0.13148584905660377 0.021892655367231638 0.03891509433962264
0 0.5074152542372882 0.39504716981132076 0.026129943502824857 0.054245283018867926
0 0.8594632768361582 0.14445754716981132 0.022598870056497175 0.03891509433962264
0 0.19562146892655366 0.5182783018867925 0.01694915254237288 0.041273584905660375
0 0.6119350282485876 0.4410377358490566 0.036016949152542374 0.0660377358490566
0 0.5515536723163842 0.13738207547169812 0.018361581920903956 0.045990566037735846
0 0.5649717514124294 0.13679245283018868 0.022598870056497175 0.049528301886792456
0 0.9064265536723164 0.1963443396226415 0.02754237288135593 0.03891509433962264
0 0.012005649717514125 0.41509433962264153 0.01977401129943503 0.04716981132075472
0 0.4036016949152542 0.18808962264150944 0.02754237288135593 0.031839622641509434
0 0.8559322033898306 0.0972877358490566 0.02401129943502825 0.045990566037735846
0 0.5148305084745762 0.8189858490566038 0.025423728813559324 0.031839622641509434
0 0.4459745762711864 0.5377358490566038 0.03742937853107345 0.03537735849056604
