0 0.9381818181818182 0.7404371584699454 0.04363636363636364 0.14754098360655737
0 0.41818181818181815 0.8333333333333334 0.04363636363636364 0.1366120218579235
0 0.32545454545454544 0.11202185792349727 0.03272727272727273 0.10382513661202186
0 0.2927272727272727 0.11748633879781421 0.025454545454545455 0.10382513661202186
0 0.48 0.3251366120218579 0.02909090909090909 0.11475409836065574
0 0.4090909090909091 0.03551912568306011 0.025454545454545455 0.07103825136612021
0 0.38181818181818183 0.03825136612021858 0.02181818181818182 0.07650273224043716
0 0.44 0.040983606557377046 0.02909090909090909 0.08196721311475409
0 0.0890909090909091 0.04371584699453552 0.04 0.08743169398907104
0 0.78 0.4562841530054645 0.03272727272727273 0.11475409836065574
0 0.7581818181818182 0.46174863387978143 0.03272727272727273 0.10382513661202186
0 0.44363636363636366 0.46994535519125685 0.02909090909090909 0.13114754098360656
0 0.4727272727272727 0.46994535519125685 0.02909090909090909 0.12021857923497267
0 0.6745454545454546 0.5109289617486339 0.03272727272727273 0.12568306010928962
