0 0.3460207612456747 0.6228571428571429 0.04844290657439446 0.16
0 0.8581314878892734 0.6428571428571429 0.05536332179930796 0.17714285714285713
0 0.8131487889273357 0.6714285714285714 0.04152249134948097 0.17714285714285713
0 0.7975778546712803 0.78 0.04498269896193772 0.1657142857142857
0 0.4809688581314879 0.8 0.07612456747404844 0.16
0 0.6211072664359861 0.8285714285714286 0.07958477508650519 0.16
0 0.3685121107266436 0.16857142857142857 0.05190311418685121 0.2
0 0.04844290657439446 0.2742857142857143 0.07612456747404844 0.18285714285714286
0 0.532871972318339 0.36 0.04844290657439446 0.18285714285714286
0 0.22145328719723184 0.38 0.06920415224913495 0.26857142857142857
0 0.27854671280276816 0.38285714285714284 0.05190311418685121 0.17142857142857143
0 0.5 0.40285714285714286 0.058823529411764705 0.2
0 0.9204152249134948 0.44 0.06920415224913495 0.18285714285714286
0 0.7993079584775087 0.5085714285714286 0.05536332179930796 0.18285714285714286
0 0.3771626297577855 0.5628571428571428 0.04844290657439446 0.1657142857142857
0 0.754325259515571 0.5657142857142857 0.05536332179930796 0.18285714285714286