0 0.7276041666666667 0.23333333333333334 0.11979166666666667 0.3814814814814815
0 0.9067708333333333 0.32037037037037036 0.13020833333333334 0.3333333333333333
0 0.09583333333333334 0.3509259259259259 0.14166666666666666 0.32037037037037036
0 0.20052083333333334 0.5111111111111111 0.109375 0.3333333333333333
0 0.7822916666666667 0.5416666666666666 0.18541666666666667 0.3351851851851852
0 0.134375 0.08518518518518518 0.10208333333333333 0.17037037037037037
0 0.46197916666666666 0.8851851851851852 0.159375 0.22592592592592592
0 0.08125 0.9481481481481482 0.15 0.1
0 0.24583333333333332 0.11574074074074074 0.11666666666666667 0.23148148148148148
0 0.6380208333333334 0.13148148148148148 0.15520833333333334 0.26296296296296295
