0 0.49895833333333334 0.21296296296296297 0.022916666666666665 0.1
0 0.15833333333333333 0.24537037037037038 0.029166666666666667 0.11296296296296296
0 0.21510416666666668 0.26666666666666666 0.028125 0.09259259259259259
0 0.5057291666666667 0.2796296296296296 0.023958333333333335 0.1037037037037037
0 0.178125 0.28055555555555556 0.025 0.09814814814814815
0 0.4270833333333333 0.28055555555555556 0.027083333333333334 0.10555555555555556
0 0.5885416666666666 0.32407407407407407 0.022916666666666665 0.07777777777777778
0 0.553125 0.3314814814814815 0.03125 0.07407407407407407
0 0.6921875 0.36666666666666664 0.023958333333333335 0.09259259259259259
0 0.5796875 0.3907407407407407 0.021875 0.08888888888888889
0 0.6697916666666667 0.4009259259259259 0.027083333333333334 0.09074074074074075
0 0.9510416666666667 0.4046296296296296 0.029166666666666667 0.11666666666666667
0 0.43125 0.4148148148148148 0.020833333333333332 0.08888888888888889
0 0.45677083333333335 0.43425925925925923 0.023958333333333335 0.09814814814814815
0 0.9817708333333334 0.5120370370370371 0.034375 0.12407407407407407
0 0.6119791666666666 0.5435185185185185 0.03229166666666667 0.11666666666666667
0 0.010416666666666666 0.5583333333333333 0.020833333333333332 0.09814814814814815
0 0.125 0.5861111111111111 0.03958333333333333 0.11666666666666667
0 0.5171875 0.612037037037037 0.021875 0.07962962962962963
0 0.16614583333333333 0.6148148148148148 0.021875 0.08888888888888889
0 0.24895833333333334 0.6175925925925926 0.027083333333333334 0.10185185185185185
0 0.1921875 0.6185185185185185 0.023958333333333335 0.09259259259259259
0 0.21875 0.6222222222222222 0.029166666666666667 0.1037037037037037
0 0.5026041666666666 0.6324074074074074 0.021875 0.08333333333333333
0 0.5645833333333333 0.6333333333333333 0.027083333333333334 0.0962962962962963
0 0.5447916666666667 0.6583333333333333 0.027083333333333334 0.07962962962962963
0 0.1484375 0.6703703703703704 0.017708333333333333 0.0962962962962963
0 0.11875 0.6712962962962963 0.029166666666666667 0.09074074074074075
0 0.3411458333333333 0.07685185185185185 0.028125 0.09814814814814815
0 0.04895833333333333 0.9083333333333333 0.04791666666666667 0.10555555555555556
0 0.4666666666666667 0.9435185185185185 0.035416666666666666 0.09074074074074075
0 0.6885416666666667 0.9694444444444444 0.03333333333333333 0.05740740740740741