0 0.546875 0.02962962962962963 0.027083333333333334 0.05925925925925926
0 0.18020833333333333 0.31203703703703706 0.029166666666666667 0.06851851851851852
0 0.5682291666666667 0.032407407407407406 0.019791666666666666 0.06481481481481481
0 0.29375 0.34814814814814815 0.029166666666666667 0.08518518518518518
0 0.26458333333333334 0.35462962962962963 0.027083333333333334 0.09444444444444444
0 0.9807291666666667 0.3685185185185185 0.028125 0.08888888888888889
0 0.165625 0.37222222222222223 0.025 0.0962962962962963
0 0.196875 0.38055555555555554 0.025 0.07962962962962963
0 0.9572916666666667 0.3907407407407407 0.022916666666666665 0.08518518518518518
0 0.24166666666666667 0.39537037037037037 0.029166666666666667 0.09814814814814815
0 0.21979166666666666 0.4046296296296296 0.025 0.12037037037037036
0 0.921875 0.4666666666666667 0.022916666666666665 0.08888888888888889
0 0.5854166666666667 0.05555555555555555 0.029166666666666667 0.1
0 0.86875 0.5962962962962963 0.029166666666666667 0.09259259259259259
0 0.049479166666666664 0.5990740740740741 0.028125 0.08333333333333333
0 0.8505208333333333 0.6268518518518519 0.028125 0.08703703703703704
0 0.9677083333333333 0.6361111111111111 0.029166666666666667 0.09814814814814815
0 0.5041666666666667 0.06851851851851852 0.029166666666666667 0.09259259259259259
0 0.5354166666666667 0.07685185185185185 0.022916666666666665 0.09814814814814815
0 0.8223958333333333 0.8148148148148148 0.040625 0.1037037037037037
0 0.6166666666666667 0.8833333333333333 0.022916666666666665 0.08518518518518518
0 0.59375 0.9092592592592592 0.022916666666666665 0.09259259259259259
0 0.6723958333333333 0.9175925925925926 0.023958333333333335 0.10555555555555556
0 0.6432291666666666 0.9203703703703704 0.026041666666666668 0.07407407407407407
0 0.8234375 0.9481481481481482 0.042708333333333334 0.1
0 0.7192708333333333 0.9629629629629629 0.034375 0.07037037037037037
0 0.7572916666666667 0.9712962962962963 0.029166666666666667 0.053703703703703705
0 0.9609375 0.10092592592592593 0.023958333333333335 0.11666666666666667
0 0.7494791666666667 0.1398148148148148 0.026041666666666668 0.10185185185185185
