0 0.5911458333333334 0.2574074074074074 0.026041666666666668 0.08148148148148149
0 0.31666666666666665 0.2638888888888889 0.022916666666666665 0.10925925925925926
0 0.5755208333333334 0.2916666666666667 0.030208333333333334 0.09444444444444444
0 0.36770833333333336 0.4083333333333333 0.022916666666666665 0.09444444444444444
0 0.0140625 0.4666666666666667 0.028125 0.0962962962962963
0 0.08854166666666667 0.4703703703703704 0.025 0.0962962962962963
0 0.5177083333333333 0.48518518518518516 0.025 0.09259259259259259
0 0.13541666666666666 0.487962962962963 0.027083333333333334 0.10555555555555556
0 0.4708333333333333 0.49166666666666664 0.016666666666666666 0.10185185185185185
0 0.4036458333333333 0.49537037037037035 0.028125 0.08703703703703704
0 0.4479166666666667 0.5064814814814815 0.020833333333333332 0.07962962962962963
0 0.109375 0.512962962962963 0.029166666666666667 0.09259259259259259
0 0.4984375 0.5166666666666667 0.021875 0.08518518518518518
0 0.42916666666666664 0.5194444444444445 0.020833333333333332 0.06481481481481481
0 0.5833333333333334 0.5638888888888889 0.022916666666666665 0.10185185185185185
0 0.5427083333333333 0.5685185185185185 0.025 0.09259259259259259
0 0.9869791666666666 0.5972222222222222 0.023958333333333335 0.10555555555555556
0 0.5588541666666667 0.6166666666666667 0.030208333333333334 0.08518518518518518
0 0.9270833333333334 0.6175925925925926 0.03958333333333333 0.11296296296296296
0 0.434375 0.6222222222222222 0.025 0.09259259259259259
0 0.45729166666666665 0.6342592592592593 0.022916666666666665 0.08703703703703704
0 0.9598958333333333 0.7074074074074074 0.03854166666666667 0.09259259259259259
0 0.4625 0.7296296296296296 0.035416666666666666 0.1111111111111111
0 0.23385416666666667 0.7601851851851852 0.021875 0.11666666666666667
0 0.203125 0.7611111111111111 0.027083333333333334 0.1037037037037037
0 0.1734375 0.7685185185185185 0.030208333333333334 0.1037037037037037
0 0.13333333333333333 0.774074074074074 0.027083333333333334 0.12222222222222222
0 0.10572916666666667 0.7759259259259259 0.019791666666666666 0.08148148148148149
0 0.058333333333333334 0.7824074074074074 0.03125 0.11666666666666667
0 0.08958333333333333 0.7870370370370371 0.027083333333333334 0.08888888888888889
0 0.128125 0.8314814814814815 0.022916666666666665 0.09259259259259259
0 0.10364583333333334 0.8361111111111111 0.019791666666666666 0.09444444444444444
0 0.5739583333333333 0.9064814814814814 0.020833333333333332 0.07962962962962963
0 0.678125 0.9722222222222222 0.029166666666666667 0.05185185185185185
0 0.33541666666666664 0.10277777777777777 0.03333333333333333 0.10555555555555556
0 0.35885416666666664 0.11574074074074074 0.021875 0.09814814814814815
0 0.2760416666666667 0.13703703703703704 0.025 0.0962962962962963