0 0.28125 0.2604166666666667 0.0546875 0.15208333333333332
0 0.246875 0.26458333333333334 0.0421875 0.14583333333333334
0 0.64765625 0.265625 0.04375 0.11875
0 0.384375 0.51875 0.0453125 0.058333333333333334
0 0.40625 0.5333333333333333 0.0265625 0.058333333333333334
0 0.11953125 0.540625 0.0640625 0.2
0 0.59609375 0.565625 0.1140625 0.175
0 0.50390625 0.6083333333333333 0.0640625 0.17708333333333334
0 0.4546875 0.8114583333333333 0.103125 0.2916666666666667
0 0.82890625 0.903125 0.09375 0.19166666666666668
0 0.22578125 0.09375 0.0234375 0.06666666666666667
0 0.65390625 0.1 0.0265625 0.06875
0 0.2125 0.10104166666666667 0.0171875 0.06041666666666667
0 0.27578125 0.11458333333333333 0.021875 0.05625
0 0.29765625 0.13333333333333333 0.03125 0.09791666666666667
0 0.203125 0.13958333333333334 0.0421875 0.08333333333333333
0 0.6484375 0.15625 0.0453125 0.0875
0 0.7359375 0.16354166666666667 0.0390625 0.10625
0 0.23125 0.16770833333333332 0.0296875 0.09791666666666667
0 0.18671875 0.18229166666666666 0.03125 0.13541666666666666
