0 0.81015625 0.303125 0.05 0.15
0 0.565625 0.49375 0.0296875 0.058333333333333334
0 0.39296875 0.521875 0.0578125 0.06041666666666667
0 0.61484375 0.5854166666666667 0.08125 0.12083333333333333
0 0.503125 0.6072916666666667 0.0609375 0.17916666666666667
0 0.8609375 0.8333333333333334 0.0828125 0.2791666666666667
0 0.778125 0.85 0.0859375 0.2708333333333333
0 0.44921875 0.8614583333333333 0.0875 0.27708333333333335
0 0.196875 0.08854166666666667 0.0328125 0.09791666666666667
0 0.27890625 0.115625 0.025 0.06041666666666667
0 0.61015625 0.11875 0.0265625 0.04791666666666667
0 0.31875 0.12083333333333333 0.03125 0.06666666666666667
0 0.6171875 0.165625 0.0390625 0.1
