0 0.703125 0.24791666666666667 0.040625 0.14583333333333334
0 0.665625 0.25104166666666666 0.040625 0.15416666666666667
0 0.6375 0.25833333333333336 0.040625 0.14583333333333334
0 0.74296875 0.26145833333333335 0.040625 0.14791666666666667
0 0.26015625 0.296875 0.046875 0.14375
0 0.87578125 0.440625 0.0421875 0.10208333333333333
0 0.5421875 0.471875 0.0328125 0.06041666666666667
0 0.578125 0.5177083333333333 0.0578125 0.09375
0 0.39296875 0.5208333333333334 0.05625 0.0625
0 0.8890625 0.5375 0.065625 0.21875
0 0.778125 0.553125 0.0671875 0.23125
0 0.7109375 0.55625 0.0640625 0.21875
0 0.58203125 0.5885416666666666 0.103125 0.17291666666666666
0 0.503125 0.6010416666666667 0.0609375 0.16666666666666666
0 0.46796875 0.74375 0.0640625 0.22916666666666666
0 0.18984375 0.896875 0.0796875 0.20208333333333334
0 0.20625 0.10520833333333333 0.0203125 0.07708333333333334
0 0.27890625 0.11458333333333333 0.0234375 0.05625
0 0.2640625 0.11666666666666667 0.0171875 0.058333333333333334
0 0.3203125 0.12083333333333333 0.028125 0.06666666666666667
0 0.72734375 0.16458333333333333 0.03125 0.075
0 0.75703125 0.17395833333333333 0.03125 0.09791666666666667
