0 0.271875 0.26875 0.0390625 0.14166666666666666
0 0.715625 0.2708333333333333 0.0421875 0.15833333333333333
0 0.66796875 0.278125 0.0421875 0.15416666666666667
0 0.63046875 0.28125 0.05 0.14791666666666667
0 0.88203125 0.48333333333333334 0.0390625 0.18333333333333332
0 0.8609375 0.48854166666666665 0.0671875 0.18958333333333333
0 0.72421875 0.4895833333333333 0.0609375 0.19583333333333333
0 0.77109375 0.49270833333333336 0.0640625 0.20625
0 0.58828125 0.575 0.103125 0.15833333333333333
0 0.6140625 0.5833333333333334 0.08125 0.12083333333333333
0 0.50234375 0.6 0.0625 0.16458333333333333
0 0.4734375 0.7510416666666667 0.06875 0.23125
0 0.2734375 0.8947916666666667 0.059375 0.21041666666666667
0 0.1953125 0.115625 0.0265625 0.09583333333333334
0 0.7203125 0.18020833333333333 0.0328125 0.07291666666666667
