0 0.5307291666666667 0.32175925925925924 0.01875 0.03796296296296296
0 0.5356770833333333 0.4425925925925926 0.021354166666666667 0.046296296296296294
0 0.48932291666666666 0.4685185185185185 0.0203125 0.03518518518518519
0 0.5776041666666667 0.4699074074074074 0.017708333333333333 0.06018518518518518
0 0.6041666666666666 0.49722222222222223 0.019791666666666666 0.025925925925925925
0 0.54140625 0.537962962962963 0.0140625 0.05185185185185185
0 0.5606770833333333 0.5462962962962963 0.021354166666666667 0.05555555555555555
0 0.5080729166666667 0.5462962962962963 0.019270833333333334 0.05555555555555555
0 0.4549479166666667 0.5694444444444444 0.024479166666666666 0.05555555555555555
0 0.7091145833333333 0.6662037037037037 0.0265625 0.049074074074074076
