0 0.5708333333333333 0.24768518518518517 0.01875 0.04537037037037037
0 0.5104166666666666 0.2638888888888889 0.017708333333333333 0.037037037037037035
0 0.5166666666666667 0.5078703703703704 0.028125 0.03981481481481482
0 0.53203125 0.6449074074074074 0.025520833333333333 0.03981481481481482
0 0.71015625 0.663425925925926 0.021354166666666667 0.049074074074074076
0 0.571875 0.6717592592592593 0.023958333333333335 0.041666666666666664
0 0.12057291666666667 0.7138888888888889 0.0359375 0.05185185185185185
0 0.5005208333333333 0.7592592592592593 0.016666666666666666 0.04259259259259259
0 0.45651041666666664 0.7606481481481482 0.0203125 0.03981481481481482
0 0.5377604166666666 0.7611111111111111 0.022395833333333334 0.040740740740740744
0 0.5520833333333334 0.7810185185185186 0.017708333333333333 0.049074074074074076
