0 0.1988255033557047 0.31398809523809523 0.015100671140939598 0.03869047619047619
0 0.6317114093959731 0.3392857142857143 0.031879194630872486 0.047619047619047616
0 0.18456375838926176 0.34375 0.02348993288590604 0.03869047619047619
0 0.10234899328859061 0.3601190476190476 0.030201342281879196 0.041666666666666664
0 0.17953020134228187 0.36755952380952384 0.030201342281879196 0.03869047619047619
0 0.23993288590604026 0.44642857142857145 0.020134228187919462 0.047619047619047616
0 0.17114093959731544 0.49702380952380953 0.030201342281879196 0.03571428571428571
0 0.23741610738255034 0.5595238095238095 0.028523489932885907 0.047619047619047616
0 0.2273489932885906 0.5967261904761905 0.018456375838926176 0.03869047619047619
0 0.4228187919463087 0.5997023809523809 0.03355704697986577 0.050595238095238096
0 0.26677852348993286 0.6592261904761905 0.030201342281879196 0.050595238095238096
0 0.6728187919463087 0.7574404761904762 0.030201342281879196 0.044642857142857144
0 0.31208053691275167 0.8407738095238095 0.040268456375838924 0.03869047619047619
0 0.11661073825503356 0.8586309523809523 0.03859060402684564 0.03273809523809524
0 0.5562080536912751 0.9315476190476191 0.031879194630872486 0.041666666666666664
0 0.11241610738255034 0.9523809523809523 0.04697986577181208 0.05952380952380952
0 0.6795302013422819 0.9761904761904762 0.03355704697986577 0.041666666666666664
