0 0.08389261744966443 0.29910714285714285 0.040268456375838924 0.08035714285714286
0 0.8976510067114094 0.32589285714285715 0.040268456375838924 0.12202380952380952
0 0.5369127516778524 0.3586309523809524 0.0436241610738255 0.09821428571428571
0 0.06711409395973154 0.3869047619047619 0.053691275167785234 0.14285714285714285
0 0.20302013422818793 0.4419642857142857 0.0436241610738255 0.13392857142857142
0 0.5075503355704698 0.44494047619047616 0.03523489932885906 0.08035714285714286
0 0.537751677852349 0.44642857142857145 0.04194630872483222 0.10714285714285714
0 0.5318791946308725 0.5267857142857143 0.03355704697986577 0.125
0 0.5041946308724832 0.5461309523809523 0.031879194630872486 0.09821428571428571
0 0.2860738255033557 0.5610119047619048 0.03523489932885906 0.11011904761904762
0 0.2709731543624161 0.5967261904761905 0.03859060402684564 0.12202380952380952
0 0.16946308724832215 0.6220238095238095 0.0436241610738255 0.10714285714285714
0 0.22399328859060402 0.06696428571428571 0.06208053691275168 0.12797619047619047
0 0.49328859060402686 0.65625 0.04697986577181208 0.13392857142857142
0 0.9890939597315436 0.6651785714285714 0.018456375838926176 0.06845238095238096
0 0.16023489932885907 0.6815476190476191 0.05201342281879195 0.125
0 0.4471476510067114 0.7023809523809523 0.04194630872483222 0.1130952380952381
0 0.7927852348993288 0.7306547619047619 0.04530201342281879 0.12202380952380952
0 0.4354026845637584 0.07589285714285714 0.028523489932885907 0.10416666666666667
0 0.9865771812080537 0.7559523809523809 0.02348993288590604 0.125
0 0.42449664429530204 0.7752976190476191 0.04697986577181208 0.09821428571428571
0 0.11996644295302013 0.7857142857142857 0.08221476510067115 0.10119047619047619
0 0.125 0.9360119047619048 0.04194630872483222 0.10416666666666667
0 0.41778523489932884 0.1130952380952381 0.030201342281879196 0.11904761904761904
0 0.8506711409395973 0.12648809523809523 0.0436241610738255 0.12797619047619047
0 0.4110738255033557 0.15625 0.030201342281879196 0.11607142857142858
0 0.6451342281879194 0.1875 0.03859060402684564 0.08928571428571429
0 0.22651006711409397 0.19940476190476192 0.03691275167785235 0.10714285714285714
0 0.6174496644295302 0.22023809523809523 0.03691275167785235 0.11904761904761904
0 0.3213087248322148 0.22470238095238096 0.04530201342281879 0.15178571428571427
0 0.09899328859060402 0.23065476190476192 0.05704697986577181 0.11011904761904762
0 0.9278523489932886 0.2619047619047619 0.040268456375838924 0.1130952380952381
0 0.6568791946308725 0.28125 0.05536912751677853 0.12797619047619047