0 0.697265625 0.1890625 0.0765625 0.146875
0 0.755078125 0.17447916666666666 0.04453125 0.10729166666666666
0 0.541796875 0.5182291666666666 0.08828125 0.090625
0 0.803515625 0.16770833333333332 0.0609375 0.08020833333333334
0 0.503515625 0.40625 0.06171875 0.10729166666666666
0 0.474609375 0.49895833333333334 0.040625 0.084375
0 0.62265625 0.5338541666666666 0.0828125 0.084375
0 0.292578125 0.39375 0.1 0.115625
0 0.4 0.4484375 0.07421875 0.14270833333333333
0 0.170703125 0.465625 0.11015625 0.096875
0 0.253125 0.48385416666666664 0.09296875 0.10104166666666667
0 0.469921875 0.6239583333333333 0.07890625 0.109375
0 0.55234375 0.6135416666666667 0.0828125 0.09270833333333334
0 0.680859375 0.6119791666666666 0.1046875 0.08333333333333333
0 0.8234375 0.48541666666666666 0.0921875 0.115625
0 0.82890625 0.5979166666666667 0.11953125 0.096875
0 0.714453125 0.5166666666666667 0.10859375 0.15520833333333334