0 0.584375 0.4166666666666667 0.084375 0.16979166666666667
0 0.67734375 0.4114583333333333 0.0796875 0.175
0 0.9015625 0.5421875 0.1 0.14479166666666668
0 0.523046875 0.7166666666666667 0.07421875 0.153125
0 0.976953125 0.7494791666666667 0.0453125 0.134375
0 0.5953125 0.125 0.08671875 0.16354166666666667
0 0.133203125 0.13333333333333333 0.06171875 0.09270833333333334
0 0.043359375 0.14114583333333333 0.0765625 0.16666666666666666
0 0.8828125 0.7510416666666667 0.08984375 0.12604166666666666
0 0.140234375 0.34739583333333335 0.12421875 0.121875
0 0.1859375 0.4635416666666667 0.096875 0.11354166666666667
0 0.039453125 0.33177083333333335 0.0625 0.096875
0 0.10234375 0.46145833333333336 0.0875 0.11145833333333334
0 0.272265625 0.17864583333333334 0.06328125 0.08854166666666667
0 0.15234375 0.9291666666666667 0.1359375 0.134375
0 0.373828125 0.19322916666666667 0.09765625 0.15520833333333334
0 0.344140625 0.7703125 0.12265625 0.22604166666666667
0 0.172265625 0.675 0.11484375 0.16354166666666667
0 0.925 0.1171875 0.096875 0.14583333333333334