0 0.68828125 0.175 0.0765625 0.15729166666666666
0 0.1828125 0.5776041666666667 0.1359375 0.1
0 0.378125 0.3640625 0.0828125 0.13020833333333334
0 0.656640625 0.3953125 0.07890625 0.07604166666666666
0 0.6515625 0.4484375 0.0515625 0.040625
0 0.694140625 0.5286458333333334 0.06796875 0.07916666666666666
0 0.72734375 0.621875 0.0890625 0.1125
0 0.472265625 0.37916666666666665 0.09296875 0.12395833333333334
0 0.77734375 0.5057291666666667 0.1015625 0.08854166666666667
0 0.63671875 0.6239583333333333 0.0921875 0.13854166666666667
0 0.5609375 0.42291666666666666 0.0875 0.12083333333333333
0 0.43359375 0.4895833333333333 0.0890625 0.10416666666666667
0 0.3125 0.47760416666666666 0.109375 0.096875
0 0.833984375 0.5869791666666667 0.11015625 0.109375
0 0.755078125 0.17552083333333332 0.06171875 0.10729166666666666