0 0.75703125 0.19479166666666667 0.09375 0.15520833333333334
0 0.080859375 0.20052083333333334 0.075 0.09270833333333334
0 0.347265625 0.6270833333333333 0.09765625 0.0875
0 0.6140625 0.4296875 0.0828125 0.109375
0 0.758984375 0.6760416666666667 0.09140625 0.121875
0 0.80078125 0.3723958333333333 0.1171875 0.13645833333333332
0 0.8078125 0.4947916666666667 0.1140625 0.10520833333333333
0 0.932421875 0.4625 0.13203125 0.09166666666666666
0 0.455859375 0.5895833333333333 0.08125 0.11145833333333334
0 0.829296875 0.6078125 0.103125 0.109375
0 0.558203125 0.5083333333333333 0.07421875 0.103125
0 0.183203125 0.5927083333333333 0.16953125 0.103125
0 0.687890625 0.5197916666666667 0.0859375 0.10416666666666667
0 0.676953125 0.3885416666666667 0.07890625 0.12395833333333334
0 0.4515625 0.4557291666666667 0.075 0.10520833333333333
0 0.3390625 0.525 0.1171875 0.1