0 0.178125 0.4473958333333333 0.09375 0.13333333333333333
0 0.531640625 0.40208333333333335 0.078125 0.14479166666666668
0 0.610546875 0.4109375 0.10390625 0.171875
0 0.575390625 0.5541666666666667 0.07890625 0.146875
0 0.7234375 0.5125 0.1046875 0.15
0 0.827734375 0.51875 0.096875 0.1125
0 0.781640625 0.40989583333333335 0.11796875 0.096875
0 0.898828125 0.3614583333333333 0.12890625 0.171875
0 0.808984375 0.1953125 0.0421875 0.1375
0 0.7609375 0.19322916666666667 0.0609375 0.15
0 0.691015625 0.18697916666666667 0.08828125 0.1875
0 0.29765625 0.3609375 0.1 0.13333333333333333
0 0.057421875 0.6229166666666667 0.11171875 0.146875
0 0.27421875 0.47291666666666665 0.08828125 0.12916666666666668
0 0.380859375 0.5140625 0.09609375 0.13333333333333333
0 0.385546875 0.3859375 0.08203125 0.11666666666666667
0 0.058203125 0.48541666666666666 0.11640625 0.12604166666666666