0 0.584765625 0.40729166666666666 0.078125 0.15729166666666666
0 0.6625 0.4166666666666667 0.06171875 0.16770833333333332
0 0.919921875 0.109375 0.1046875 0.15520833333333334
0 0.901171875 0.5541666666666667 0.1046875 0.14479166666666668
0 0.902734375 0.7401041666666667 0.1046875 0.17083333333333334
0 0.21640625 0.06302083333333333 0.1203125 0.12395833333333334
0 0.125 0.051041666666666666 0.06171875 0.1
0 0.59765625 0.11666666666666667 0.0859375 0.178125
0 0.199609375 0.45989583333333334 0.109375 0.13645833333333332
0 0.17734375 0.6489583333333333 0.1140625 0.17395833333333333
0 0.10390625 0.30572916666666666 0.06640625 0.146875
0 0.103125 0.4140625 0.0859375 0.14479166666666668
0 0.10546875 0.934375 0.125 0.128125
0 0.1875 0.3328125 0.07890625 0.115625
0 0.494921875 0.7317708333333334 0.08046875 0.11354166666666667
0 0.24375 0.9098958333333333 0.140625 0.175