0 0.7890625 0.1859375 0.0765625 0.175
0 0.931640625 0.4114583333333333 0.13203125 0.0875
0 0.138671875 0.6755208333333333 0.14921875 0.11666666666666667
0 0.16640625 0.4401041666666667 0.1359375 0.11354166666666667
0 0.276171875 0.46822916666666664 0.09453125 0.13854166666666667
0 0.342578125 0.4317708333333333 0.0546875 0.1375
0 0.448046875 0.3765625 0.08671875 0.14583333333333334
0 0.4671875 0.484375 0.0953125 0.14166666666666666
0 0.380859375 0.3890625 0.07421875 0.13645833333333332
0 0.107421875 0.5354166666666667 0.1484375 0.115625
0 0.69765625 0.19270833333333334 0.0890625 0.15520833333333334
0 0.588671875 0.3859375 0.10859375 0.128125
0 0.677734375 0.44375 0.09140625 0.140625
0 0.810546875 0.5104166666666666 0.10703125 0.10729166666666666
0 0.57734375 0.5453125 0.096875 0.115625