0 0.6859375 0.175 0.0765625 0.20520833333333333
0 0.783203125 0.1796875 0.0765625 0.175
0 0.573046875 0.36822916666666666 0.08203125 0.15520833333333334
0 0.49609375 0.3890625 0.065625 0.140625
0 0.69375 0.36666666666666664 0.109375 0.13645833333333332
0 0.789453125 0.4401041666666667 0.10390625 0.13854166666666667
0 0.931640625 0.4114583333333333 0.13203125 0.0875
0 0.125 0.6572916666666667 0.14921875 0.11666666666666667
0 0.109375 0.5453125 0.140625 0.10104166666666667
0 0.673828125 0.5427083333333333 0.1078125 0.16145833333333334
0 0.16640625 0.440625 0.1359375 0.11354166666666667
0 0.30078125 0.4713541666666667 0.1265625 0.1375
0 0.413671875 0.4375 0.08828125 0.175
0 0.5640625 0.4744791666666667 0.0859375 0.12916666666666668