0 0.7015625 0.17552083333333332 0.07578125 0.15416666666666667
0 0.78125 0.19635416666666666 0.0796875 0.10520833333333333
0 0.413671875 0.3848958333333333 0.0671875 0.11666666666666667
0 0.3703125 0.475 0.0859375 0.11145833333333334
0 0.564453125 0.46822916666666664 0.07578125 0.11354166666666667
0 0.484375 0.3546875 0.08125 0.11770833333333333
0 0.16484375 0.6734375 0.13828125 0.11979166666666667
0 0.74453125 0.5078125 0.1046875 0.115625
0 0.66015625 0.44427083333333334 0.065625 0.06666666666666667
0 0.471484375 0.4791666666666667 0.0671875 0.09270833333333334
0 0.19296875 0.475 0.1515625 0.1
0 0.0625 0.5046875 0.11640625 0.090625
0 0.651953125 0.3875 0.08828125 0.09479166666666666
0 0.659765625 0.6130208333333333 0.09296875 0.125
0 0.749609375 0.6098958333333333 0.1015625 0.10416666666666667
0 0.81484375 0.5036458333333333 0.0890625 0.10416666666666667
0 0.141796875 0.565625 0.121875 0.078125
0 0.90625 0.5833333333333334 0.1171875 0.125