0 0.750390625 0.20833333333333334 0.08984375 0.15104166666666666
0 0.57734375 0.5416666666666666 0.08828125 0.096875
0 0.51640625 0.45416666666666666 0.075 0.128125
0 0.5796875 0.6364583333333333 0.12578125 0.128125
0 0.751171875 0.4192708333333333 0.10390625 0.14166666666666666
0 0.8296875 0.45 0.0828125 0.15833333333333333
0 0.91328125 0.4166666666666667 0.0890625 0.153125
0 0.416796875 0.41510416666666666 0.08671875 0.13020833333333334
0 0.439453125 0.5901041666666667 0.109375 0.11354166666666667
0 0.63359375 0.4317708333333333 0.0921875 0.15
0 0.2359375 0.41875 0.10625 0.159375
0 0.083203125 0.4359375 0.15859375 0.09479166666666666