0 0.69140625 0.33541666666666664 0.10703125 0.13333333333333333
0 0.69453125 0.4708333333333333 0.0984375 0.115625
0 0.157421875 0.3578125 0.11953125 0.10833333333333334
0 0.513671875 0.44635416666666666 0.08671875 0.1375
0 0.501171875 0.6135416666666667 0.0875 0.15416666666666667
0 0.69140625 0.33541666666666664 0.10703125 0.13333333333333333
0 0.69453125 0.4708333333333333 0.0984375 0.115625
0 0.157421875 0.3578125 0.11953125 0.10833333333333334
0 0.513671875 0.44635416666666666 0.08671875 0.1375
0 0.499609375 0.6145833333333334 0.0875 0.15416666666666667
0 0.136328125 0.4197916666666667 0.14921875 0.08645833333333333
0 0.4109375 0.3984375 0.084375 0.13645833333333332
0 0.359375 0.5604166666666667 0.1 0.11979166666666667
0 0.787109375 0.2921875 0.07890625 0.11354166666666667
0 0.04921875 0.32083333333333336 0.0875 0.11666666666666667
0 0.27109375 0.4119791666666667 0.1046875 0.14895833333333333
0 0.67109375 0.13125 0.1328125 0.215625