0 0.5828125 0.42135416666666664 0.0703125 0.15104166666666666
0 0.662109375 0.4203125 0.07265625 0.14270833333333333
0 0.61328125 0.17239583333333333 0.084375 0.178125
0 0.906640625 0.5369791666666667 0.109375 0.17083333333333334
0 0.898046875 0.7453125 0.10546875 0.14479166666666668
0 0.974609375 0.7348958333333333 0.04921875 0.14479166666666668
0 0.521875 0.6942708333333333 0.078125 0.14479166666666668
0 0.205078125 0.484375 0.078125 0.13854166666666667
0 0.096484375 0.4557291666666667 0.09140625 0.14583333333333334
0 0.116015625 0.3177083333333333 0.08046875 0.09895833333333333
0 0.254296875 0.3651041666666667 0.14453125 0.11666666666666667
0 0.178515625 0.6796875 0.1171875 0.178125
0 0.270703125 0.15625 0.07578125 0.11770833333333333
0 0.1453125 0.9135416666666667 0.13671875 0.17291666666666666
0 0.04375 0.12916666666666668 0.0875 0.16979166666666667
0 0.124609375 0.14166666666666666 0.06640625 0.096875
0 0.9203125 0.10260416666666666 0.1 0.16979166666666667
0 0.171484375 0.09114583333333333 0.11484375 0.12395833333333334